8 0.098366 0.109217 0.023438 0.041667
10 0.046520 0.184975 0.023438 0.041667
28 0.072088 0.269571 0.033381 0.059343
1 0.080611 0.341540 0.029119 0.051768
4 0.034446 0.418561 0.030540 0.054293
9 0.055398 0.489899 0.025568 0.045455
19 0.102273 0.571970 0.032670 0.058081
24 0.027699 0.642677 0.026989 0.047980
21 0.046520 0.711490 0.019176 0.034091
4 0.259588 0.342803 0.030540 0.054293
8 0.339134 0.429924 0.023438 0.041667
18 0.643111 0.303662 0.017756 0.031566
26 0.310724 0.931187 0.017756 0.031566
16 0.250355 0.173611 0.033381 0.059343