9 0.052557 0.111111 0.025568 0.045455
4 0.111151 0.191288 0.030540 0.054293
20 0.107599 0.265783 0.029119 0.051768
1 0.046520 0.341540 0.029119 0.051768
17 0.091264 0.414773 0.026278 0.046717
11 0.038352 0.486111 0.021307 0.037879
26 0.107599 0.558712 0.017756 0.031566
10 0.087003 0.639520 0.023438 0.041667
16 0.055753 0.724116 0.033381 0.059343
2 0.319602 0.626263 0.018466 0.032828
26 0.403764 0.258207 0.017756 0.031566
12 0.516335 0.455808 0.024148 0.042929
24 0.208807 0.434343 0.026989 0.047980
13 0.660866 0.601641 0.017756 0.031566