9 0.092330 0.111111 0.025568 0.045455
22 0.051847 0.190657 0.029830 0.053030
7 0.078480 0.256944 0.019176 0.034091
6 0.052912 0.342803 0.030540 0.054293
16 0.045810 0.421086 0.033381 0.059343
20 0.086293 0.493056 0.029119 0.051768
2 0.039773 0.559343 0.018466 0.032828
28 0.074219 0.648359 0.033381 0.059343
0 0.042259 0.721591 0.030540 0.054293
1 0.097656 0.796086 0.029119 0.051768
5 0.400213 0.744318 0.029119 0.051768
0 0.240412 0.898359 0.030540 0.054293
16 0.361151 0.267045 0.033381 0.059343
4 0.209872 0.268308 0.030540 0.054293