18 0.113281 0.104167 0.017756 0.031566
19 0.033381 0.193182 0.032670 0.058081
28 0.093395 0.269571 0.033381 0.059343
27 0.103693 0.340909 0.028409 0.050505
11 0.085227 0.410354 0.021307 0.037879
2 0.046165 0.483586 0.018466 0.032828
17 0.114702 0.566288 0.026278 0.046717
9 0.036222 0.641414 0.025568 0.045455
22 0.068182 0.720960 0.029830 0.053030
1 0.108310 0.796086 0.029119 0.051768
13 0.514560 0.126894 0.017756 0.031566
9 0.169744 0.404040 0.025568 0.045455
14 0.563565 0.462753 0.019176 0.034091
6 0.737571 0.505682 0.030540 0.054293
20 0.910866 0.629419 0.029119 0.051768