10 0.069247 0.109217 0.023438 0.041667
26 0.113991 0.179924 0.017756 0.031566
27 0.075284 0.265152 0.028409 0.050505
1 0.074219 0.341540 0.029119 0.051768
17 0.044389 0.414773 0.026278 0.046717
18 0.045810 0.482955 0.017756 0.031566
21 0.100497 0.559975 0.019176 0.034091
9 0.064631 0.641414 0.025568 0.045455
16 0.604759 0.922348 0.033381 0.059343
3 0.895241 0.750631 0.023438 0.041667
27 0.507812 0.667929 0.028409 0.050505
26 0.756037 0.624369 0.017756 0.031566
24 0.214489 0.386364 0.026989 0.047980