29 0.049361 0.118056 0.033381 0.059343
0 0.110440 0.191288 0.030540 0.054293
3 0.033026 0.260732 0.023438 0.041667
25 0.047585 0.345960 0.034091 0.060606
23 0.072088 0.412247 0.023438 0.041667
17 0.101207 0.490530 0.026278 0.046717
9 0.076705 0.565657 0.025568 0.045455
8 0.091974 0.639520 0.023438 0.041667
22 0.044744 0.720960 0.029830 0.053030
7 0.059304 0.787247 0.019176 0.034091
5 0.070668 0.871843 0.029119 0.051768
26 0.177202 0.525884 0.017756 0.031566
7 0.963423 0.364268 0.019176 0.034091
4 0.744673 0.400884 0.030540 0.054293
24 0.599432 0.377525 0.026989 0.047980