21 0.060014 0.105429 0.019176 0.034091
4 0.082031 0.191288 0.030540 0.054293
26 0.033736 0.255682 0.017756 0.031566
28 0.033736 0.345328 0.033381 0.059343
11 0.068892 0.410354 0.021307 0.037879
2 0.102273 0.483586 0.018466 0.032828
14 0.054332 0.559975 0.019176 0.034091
23 0.095526 0.639520 0.023438 0.041667
19 0.033381 0.723485 0.032670 0.058081
24 0.708807 0.377525 0.026989 0.047980
2 0.882812 0.462121 0.018466 0.032828
14 0.312855 0.542298 0.019176 0.034091
3 0.579190 0.821338 0.023438 0.041667
12 0.870028 0.622475 0.024148 0.042929