21 0.060724 0.105429 0.019176 0.034091
0 0.081321 0.191288 0.030540 0.054293
15 0.039062 0.256313 0.018466 0.032828
25 0.073864 0.345960 0.034091 0.060606
10 0.106179 0.412247 0.023438 0.041667
19 0.096591 0.496212 0.032670 0.058081
4 0.042969 0.570076 0.030540 0.054293
16 0.096946 0.648359 0.033381 0.059343
9 0.044034 0.717172 0.025568 0.045455
7 0.106179 0.787247 0.019176 0.034091
28 0.065696 0.875631 0.033381 0.059343
12 0.830966 0.518939 0.024148 0.042929
10 0.236861 0.914773 0.023438 0.041667
16 0.517401 0.779672 0.033381 0.059343
0 0.575639 0.129419 0.030540 0.054293