15 0.071733 0.104798 0.018466 0.032828
6 0.063565 0.191288 0.030540 0.054293
22 0.091619 0.266414 0.029830 0.053030
24 0.088778 0.339646 0.026989 0.047980
13 0.101918 0.407197 0.017756 0.031566
14 0.099787 0.484217 0.019176 0.034091
9 0.082386 0.565657 0.025568 0.045455
2 0.100142 0.635101 0.018466 0.032828
26 0.037287 0.710227 0.017756 0.031566
12 0.114347 0.791667 0.024148 0.042929
3 0.037997 0.866793 0.023438 0.041667
3 0.325639 0.590278 0.023438 0.041667
20 0.481179 0.142045 0.029119 0.051768
28 0.611861 0.481692 0.033381 0.059343
16 0.507457 0.604167 0.033381 0.059343