13 0.062145 0.104167 0.017756 0.031566
4 0.055043 0.191288 0.030540 0.054293
11 0.110795 0.258838 0.021307 0.037879
27 0.069602 0.340909 0.028409 0.050505
10 0.041548 0.412247 0.023438 0.041667
26 0.072088 0.482955 0.017756 0.031566
0 0.035156 0.570076 0.030540 0.054293
24 0.054688 0.642677 0.026989 0.047980
21 0.106889 0.711490 0.019176 0.034091
5 0.110440 0.796086 0.029119 0.051768
25 0.556818 0.601010 0.034091 0.060606
23 0.500355 0.750631 0.023438 0.041667
29 0.444957 0.292298 0.033381 0.059343
7 0.905185 0.307449 0.019176 0.034091