22 0.056108 0.114899 0.029830 0.053030
28 0.046520 0.193813 0.033381 0.059343
12 0.057528 0.261364 0.024148 0.042929
7 0.109020 0.332702 0.019176 0.034091
0 0.078480 0.418561 0.030540 0.054293
4 0.031605 0.494318 0.030540 0.054293
26 0.061435 0.558712 0.017756 0.031566
14 0.042259 0.635732 0.019176 0.034091
3 0.028764 0.715278 0.023438 0.041667
24 0.096591 0.794192 0.026989 0.047980
1 0.037997 0.871843 0.029119 0.051768
25 0.958807 0.787879 0.034091 0.060606
14 0.692827 0.515783 0.019176 0.034091
24 0.736506 0.852273 0.026989 0.047980
2 0.355824 0.559343 0.018466 0.032828
8 0.722656 0.462753 0.023438 0.041667