18 0.101918 0.104167 0.017756 0.031566
3 0.070668 0.184975 0.023438 0.041667
17 0.028764 0.263258 0.026278 0.046717
29 0.041548 0.345328 0.033381 0.059343
10 0.093395 0.412247 0.023438 0.041667
6 0.100497 0.494318 0.030540 0.054293
5 0.105469 0.568813 0.029119 0.051768
24 0.100852 0.642677 0.026989 0.047980
27 0.239347 0.819444 0.028409 0.050505
25 0.939631 0.560606 0.034091 0.060606
13 0.324929 0.476641 0.017756 0.031566
21 0.303622 0.418561 0.019176 0.034091
3 0.905185 0.520833 0.023438 0.041667