2 0.099432 0.104798 0.018466 0.032828
13 0.057884 0.179924 0.017756 0.031566
19 0.080256 0.268939 0.032670 0.058081
10 0.054332 0.336490 0.023438 0.041667
4 0.048651 0.418561 0.030540 0.054293
24 0.097301 0.491162 0.026989 0.047980
21 0.038707 0.559975 0.019176 0.034091
29 0.041548 0.648359 0.033381 0.059343
16 0.089134 0.724116 0.033381 0.059343
22 0.044034 0.796717 0.029830 0.053030
14 0.101207 0.863005 0.019176 0.034091
29 0.816406 0.493056 0.033381 0.059343
15 0.421875 0.715909 0.018466 0.032828
6 0.680043 0.799874 0.030540 0.054293