3 0.094105 0.109217 0.023438 0.041667
14 0.034446 0.181187 0.019176 0.034091
12 0.105114 0.261364 0.024148 0.042929
16 0.086293 0.345328 0.033381 0.059343
25 0.077415 0.421717 0.034091 0.060606
2 0.067472 0.483586 0.018466 0.032828
29 0.065696 0.572601 0.033381 0.059343
7 0.064276 0.635732 0.019176 0.034091
6 0.032315 0.721591 0.030540 0.054293
13 0.110440 0.785985 0.017756 0.031566
8 0.447088 0.222854 0.023438 0.041667
5 0.393821 0.799874 0.029119 0.051768
28 0.407315 0.352904 0.033381 0.059343
11 0.249290 0.838384 0.021307 0.037879