1 0.033736 0.114268 0.029119 0.051768
25 0.107955 0.194444 0.034091 0.060606
16 0.030895 0.269571 0.033381 0.059343
15 0.024148 0.332071 0.018466 0.032828
2 0.111506 0.407828 0.018466 0.032828
23 0.086293 0.488005 0.023438 0.041667
24 0.071733 0.566919 0.026989 0.047980
0 0.096946 0.645833 0.030540 0.054293
10 0.025923 0.715278 0.023438 0.041667
27 0.028409 0.795455 0.028409 0.050505
17 0.091974 0.869318 0.026278 0.046717
22 0.041193 0.948232 0.029830 0.053030
26 0.689986 0.875631 0.017756 0.031566