2 0.078835 0.104798 0.018466 0.032828
16 0.039418 0.193813 0.033381 0.059343
7 0.084162 0.256944 0.019176 0.034091
5 0.110440 0.341540 0.029119 0.051768
11 0.053267 0.410354 0.021307 0.037879
10 0.028054 0.488005 0.023438 0.041667
4 0.099787 0.570076 0.030540 0.054293
21 0.027344 0.635732 0.019176 0.034091
19 0.663352 0.848485 0.032670 0.058081
14 0.871094 0.572601 0.019176 0.034091
29 0.843395 0.797348 0.033381 0.059343
6 0.203480 0.385732 0.030540 0.054293
22 0.363636 0.369949 0.029830 0.053030