0 0.054332 0.115530 0.030540 0.054293
5 0.037997 0.190025 0.029119 0.051768
20 0.113281 0.265783 0.029119 0.051768
3 0.096236 0.336490 0.023438 0.041667
22 0.038352 0.417929 0.029830 0.053030
23 0.102628 0.488005 0.023438 0.041667
11 0.073864 0.561869 0.021307 0.037879
7 0.032315 0.635732 0.019176 0.034091
25 0.090909 0.724747 0.034091 0.060606
28 0.063565 0.799874 0.033381 0.059343
27 0.061080 0.871212 0.028409 0.050505
1 0.056463 0.947601 0.029119 0.051768
26 0.412287 0.619318 0.017756 0.031566
7 0.590554 0.630682 0.019176 0.034091
19 0.745028 0.888889 0.032670 0.058081
23 0.171520 0.231692 0.023438 0.041667