29 0.061435 0.118056 0.033381 0.059343
13 0.116832 0.179924 0.017756 0.031566
19 0.076705 0.268939 0.032670 0.058081
10 0.031605 0.336490 0.023438 0.041667
16 0.076349 0.421086 0.033381 0.059343
7 0.083452 0.484217 0.019176 0.034091
22 0.063210 0.569444 0.029830 0.053030
27 0.051847 0.643939 0.028409 0.050505
12 0.078125 0.715909 0.024148 0.042929
8 0.058594 0.791035 0.023438 0.041667
20 0.059304 0.871843 0.029119 0.051768
21 0.587003 0.549874 0.019176 0.034091
4 0.175071 0.799874 0.030540 0.054293