16 0.073509 0.118056 0.033381 0.059343
25 0.110795 0.194444 0.034091 0.060606
21 0.106179 0.256944 0.019176 0.034091
7 0.065696 0.332702 0.019176 0.034091
0 0.087713 0.418561 0.030540 0.054293
12 0.075994 0.488636 0.024148 0.042929
28 0.087003 0.572601 0.033381 0.059343
5 0.091264 0.644571 0.029119 0.051768
20 0.069957 0.720328 0.029119 0.051768
13 0.030895 0.785985 0.017756 0.031566
15 0.112926 0.862374 0.018466 0.032828
0 0.815696 0.210227 0.030540 0.054293
27 0.427557 0.183081 0.028409 0.050505
1 0.971236 0.731692 0.029119 0.051768
12 0.868608 0.424242 0.024148 0.042929
7 0.276634 0.462753 0.019176 0.034091