20 0.108310 0.114268 0.029119 0.051768
5 0.062855 0.190025 0.029119 0.051768
10 0.104048 0.260732 0.023438 0.041667
24 0.048295 0.339646 0.026989 0.047980
23 0.085582 0.412247 0.023438 0.041667
19 0.032670 0.496212 0.032670 0.058081
9 0.046875 0.565657 0.025568 0.045455
1 0.076349 0.644571 0.029119 0.051768
13 0.049361 0.710227 0.017756 0.031566
29 0.109020 0.799874 0.033381 0.059343
21 0.101918 0.863005 0.019176 0.034091
4 0.084872 0.948864 0.030540 0.054293
9 0.409801 0.190657 0.025568 0.045455
29 0.810014 0.359217 0.033381 0.059343