2 0.115057 0.104798 0.018466 0.032828
16 0.062855 0.193813 0.033381 0.059343
20 0.041548 0.265783 0.029119 0.051768
21 0.085582 0.332702 0.019176 0.034091
22 0.110085 0.417929 0.029830 0.053030
7 0.035866 0.484217 0.019176 0.034091
6 0.055753 0.570076 0.030540 0.054293
1 0.110440 0.644571 0.029119 0.051768
5 0.112571 0.720328 0.029119 0.051768
29 0.039418 0.799874 0.033381 0.059343
9 0.107955 0.868687 0.025568 0.045455
23 0.113991 0.942551 0.023438 0.041667
20 0.746094 0.467803 0.029119 0.051768
22 0.199574 0.693182 0.029830 0.053030
2 0.775568 0.500000 0.018466 0.032828
17 0.475497 0.216540 0.026278 0.046717