5 0.067827 0.114268 0.029119 0.051768
14 0.040128 0.181187 0.019176 0.034091
17 0.104759 0.263258 0.026278 0.046717
12 0.075994 0.337121 0.024148 0.042929
25 0.106534 0.421717 0.034091 0.060606
19 0.068182 0.496212 0.032670 0.058081
8 0.049361 0.563763 0.023438 0.041667
6 0.101207 0.645833 0.030540 0.054293
28 0.052912 0.724116 0.033381 0.059343
23 0.055043 0.791035 0.023438 0.041667
17 0.792969 0.371843 0.026278 0.046717
28 0.574929 0.534722 0.033381 0.059343
20 0.850497 0.212753 0.029119 0.051768
15 0.839489 0.941919 0.018466 0.032828
21 0.277344 0.616793 0.019176 0.034091