9 0.061080 0.111111 0.025568 0.045455
25 0.031250 0.194444 0.034091 0.060606
24 0.080256 0.263889 0.026989 0.047980
10 0.079190 0.336490 0.023438 0.041667
28 0.100497 0.421086 0.033381 0.059343
17 0.045810 0.490530 0.026278 0.046717
7 0.078480 0.559975 0.019176 0.034091
6 0.048651 0.645833 0.030540 0.054293
0 0.111151 0.721591 0.030540 0.054293
1 0.042969 0.796086 0.029119 0.051768
22 0.043324 0.872475 0.029830 0.053030
21 0.084872 0.938763 0.019176 0.034091
11 0.222301 0.553030 0.021307 0.037879
28 0.516690 0.490530 0.033381 0.059343