7 0.065696 0.105429 0.019176 0.034091
11 0.098722 0.183081 0.021307 0.037879
29 0.083452 0.269571 0.033381 0.059343
0 0.089134 0.342803 0.030540 0.054293
5 0.063565 0.417298 0.029119 0.051768
26 0.074219 0.482955 0.017756 0.031566
23 0.038707 0.563763 0.023438 0.041667
9 0.065341 0.641414 0.025568 0.045455
8 0.109020 0.715278 0.023438 0.041667
3 0.099787 0.791035 0.023438 0.041667
19 0.107955 0.875000 0.032670 0.058081
11 0.524858 0.710859 0.021307 0.037879
22 0.428267 0.824495 0.029830 0.053030
7 0.735440 0.955177 0.019176 0.034091