16 0.076349 0.118056 0.033381 0.059343
21 0.118253 0.181187 0.019176 0.034091
29 0.094105 0.269571 0.033381 0.059343
9 0.050426 0.338384 0.025568 0.045455
14 0.083452 0.408460 0.019176 0.034091
6 0.052912 0.494318 0.030540 0.054293
5 0.072088 0.568813 0.029119 0.051768
22 0.071023 0.645202 0.029830 0.053030
4 0.030895 0.721591 0.030540 0.054293
15 0.118608 0.786616 0.018466 0.032828
5 0.966264 0.864268 0.029119 0.051768
28 0.506747 0.421086 0.033381 0.059343
7 0.271662 0.400884 0.019176 0.034091