23 0.094815 0.109217 0.023438 0.041667
9 0.027699 0.186869 0.025568 0.045455
8 0.076349 0.260732 0.023438 0.041667
2 0.073153 0.332071 0.018466 0.032828
25 0.088778 0.421717 0.034091 0.060606
15 0.111506 0.483586 0.018466 0.032828
7 0.046520 0.559975 0.019176 0.034091
19 0.085938 0.647727 0.032670 0.058081
13 0.044389 0.710227 0.017756 0.031566
10 0.063565 0.791035 0.023438 0.041667
15 0.714489 0.469697 0.018466 0.032828
9 0.478693 0.238636 0.025568 0.045455
8 0.721236 0.563763 0.023438 0.041667