12 0.106534 0.109848 0.024148 0.042929
11 0.037642 0.183081 0.021307 0.037879
22 0.086648 0.266414 0.029830 0.053030
1 0.106889 0.341540 0.029119 0.051768
6 0.048651 0.418561 0.030540 0.054293
10 0.082741 0.488005 0.023438 0.041667
7 0.069957 0.559975 0.019176 0.034091
13 0.048651 0.634470 0.017756 0.031566
9 0.053267 0.717172 0.025568 0.045455
2 0.066761 0.786616 0.018466 0.032828
28 0.710582 0.491793 0.033381 0.059343
16 0.608310 0.940025 0.033381 0.059343
21 0.174361 0.313763 0.019176 0.034091
12 0.606534 0.710859 0.024148 0.042929
11 0.569602 0.433081 0.021307 0.037879