9 0.103693 0.111111 0.025568 0.045455
1 0.112571 0.190025 0.029119 0.051768
22 0.083807 0.266414 0.029830 0.053030
0 0.050071 0.342803 0.030540 0.054293
4 0.088423 0.418561 0.030540 0.054293
2 0.091619 0.483586 0.018466 0.032828
6 0.094815 0.570076 0.030540 0.054293
28 0.037287 0.648359 0.033381 0.059343
17 0.048651 0.717803 0.026278 0.046717
21 0.106889 0.787247 0.019176 0.034091
25 0.055398 0.876263 0.034091 0.060606
24 0.112926 0.945707 0.026989 0.047980
29 0.799361 0.912247 0.033381 0.059343
13 0.921520 0.347854 0.017756 0.031566
17 0.878906 0.696338 0.026278 0.046717
21 0.555043 0.654672 0.019176 0.034091