2 0.113636 0.104798 0.018466 0.032828
6 0.094815 0.191288 0.030540 0.054293
22 0.045455 0.266414 0.029830 0.053030
18 0.039418 0.331439 0.017756 0.031566
10 0.052202 0.412247 0.023438 0.041667
26 0.057173 0.482955 0.017756 0.031566
19 0.059659 0.571970 0.032670 0.058081
25 0.048295 0.648990 0.034091 0.060606
5 0.035156 0.720328 0.029119 0.051768
14 0.067116 0.787247 0.019176 0.034091
9 0.110795 0.868687 0.025568 0.045455
4 0.051491 0.948864 0.030540 0.054293
29 0.329190 0.539773 0.033381 0.059343