20 0.054332 0.114268 0.029119 0.051768
22 0.093040 0.190657 0.029830 0.053030
5 0.087003 0.265783 0.029119 0.051768
24 0.072443 0.339646 0.026989 0.047980
10 0.114702 0.412247 0.023438 0.041667
15 0.045455 0.483586 0.018466 0.032828
2 0.029830 0.559343 0.018466 0.032828
14 0.099077 0.635732 0.019176 0.034091
12 0.068182 0.715909 0.024148 0.042929
1 0.098366 0.796086 0.029119 0.051768
19 0.048295 0.875000 0.032670 0.058081
16 0.760298 0.941288 0.033381 0.059343
22 0.572443 0.684343 0.029830 0.053030
3 0.726918 0.890783 0.023438 0.041667