29 0.064986 0.118056 0.033381 0.059343
17 0.062855 0.187500 0.026278 0.046717
14 0.109020 0.256944 0.019176 0.034091
7 0.066406 0.332702 0.019176 0.034091
3 0.042259 0.412247 0.023438 0.041667
16 0.033026 0.496843 0.033381 0.059343
11 0.108665 0.561869 0.021307 0.037879
23 0.042969 0.639520 0.023438 0.041667
20 0.466974 0.585227 0.029119 0.051768
0 0.796520 0.923611 0.030540 0.054293
17 0.954190 0.900884 0.026278 0.046717
2 0.931108 0.623737 0.018466 0.032828
26 0.613991 0.753157 0.017756 0.031566