29 0.073509 0.118056 0.033381 0.059343
24 0.104403 0.188131 0.026989 0.047980
12 0.097301 0.261364 0.024148 0.042929
20 0.060014 0.341540 0.029119 0.051768
9 0.076705 0.414141 0.025568 0.045455
15 0.096591 0.483586 0.018466 0.032828
2 0.090909 0.559343 0.018466 0.032828
16 0.083452 0.648359 0.033381 0.059343
7 0.089844 0.711490 0.019176 0.034091
8 0.081321 0.791035 0.023438 0.041667
8 0.399503 0.850379 0.023438 0.041667
11 0.725142 0.133838 0.021307 0.037879
4 0.511009 0.664773 0.030540 0.054293