7 0.025213 0.105429 0.019176 0.034091
19 0.104403 0.193182 0.032670 0.058081
16 0.093395 0.269571 0.033381 0.059343
18 0.074219 0.331439 0.017756 0.031566
22 0.049006 0.417929 0.029830 0.053030
5 0.093395 0.493056 0.029119 0.051768
13 0.045099 0.558712 0.017756 0.031566
1 0.050781 0.644571 0.029119 0.051768
9 0.078835 0.717172 0.025568 0.045455
8 0.037997 0.791035 0.023438 0.041667
4 0.067827 0.873106 0.030540 0.054293
21 0.070668 0.938763 0.019176 0.034091
26 0.327770 0.596591 0.017756 0.031566
3 0.736151 0.551136 0.023438 0.041667
13 0.327060 0.621843 0.017756 0.031566
9 0.725142 0.919192 0.025568 0.045455