19 0.091619 0.117424 0.032670 0.058081
3 0.084872 0.184975 0.023438 0.041667
7 0.086293 0.256944 0.019176 0.034091
22 0.112216 0.342172 0.029830 0.053030
11 0.089489 0.410354 0.021307 0.037879
10 0.075639 0.488005 0.023438 0.041667
21 0.104759 0.559975 0.019176 0.034091
0 0.060724 0.645833 0.030540 0.054293
4 0.055753 0.721591 0.030540 0.054293
28 0.074929 0.799874 0.033381 0.059343
18 0.102628 0.861742 0.017756 0.031566
16 0.082741 0.951389 0.033381 0.059343
1 0.732599 0.623106 0.029119 0.051768
26 0.782315 0.691288 0.017756 0.031566