17 0.102628 0.111742 0.026278 0.046717
21 0.059304 0.181187 0.019176 0.034091
4 0.040128 0.267045 0.030540 0.054293
22 0.102273 0.342172 0.029830 0.053030
14 0.023793 0.408460 0.019176 0.034091
8 0.084872 0.488005 0.023438 0.041667
7 0.099787 0.559975 0.019176 0.034091
1 0.100497 0.644571 0.029119 0.051768
10 0.055043 0.715278 0.023438 0.041667
2 0.071023 0.786616 0.018466 0.032828
25 0.031960 0.876263 0.034091 0.060606
16 0.097656 0.951389 0.033381 0.059343
6 0.568537 0.134470 0.030540 0.054293