7 0.055753 0.105429 0.019176 0.034091
5 0.105469 0.190025 0.029119 0.051768
28 0.050071 0.269571 0.033381 0.059343
20 0.090554 0.341540 0.029119 0.051768
0 0.089134 0.418561 0.030540 0.054293
27 0.055398 0.492424 0.028409 0.050505
3 0.050071 0.563763 0.023438 0.041667
22 0.078125 0.645202 0.029830 0.053030
23 0.113991 0.715278 0.023438 0.041667
14 0.069247 0.787247 0.019176 0.034091
6 0.045099 0.873106 0.030540 0.054293
9 0.093750 0.944444 0.025568 0.045455
15 0.723722 0.107323 0.018466 0.032828
11 0.269886 0.579545 0.021307 0.037879
21 0.937855 0.433712 0.019176 0.034091
26 0.611151 0.619318 0.017756 0.031566