3 0.050781 0.109217 0.023438 0.041667
0 0.085582 0.191288 0.030540 0.054293
22 0.039773 0.266414 0.029830 0.053030
15 0.080256 0.332071 0.018466 0.032828
29 0.086293 0.421086 0.033381 0.059343
21 0.072798 0.484217 0.019176 0.034091
24 0.036222 0.566919 0.026989 0.047980
7 0.075639 0.635732 0.019176 0.034091
5 0.035866 0.720328 0.029119 0.051768
6 0.034446 0.797348 0.030540 0.054293
26 0.052912 0.861742 0.017756 0.031566
11 0.597301 0.428030 0.021307 0.037879
27 0.236506 0.400253 0.028409 0.050505