16 0.078480 0.118056 0.033381 0.059343
3 0.079190 0.184975 0.023438 0.041667
27 0.081676 0.265152 0.028409 0.050505
19 0.092330 0.344697 0.032670 0.058081
18 0.040128 0.407197 0.017756 0.031566
23 0.044389 0.488005 0.023438 0.041667
12 0.058949 0.564394 0.024148 0.042929
24 0.048295 0.642677 0.026989 0.047980
0 0.065696 0.721591 0.030540 0.054293
28 0.069957 0.799874 0.033381 0.059343
14 0.115412 0.863005 0.019176 0.034091
4 0.104759 0.948864 0.030540 0.054293
7 0.819957 0.431187 0.019176 0.034091
19 0.276989 0.856061 0.032670 0.058081
18 0.681463 0.229167 0.017756 0.031566
24 0.536222 0.271465 0.026989 0.047980
21 0.663707 0.582702 0.019176 0.034091