17 0.050781 0.111742 0.026278 0.046717
13 0.085582 0.179924 0.017756 0.031566
10 0.047230 0.260732 0.023438 0.041667
9 0.099432 0.338384 0.025568 0.045455
29 0.063565 0.421086 0.033381 0.059343
8 0.103338 0.488005 0.023438 0.041667
16 0.086293 0.572601 0.033381 0.059343
23 0.040838 0.639520 0.023438 0.041667
25 0.098011 0.724747 0.034091 0.060606
7 0.042259 0.787247 0.019176 0.034091
28 0.076349 0.875631 0.033381 0.059343
0 0.079901 0.948864 0.030540 0.054293
17 0.898793 0.424874 0.026278 0.046717
29 0.189986 0.654672 0.033381 0.059343
1 0.500355 0.710227 0.029119 0.051768