12 0.050426 0.109848 0.024148 0.042929
22 0.103693 0.190657 0.029830 0.053030
16 0.070668 0.269571 0.033381 0.059343
27 0.111506 0.340909 0.028409 0.050505
1 0.065696 0.417298 0.029119 0.051768
23 0.097656 0.488005 0.023438 0.041667
28 0.110440 0.572601 0.033381 0.059343
4 0.094105 0.645833 0.030540 0.054293
19 0.086648 0.723485 0.032670 0.058081
7 0.042969 0.787247 0.019176 0.034091
6 0.509588 0.210227 0.030540 0.054293
5 0.754616 0.538510 0.029119 0.051768
23 0.307884 0.541035 0.023438 0.041667
10 0.199219 0.849116 0.023438 0.041667