16 0.095526 0.118056 0.033381 0.059343
4 0.082741 0.191288 0.030540 0.054293
19 0.097301 0.268939 0.032670 0.058081
15 0.027699 0.332071 0.018466 0.032828
26 0.047230 0.407197 0.017756 0.031566
23 0.099077 0.488005 0.023438 0.041667
21 0.055043 0.559975 0.019176 0.034091
12 0.051847 0.640152 0.024148 0.042929
21 0.209162 0.900884 0.019176 0.034091
19 0.823153 0.228535 0.032670 0.058081
0 0.297230 0.782197 0.030540 0.054293
10 0.890270 0.592803 0.023438 0.041667
15 0.774858 0.372475 0.018466 0.032828