28 0.087713 0.118056 0.033381 0.059343
5 0.111861 0.190025 0.029119 0.051768
24 0.104403 0.263889 0.026989 0.047980
4 0.083452 0.342803 0.030540 0.054293
14 0.096236 0.408460 0.019176 0.034091
0 0.079901 0.494318 0.030540 0.054293
9 0.115057 0.565657 0.025568 0.045455
18 0.088423 0.634470 0.017756 0.031566
6 0.042259 0.721591 0.030540 0.054293
7 0.062145 0.787247 0.019176 0.034091
21 0.383168 0.124369 0.019176 0.034091
26 0.545810 0.402146 0.017756 0.031566
11 0.938920 0.603535 0.021307 0.037879