19 0.105824 0.117424 0.032670 0.058081
5 0.062855 0.190025 0.029119 0.051768
17 0.108310 0.263258 0.026278 0.046717
27 0.083097 0.340909 0.028409 0.050505
26 0.047940 0.407197 0.017756 0.031566
20 0.037287 0.493056 0.029119 0.051768
7 0.101918 0.559975 0.019176 0.034091
29 0.054332 0.648359 0.033381 0.059343
18 0.025923 0.710227 0.017756 0.031566
5 0.345526 0.836490 0.029119 0.051768
13 0.736861 0.787247 0.017756 0.031566
3 0.747514 0.841540 0.023438 0.041667
28 0.596946 0.243056 0.033381 0.059343
4 0.507457 0.493056 0.030540 0.054293