12 0.105114 0.109848 0.024148 0.042929
18 0.032315 0.179924 0.017756 0.031566
13 0.060724 0.255682 0.017756 0.031566
7 0.064986 0.332702 0.019176 0.034091
8 0.042969 0.412247 0.023438 0.041667
28 0.042969 0.496843 0.033381 0.059343
20 0.035156 0.568813 0.029119 0.051768
11 0.051136 0.637626 0.021307 0.037879
24 0.864347 0.429293 0.026989 0.047980
8 0.883168 0.230429 0.023438 0.041667
7 0.231889 0.431187 0.019176 0.034091
11 0.463778 0.330808 0.021307 0.037879
5 0.852628 0.529672 0.029119 0.051768