9 0.092330 0.111111 0.025568 0.045455
24 0.034801 0.188131 0.026989 0.047980
18 0.089134 0.255682 0.017756 0.031566
25 0.034091 0.345960 0.034091 0.060606
7 0.109020 0.408460 0.019176 0.034091
27 0.074574 0.492424 0.028409 0.050505
21 0.031605 0.559975 0.019176 0.034091
8 0.039418 0.639520 0.023438 0.041667
17 0.034446 0.717803 0.026278 0.046717
23 0.032315 0.791035 0.023438 0.041667
0 0.056463 0.873106 0.030540 0.054293
16 0.710582 0.722854 0.033381 0.059343
4 0.546520 0.815025 0.030540 0.054293
23 0.738991 0.270833 0.023438 0.041667