15 0.082386 0.104798 0.018466 0.032828
23 0.074929 0.184975 0.023438 0.041667
18 0.032315 0.255682 0.017756 0.031566
8 0.091974 0.336490 0.023438 0.041667
14 0.053622 0.408460 0.019176 0.034091
12 0.028409 0.488636 0.024148 0.042929
22 0.059659 0.569444 0.029830 0.053030
9 0.081676 0.641414 0.025568 0.045455
19 0.043324 0.723485 0.032670 0.058081
13 0.095526 0.785985 0.017756 0.031566
3 0.621804 0.852904 0.023438 0.041667
19 0.669744 0.167929 0.032670 0.058081
14 0.314986 0.333965 0.019176 0.034091
10 0.520952 0.419823 0.023438 0.041667
4 0.917969 0.615530 0.030540 0.054293