20 0.090554 0.114268 0.029119 0.051768
6 0.050781 0.191288 0.030540 0.054293
5 0.040838 0.265783 0.029119 0.051768
17 0.033026 0.339015 0.026278 0.046717
9 0.090909 0.414141 0.025568 0.045455
28 0.109730 0.496843 0.033381 0.059343
13 0.080611 0.558712 0.017756 0.031566
0 0.067116 0.645833 0.030540 0.054293
24 0.071023 0.718434 0.026989 0.047980
26 0.077060 0.785985 0.017756 0.031566
0 0.216974 0.929924 0.030540 0.054293
3 0.656605 0.489268 0.023438 0.041667
22 0.892756 0.277778 0.029830 0.053030