9 0.058239 0.111111 0.025568 0.045455
25 0.036222 0.194444 0.034091 0.060606
8 0.105469 0.260732 0.023438 0.041667
2 0.067472 0.332071 0.018466 0.032828
13 0.062145 0.407197 0.017756 0.031566
1 0.083452 0.493056 0.029119 0.051768
23 0.071378 0.563763 0.023438 0.041667
3 0.094815 0.639520 0.023438 0.041667
28 0.083452 0.724116 0.033381 0.059343
21 0.080611 0.787247 0.019176 0.034091
29 0.096946 0.875631 0.033381 0.059343
6 0.064276 0.948864 0.030540 0.054293
23 0.822798 0.167298 0.023438 0.041667