22 0.045455 0.114899 0.029830 0.053030
11 0.056818 0.183081 0.021307 0.037879
9 0.112216 0.262626 0.025568 0.045455
4 0.072798 0.342803 0.030540 0.054293
18 0.099787 0.407197 0.017756 0.031566
13 0.056463 0.482955 0.017756 0.031566
26 0.069247 0.558712 0.017756 0.031566
3 0.028764 0.639520 0.023438 0.041667
15 0.077415 0.710859 0.018466 0.032828
19 0.039773 0.799242 0.032670 0.058081
28 0.215554 0.196338 0.033381 0.059343
10 0.927912 0.913510 0.023438 0.041667
20 0.432884 0.332702 0.029119 0.051768
16 0.325639 0.318813 0.033381 0.059343
24 0.638494 0.291667 0.026989 0.047980