12 0.110795 0.109848 0.024148 0.042929
2 0.048295 0.180556 0.018466 0.032828
26 0.092685 0.255682 0.017756 0.031566
6 0.057173 0.342803 0.030540 0.054293
27 0.071733 0.416667 0.028409 0.050505
7 0.101918 0.484217 0.019176 0.034091
18 0.077770 0.558712 0.017756 0.031566
23 0.083452 0.639520 0.023438 0.041667
20 0.047940 0.720328 0.029119 0.051768
16 0.073509 0.799874 0.033381 0.059343
25 0.078835 0.876263 0.034091 0.060606
21 0.085582 0.938763 0.019176 0.034091
17 0.453480 0.797348 0.026278 0.046717
25 0.273438 0.765152 0.034091 0.060606
0 0.609020 0.667298 0.030540 0.054293
1 0.597656 0.655934 0.029119 0.051768