4 0.071378 0.115530 0.030540 0.054293
16 0.095526 0.193813 0.033381 0.059343
21 0.030185 0.256944 0.019176 0.034091
3 0.038707 0.336490 0.023438 0.041667
13 0.041548 0.407197 0.017756 0.031566
26 0.116832 0.482955 0.017756 0.031566
1 0.107599 0.568813 0.029119 0.051768
2 0.037642 0.635101 0.018466 0.032828
9 0.050426 0.717172 0.025568 0.045455
19 0.040483 0.799242 0.032670 0.058081
12 0.091619 0.867424 0.024148 0.042929
6 0.874645 0.327652 0.030540 0.054293
26 0.693537 0.868056 0.017756 0.031566
16 0.870384 0.705177 0.033381 0.059343
15 0.857244 0.299242 0.018466 0.032828
14 0.765270 0.191288 0.019176 0.034091