9 0.099432 0.111111 0.025568 0.045455
17 0.095526 0.187500 0.026278 0.046717
18 0.045099 0.255682 0.017756 0.031566
14 0.034446 0.332702 0.019176 0.034091
26 0.052912 0.407197 0.017756 0.031566
20 0.101918 0.493056 0.029119 0.051768
0 0.047940 0.570076 0.030540 0.054293
13 0.092685 0.634470 0.017756 0.031566
1 0.037997 0.720328 0.029119 0.051768
7 0.760298 0.318813 0.019176 0.034091
13 0.318537 0.677399 0.017756 0.031566
20 0.526634 0.544823 0.029119 0.051768
9 0.592330 0.113636 0.025568 0.045455