14 0.115412 0.105429 0.019176 0.034091
6 0.058594 0.191288 0.030540 0.054293
11 0.026278 0.258838 0.021307 0.037879
3 0.038707 0.336490 0.023438 0.041667
5 0.071378 0.417298 0.029119 0.051768
4 0.098366 0.494318 0.030540 0.054293
18 0.064986 0.558712 0.017756 0.031566
26 0.061435 0.634470 0.017756 0.031566
25 0.044034 0.724747 0.034091 0.060606
27 0.056108 0.795455 0.028409 0.050505
0 0.041548 0.873106 0.030540 0.054293
4 0.739702 0.912247 0.030540 0.054293
20 0.267401 0.163510 0.029119 0.051768
1 0.328480 0.739268 0.029119 0.051768
6 0.683594 0.418561 0.030540 0.054293
9 0.542614 0.422980 0.025568 0.045455