26 0.049361 0.104167 0.017756 0.031566
23 0.064276 0.184975 0.023438 0.041667
21 0.100497 0.256944 0.019176 0.034091
18 0.055043 0.331439 0.017756 0.031566
7 0.088423 0.408460 0.019176 0.034091
10 0.081321 0.488005 0.023438 0.041667
29 0.105469 0.572601 0.033381 0.059343
25 0.086648 0.648990 0.034091 0.060606
28 0.111151 0.724116 0.033381 0.059343
22 0.076705 0.796717 0.029830 0.053030
14 0.037287 0.863005 0.019176 0.034091
15 0.025568 0.938131 0.018466 0.032828
1 0.252486 0.744318 0.029119 0.051768
19 0.492898 0.457071 0.032670 0.058081