29 0.099077 0.118056 0.033381 0.059343
17 0.059304 0.187500 0.026278 0.046717
0 0.052202 0.267045 0.030540 0.054293
25 0.080256 0.345960 0.034091 0.060606
22 0.072443 0.417929 0.029830 0.053030
13 0.040128 0.482955 0.017756 0.031566
28 0.088423 0.572601 0.033381 0.059343
11 0.096591 0.637626 0.021307 0.037879
4 0.038707 0.721591 0.030540 0.054293
24 0.075994 0.794192 0.026989 0.047980
1 0.044389 0.871843 0.029119 0.051768
5 0.094105 0.947601 0.029119 0.051768
13 0.385298 0.595328 0.017756 0.031566