0 0.048651 0.115530 0.030540 0.054293
27 0.043324 0.189394 0.028409 0.050505
16 0.082741 0.269571 0.033381 0.059343
11 0.117188 0.334596 0.021307 0.037879
9 0.112216 0.414141 0.025568 0.045455
25 0.034091 0.497475 0.034091 0.060606
12 0.101562 0.564394 0.024148 0.042929
14 0.047230 0.635732 0.019176 0.034091
12 0.771307 0.534091 0.024148 0.042929
25 0.940341 0.406566 0.034091 0.060606
22 0.859375 0.877525 0.029830 0.053030
7 0.709872 0.530934 0.019176 0.034091
15 0.771307 0.316919 0.018466 0.032828