25 0.058949 0.118687 0.034091 0.060606
10 0.045810 0.184975 0.023438 0.041667
16 0.073509 0.269571 0.033381 0.059343
7 0.093395 0.332702 0.019176 0.034091
8 0.104048 0.412247 0.023438 0.041667
23 0.089134 0.488005 0.023438 0.041667
6 0.055753 0.570076 0.030540 0.054293
17 0.068537 0.642045 0.026278 0.046717
28 0.070668 0.724116 0.033381 0.059343
3 0.044389 0.791035 0.023438 0.041667
15 0.049006 0.862374 0.018466 0.032828
3 0.363991 0.394571 0.023438 0.041667
21 0.209872 0.765783 0.019176 0.034091
26 0.650923 0.456439 0.017756 0.031566
13 0.209162 0.340278 0.017756 0.031566
16 0.686435 0.833965 0.033381 0.059343