3 0.069957 0.109217 0.023438 0.041667
10 0.052912 0.184975 0.023438 0.041667
8 0.091974 0.260732 0.023438 0.041667
13 0.067827 0.331439 0.017756 0.031566
5 0.029474 0.417298 0.029119 0.051768
28 0.084872 0.496843 0.033381 0.059343
0 0.090554 0.570076 0.030540 0.054293
29 0.041548 0.648359 0.033381 0.059343
15 0.107955 0.710859 0.018466 0.032828
2 0.048295 0.786616 0.018466 0.032828
6 0.755327 0.559975 0.030540 0.054293
21 0.667259 0.573864 0.019176 0.034091
9 0.172585 0.116162 0.025568 0.045455
14 0.783736 0.489268 0.019176 0.034091
13 0.449929 0.131944 0.017756 0.031566