27 0.029830 0.113636 0.028409 0.050505
6 0.079901 0.191288 0.030540 0.054293
15 0.074574 0.256313 0.018466 0.032828
22 0.038352 0.342172 0.029830 0.053030
21 0.064276 0.408460 0.019176 0.034091
10 0.116122 0.488005 0.023438 0.041667
26 0.039418 0.558712 0.017756 0.031566
5 0.098366 0.644571 0.029119 0.051768
25 0.091619 0.724747 0.034091 0.060606
6 0.628196 0.392045 0.030540 0.054293
10 0.903764 0.147096 0.023438 0.041667
23 0.403054 0.514520 0.023438 0.041667
14 0.569957 0.624369 0.019176 0.034091