28 0.069247 0.118056 0.033381 0.059343
17 0.056463 0.187500 0.026278 0.046717
13 0.084162 0.255682 0.017756 0.031566
8 0.113281 0.336490 0.023438 0.041667
14 0.111151 0.408460 0.019176 0.034091
15 0.072443 0.483586 0.018466 0.032828
5 0.109020 0.568813 0.029119 0.051768
2 0.029119 0.635101 0.018466 0.032828
16 0.054332 0.724116 0.033381 0.059343
9 0.036222 0.792929 0.025568 0.045455
4 0.669389 0.566288 0.030540 0.054293
14 0.189276 0.886995 0.019176 0.034091
0 0.557173 0.621843 0.030540 0.054293