2 0.063920 0.104798 0.018466 0.032828
23 0.063565 0.184975 0.023438 0.041667
13 0.083452 0.255682 0.017756 0.031566
15 0.046165 0.332071 0.018466 0.032828
1 0.054332 0.417298 0.029119 0.051768
3 0.068537 0.488005 0.023438 0.041667
29 0.040128 0.572601 0.033381 0.059343
19 0.083097 0.647727 0.032670 0.058081
6 0.069247 0.721591 0.030540 0.054293
14 0.072088 0.787247 0.019176 0.034091
21 0.098366 0.863005 0.019176 0.034091
27 0.863636 0.162879 0.028409 0.050505
13 0.966264 0.445076 0.017756 0.031566
7 0.640980 0.910985 0.019176 0.034091
5 0.944957 0.359217 0.029119 0.051768
9 0.930398 0.755051 0.025568 0.045455