17 0.032315 0.111742 0.026278 0.046717
1 0.046520 0.190025 0.029119 0.051768
0 0.089844 0.267045 0.030540 0.054293
22 0.079545 0.342172 0.029830 0.053030
25 0.069602 0.421717 0.034091 0.060606
6 0.108310 0.494318 0.030540 0.054293
11 0.030540 0.561869 0.021307 0.037879
7 0.053622 0.635732 0.019176 0.034091
8 0.099787 0.715278 0.023438 0.041667
5 0.030895 0.796086 0.029119 0.051768
22 0.921875 0.674242 0.029830 0.053030
10 0.557884 0.226641 0.023438 0.041667
28 0.241832 0.910985 0.033381 0.059343
18 0.974787 0.390783 0.017756 0.031566
17 0.388139 0.823864 0.026278 0.046717