15 0.027699 0.104798 0.018466 0.032828
3 0.031605 0.184975 0.023438 0.041667
8 0.066406 0.260732 0.023438 0.041667
28 0.087003 0.345328 0.033381 0.059343
21 0.068537 0.408460 0.019176 0.034091
27 0.113636 0.492424 0.028409 0.050505
26 0.089844 0.558712 0.017756 0.031566
5 0.060014 0.644571 0.029119 0.051768
18 0.102628 0.710227 0.017756 0.031566
16 0.060724 0.799874 0.033381 0.059343
20 0.795099 0.692551 0.029119 0.051768
9 0.753551 0.861111 0.025568 0.045455
16 0.902344 0.714015 0.033381 0.059343