20 0.040838 0.114268 0.029119 0.051768
25 0.046165 0.194444 0.034091 0.060606
3 0.096236 0.260732 0.023438 0.041667
5 0.064276 0.341540 0.029119 0.051768
22 0.046165 0.417929 0.029830 0.053030
29 0.078480 0.496843 0.033381 0.059343
27 0.101562 0.568182 0.028409 0.050505
7 0.077770 0.635732 0.019176 0.034091
2 0.035511 0.710859 0.018466 0.032828
8 0.028764 0.791035 0.023438 0.041667
15 0.049716 0.862374 0.018466 0.032828
29 0.673651 0.250631 0.033381 0.059343
7 0.537287 0.668561 0.019176 0.034091