27 0.070312 0.113636 0.028409 0.050505
7 0.025923 0.181187 0.019176 0.034091
11 0.025568 0.258838 0.021307 0.037879
21 0.033736 0.332702 0.019176 0.034091
19 0.093040 0.420455 0.032670 0.058081
23 0.033026 0.488005 0.023438 0.041667
25 0.066761 0.573232 0.034091 0.060606
12 0.110085 0.640152 0.024148 0.042929
23 0.439986 0.303662 0.023438 0.041667
10 0.812855 0.452652 0.023438 0.041667
21 0.444957 0.563763 0.019176 0.034091
15 0.771307 0.496212 0.018466 0.032828
27 0.921875 0.799242 0.028409 0.050505