24 0.090909 0.112374 0.026989 0.047980
22 0.090909 0.190657 0.029830 0.053030
0 0.088423 0.267045 0.030540 0.054293
16 0.106179 0.345328 0.033381 0.059343
18 0.112571 0.407197 0.017756 0.031566
25 0.061080 0.497475 0.034091 0.060606
8 0.093395 0.563763 0.023438 0.041667
15 0.085938 0.635101 0.018466 0.032828
11 0.113636 0.713384 0.021307 0.037879
23 0.030895 0.791035 0.023438 0.041667
19 0.436080 0.885101 0.032670 0.058081
11 0.626420 0.729798 0.021307 0.037879
3 0.262429 0.250631 0.023438 0.041667