14 0.076349 0.105429 0.019176 0.034091
9 0.048295 0.186869 0.025568 0.045455
20 0.061435 0.265783 0.029119 0.051768
11 0.048295 0.334596 0.021307 0.037879
1 0.101207 0.417298 0.029119 0.051768
8 0.052202 0.488005 0.023438 0.041667
27 0.028409 0.568182 0.028409 0.050505
2 0.073153 0.635101 0.018466 0.032828
4 0.177912 0.203914 0.030540 0.054293
21 0.446378 0.902146 0.019176 0.034091
16 0.837003 0.597854 0.033381 0.059343
6 0.607599 0.261995 0.030540 0.054293
25 0.803267 0.729798 0.034091 0.060606