24 0.109375 0.112374 0.026989 0.047980
5 0.094815 0.190025 0.029119 0.051768
18 0.060014 0.255682 0.017756 0.031566
10 0.097656 0.336490 0.023438 0.041667
22 0.036222 0.417929 0.029830 0.053030
29 0.056463 0.496843 0.033381 0.059343
14 0.045810 0.559975 0.019176 0.034091
28 0.033736 0.648359 0.033381 0.059343
25 0.044744 0.724747 0.034091 0.060606
9 0.054688 0.792929 0.025568 0.045455
21 0.051491 0.863005 0.019176 0.034091
11 0.100142 0.940657 0.021307 0.037879
0 0.644531 0.337753 0.030540 0.054293
11 0.360085 0.797980 0.021307 0.037879
22 0.359375 0.583333 0.029830 0.053030
23 0.640980 0.566288 0.023438 0.041667
7 0.432173 0.783460 0.019176 0.034091