20 0.092685 0.114268 0.029119 0.051768
5 0.057173 0.190025 0.029119 0.051768
13 0.103338 0.255682 0.017756 0.031566
14 0.032315 0.332702 0.019176 0.034091
15 0.109375 0.407828 0.018466 0.032828
1 0.079901 0.493056 0.029119 0.051768
26 0.092685 0.558712 0.017756 0.031566
24 0.093750 0.642677 0.026989 0.047980
4 0.079190 0.721591 0.030540 0.054293
3 0.041548 0.791035 0.023438 0.041667
8 0.116122 0.866793 0.023438 0.041667
4 0.689986 0.140783 0.030540 0.054293
10 0.572798 0.248106 0.023438 0.041667
14 0.224787 0.821338 0.019176 0.034091
21 0.758878 0.701389 0.019176 0.034091
28 0.670099 0.197601 0.033381 0.059343