22 0.064631 0.114899 0.029830 0.053030
6 0.049361 0.191288 0.030540 0.054293
24 0.061080 0.263889 0.026989 0.047980
28 0.083452 0.345328 0.033381 0.059343
8 0.057173 0.412247 0.023438 0.041667
2 0.071023 0.483586 0.018466 0.032828
14 0.094815 0.559975 0.019176 0.034091
11 0.051847 0.637626 0.021307 0.037879
1 0.587003 0.410985 0.029119 0.051768
13 0.805753 0.871843 0.017756 0.031566
18 0.359730 0.717803 0.017756 0.031566
12 0.326705 0.349747 0.024148 0.042929
7 0.915128 0.279672 0.019176 0.034091