4 0.091264 0.115530 0.030540 0.054293
9 0.098011 0.186869 0.025568 0.045455
28 0.072798 0.269571 0.033381 0.059343
26 0.052202 0.331439 0.017756 0.031566
3 0.074929 0.412247 0.023438 0.041667
7 0.037287 0.484217 0.019176 0.034091
18 0.046520 0.558712 0.017756 0.031566
1 0.035866 0.644571 0.029119 0.051768
23 0.037997 0.715278 0.023438 0.041667
14 0.778764 0.823864 0.019176 0.034091
11 0.705256 0.364899 0.021307 0.037879
23 0.856179 0.926136 0.023438 0.041667
28 0.373224 0.416035 0.033381 0.059343