6 0.089844 0.115530 0.030540 0.054293
16 0.084872 0.193813 0.033381 0.059343
22 0.078835 0.266414 0.029830 0.053030
8 0.113991 0.336490 0.023438 0.041667
29 0.084872 0.421086 0.033381 0.059343
12 0.099432 0.488636 0.024148 0.042929
10 0.056463 0.563763 0.023438 0.041667
17 0.106179 0.642045 0.026278 0.046717
13 0.077770 0.710227 0.017756 0.031566
15 0.040483 0.786616 0.018466 0.032828
26 0.058594 0.861742 0.017756 0.031566
11 0.070312 0.940657 0.021307 0.037879
14 0.964844 0.452652 0.019176 0.034091
10 0.731889 0.567551 0.023438 0.041667
1 0.829190 0.245581 0.029119 0.051768