12 0.102273 0.109848 0.024148 0.042929
23 0.078480 0.184975 0.023438 0.041667
9 0.102983 0.262626 0.025568 0.045455
24 0.080256 0.339646 0.026989 0.047980
13 0.064986 0.407197 0.017756 0.031566
21 0.112571 0.484217 0.019176 0.034091
22 0.081676 0.569444 0.029830 0.053030
19 0.033381 0.647727 0.032670 0.058081
0 0.102628 0.721591 0.030540 0.054293
16 0.077770 0.799874 0.033381 0.059343
20 0.030895 0.871843 0.029119 0.051768
22 0.303977 0.650253 0.029830 0.053030
8 0.382457 0.168561 0.023438 0.041667
17 0.515980 0.702652 0.026278 0.046717