19 0.063920 0.117424 0.032670 0.058081
28 0.061435 0.193813 0.033381 0.059343
8 0.034446 0.260732 0.023438 0.041667
0 0.095526 0.342803 0.030540 0.054293
3 0.105469 0.412247 0.023438 0.041667
12 0.080256 0.488636 0.024148 0.042929
13 0.093395 0.558712 0.017756 0.031566
14 0.037287 0.635732 0.019176 0.034091
24 0.056108 0.718434 0.026989 0.047980
6 0.052912 0.797348 0.030540 0.054293
11 0.070312 0.864899 0.021307 0.037879
15 0.118608 0.938131 0.018466 0.032828
12 0.247159 0.190657 0.024148 0.042929