11 0.076705 0.107323 0.021307 0.037879
9 0.094460 0.186869 0.025568 0.045455
16 0.034446 0.269571 0.033381 0.059343
1 0.035866 0.341540 0.029119 0.051768
22 0.036222 0.417929 0.029830 0.053030
8 0.041548 0.488005 0.023438 0.041667
28 0.085582 0.572601 0.033381 0.059343
4 0.046520 0.645833 0.030540 0.054293
3 0.046520 0.715278 0.023438 0.041667
12 0.061790 0.791667 0.024148 0.042929
26 0.069247 0.861742 0.017756 0.031566
15 0.049716 0.938131 0.018466 0.032828
0 0.285156 0.428662 0.030540 0.054293