23 0.025923 0.109217 0.023438 0.041667
22 0.062500 0.190657 0.029830 0.053030
8 0.052912 0.260732 0.023438 0.041667
11 0.117188 0.334596 0.021307 0.037879
14 0.042259 0.408460 0.019176 0.034091
7 0.109730 0.484217 0.019176 0.034091
9 0.106534 0.565657 0.025568 0.045455
15 0.048295 0.635101 0.018466 0.032828
12 0.088068 0.715909 0.024148 0.042929
28 0.059304 0.799874 0.033381 0.059343
17 0.067116 0.869318 0.026278 0.046717
11 0.816761 0.929293 0.021307 0.037879
23 0.841264 0.889520 0.023438 0.041667
14 0.301491 0.871843 0.019176 0.034091