1 0.064276 0.114268 0.029119 0.051768
17 0.096236 0.187500 0.026278 0.046717
3 0.085582 0.260732 0.023438 0.041667
8 0.070668 0.336490 0.023438 0.041667
4 0.076349 0.418561 0.030540 0.054293
5 0.112571 0.493056 0.029119 0.051768
19 0.046165 0.571970 0.032670 0.058081
16 0.070668 0.648359 0.033381 0.059343
2 0.029830 0.710859 0.018466 0.032828
23 0.047940 0.791035 0.023438 0.041667
5 0.443537 0.495581 0.029119 0.051768
19 0.796165 0.157828 0.032670 0.058081
20 0.476918 0.216540 0.029119 0.051768
7 0.319247 0.287247 0.019176 0.034091
25 0.627841 0.494949 0.034091 0.060606