5 0.073509 0.114268 0.029119 0.051768
7 0.102628 0.181187 0.019176 0.034091
24 0.029830 0.263889 0.026989 0.047980
22 0.112926 0.342172 0.029830 0.053030
29 0.051491 0.421086 0.033381 0.059343
28 0.076349 0.496843 0.033381 0.059343
10 0.103338 0.563763 0.023438 0.041667
23 0.094105 0.639520 0.023438 0.041667
15 0.511364 0.295455 0.018466 0.032828
16 0.655895 0.285985 0.033381 0.059343
12 0.744318 0.239899 0.024148 0.042929
22 0.778409 0.282828 0.029830 0.053030
6 0.446378 0.416035 0.030540 0.054293