12 0.039773 0.109848 0.024148 0.042929
27 0.079545 0.189394 0.028409 0.050505
3 0.104048 0.260732 0.023438 0.041667
20 0.104048 0.341540 0.029119 0.051768
21 0.052202 0.408460 0.019176 0.034091
16 0.091974 0.496843 0.033381 0.059343
14 0.072088 0.559975 0.019176 0.034091
26 0.097656 0.634470 0.017756 0.031566
22 0.036222 0.720960 0.029830 0.053030
29 0.808594 0.313763 0.033381 0.059343
20 0.766690 0.936237 0.029119 0.051768
28 0.214134 0.451389 0.033381 0.059343
5 0.385298 0.934975 0.029119 0.051768