12 0.092330 0.109848 0.024148 0.042929
0 0.088423 0.191288 0.030540 0.054293
7 0.073509 0.256944 0.019176 0.034091
5 0.101207 0.341540 0.029119 0.051768
4 0.086293 0.418561 0.030540 0.054293
23 0.094815 0.488005 0.023438 0.041667
17 0.089844 0.566288 0.026278 0.046717
18 0.067116 0.634470 0.017756 0.031566
3 0.041548 0.715278 0.023438 0.041667
20 0.074219 0.796086 0.029119 0.051768
15 0.112926 0.862374 0.018466 0.032828
9 0.485085 0.637626 0.025568 0.045455
2 0.699574 0.752525 0.018466 0.032828
10 0.562855 0.331439 0.023438 0.041667
19 0.421165 0.478535 0.032670 0.058081
17 0.193537 0.192551 0.026278 0.046717