7 0.114702 0.105429 0.019176 0.034091
12 0.088068 0.185606 0.024148 0.042929
8 0.027344 0.260732 0.023438 0.041667
3 0.045810 0.336490 0.023438 0.041667
21 0.029474 0.408460 0.019176 0.034091
0 0.060014 0.494318 0.030540 0.054293
23 0.060014 0.563763 0.023438 0.041667
29 0.072088 0.648359 0.033381 0.059343
21 0.363281 0.323864 0.019176 0.034091
4 0.437855 0.125631 0.030540 0.054293
29 0.924361 0.471591 0.033381 0.059343
6 0.472656 0.775884 0.030540 0.054293
10 0.235440 0.211490 0.023438 0.041667