4 0.111151 0.115530 0.030540 0.054293
9 0.046875 0.186869 0.025568 0.045455
17 0.043679 0.263258 0.026278 0.046717
18 0.097656 0.331439 0.017756 0.031566
27 0.083807 0.416667 0.028409 0.050505
23 0.100497 0.488005 0.023438 0.041667
26 0.042259 0.558712 0.017756 0.031566
14 0.072798 0.635732 0.019176 0.034091
12 0.029119 0.715909 0.024148 0.042929
24 0.054688 0.794192 0.026989 0.047980
19 0.094460 0.875000 0.032670 0.058081
1 0.095526 0.947601 0.029119 0.051768
7 0.737571 0.297348 0.019176 0.034091