16 0.091264 0.118056 0.033381 0.059343
14 0.078480 0.181187 0.019176 0.034091
24 0.072443 0.263889 0.026989 0.047980
28 0.099077 0.345328 0.033381 0.059343
12 0.102983 0.412879 0.024148 0.042929
21 0.087003 0.484217 0.019176 0.034091
23 0.084872 0.563763 0.023438 0.041667
2 0.099432 0.635101 0.018466 0.032828
29 0.089844 0.724116 0.033381 0.059343
1 0.104759 0.796086 0.029119 0.051768
26 0.027344 0.861742 0.017756 0.031566
7 0.092685 0.938763 0.019176 0.034091
26 0.774503 0.109217 0.017756 0.031566
4 0.442116 0.196338 0.030540 0.054293
18 0.774503 0.701389 0.017756 0.031566
20 0.590554 0.155934 0.029119 0.051768
28 0.621094 0.153409 0.033381 0.059343