21 0.055043 0.105429 0.019176 0.034091
26 0.088423 0.179924 0.017756 0.031566
23 0.106179 0.260732 0.023438 0.041667
18 0.087713 0.331439 0.017756 0.031566
8 0.112571 0.412247 0.023438 0.041667
17 0.028054 0.490530 0.026278 0.046717
29 0.096946 0.572601 0.033381 0.059343
5 0.069247 0.644571 0.029119 0.051768
0 0.110440 0.721591 0.030540 0.054293
16 0.082031 0.799874 0.033381 0.059343
4 0.083452 0.873106 0.030540 0.054293
9 0.107955 0.944444 0.025568 0.045455
23 0.501776 0.681187 0.023438 0.041667