15 0.089489 0.104798 0.018466 0.032828
4 0.106889 0.191288 0.030540 0.054293
12 0.106534 0.261364 0.024148 0.042929
18 0.096946 0.331439 0.017756 0.031566
20 0.101918 0.417298 0.029119 0.051768
19 0.089489 0.496212 0.032670 0.058081
25 0.095881 0.573232 0.034091 0.060606
29 0.042969 0.648359 0.033381 0.059343
27 0.107955 0.719697 0.028409 0.050505
28 0.053622 0.799874 0.033381 0.059343
9 0.042614 0.868687 0.025568 0.045455
22 0.075284 0.948232 0.029830 0.053030
20 0.297230 0.616793 0.029119 0.051768