16 0.082741 0.118056 0.033381 0.059343
2 0.023438 0.180556 0.018466 0.032828
9 0.089489 0.262626 0.025568 0.045455
23 0.081321 0.336490 0.023438 0.041667
0 0.068537 0.418561 0.030540 0.054293
17 0.084162 0.490530 0.026278 0.046717
22 0.095881 0.569444 0.029830 0.053030
4 0.052202 0.645833 0.030540 0.054293
11 0.100852 0.713384 0.021307 0.037879
6 0.073509 0.797348 0.030540 0.054293
5 0.092685 0.871843 0.029119 0.051768
21 0.023793 0.938763 0.019176 0.034091
25 0.289773 0.597222 0.034091 0.060606
13 0.552912 0.933712 0.017756 0.031566
6 0.436435 0.363005 0.030540 0.054293