0 0.048651 0.115530 0.030540 0.054293
16 0.067827 0.193813 0.033381 0.059343
7 0.025923 0.256944 0.019176 0.034091
14 0.093395 0.332702 0.019176 0.034091
27 0.105114 0.416667 0.028409 0.050505
10 0.028054 0.488005 0.023438 0.041667
12 0.066051 0.564394 0.024148 0.042929
13 0.058594 0.634470 0.017756 0.031566
6 0.049361 0.721591 0.030540 0.054293
18 0.108310 0.785985 0.017756 0.031566
4 0.091264 0.873106 0.030540 0.054293
23 0.040128 0.942551 0.023438 0.041667
21 0.393111 0.703914 0.019176 0.034091