20 0.066406 0.114268 0.029119 0.051768
21 0.084872 0.181187 0.019176 0.034091
12 0.055398 0.261364 0.024148 0.042929
19 0.041193 0.344697 0.032670 0.058081
11 0.054688 0.410354 0.021307 0.037879
28 0.061435 0.496843 0.033381 0.059343
2 0.063210 0.559343 0.018466 0.032828
14 0.025213 0.635732 0.019176 0.034091
29 0.083452 0.724116 0.033381 0.059343
23 0.040128 0.791035 0.023438 0.041667
18 0.047230 0.861742 0.017756 0.031566
12 0.517756 0.414141 0.024148 0.042929
16 0.959872 0.255682 0.033381 0.059343
11 0.948864 0.950758 0.021307 0.037879
28 0.806463 0.934975 0.033381 0.059343
1 0.524503 0.157197 0.029119 0.051768