25 0.041193 0.118687 0.034091 0.060606
13 0.067116 0.179924 0.017756 0.031566
10 0.057173 0.260732 0.023438 0.041667
2 0.080966 0.332071 0.018466 0.032828
7 0.048651 0.408460 0.019176 0.034091
23 0.098366 0.488005 0.023438 0.041667
6 0.031605 0.570076 0.030540 0.054293
29 0.071378 0.648359 0.033381 0.059343
16 0.725497 0.599116 0.033381 0.059343
14 0.353338 0.744318 0.019176 0.034091
23 0.768111 0.385732 0.023438 0.041667
22 0.636364 0.260101 0.029830 0.053030
9 0.292614 0.183081 0.025568 0.045455