21 0.089134 0.105429 0.019176 0.034091
20 0.048651 0.190025 0.029119 0.051768
1 0.035866 0.265783 0.029119 0.051768
18 0.107599 0.331439 0.017756 0.031566
27 0.028409 0.416667 0.028409 0.050505
11 0.041193 0.486111 0.021307 0.037879
2 0.046165 0.559343 0.018466 0.032828
5 0.033736 0.644571 0.029119 0.051768
0 0.093395 0.721591 0.030540 0.054293
24 0.054688 0.794192 0.026989 0.047980
10 0.031605 0.866793 0.023438 0.041667
17 0.817827 0.636995 0.026278 0.046717
12 0.808949 0.786616 0.024148 0.042929
29 0.589134 0.820076 0.033381 0.059343
11 0.960938 0.248737 0.021307 0.037879
6 0.688565 0.162247 0.030540 0.054293