10 0.076349 0.109217 0.023438 0.041667
28 0.057884 0.193813 0.033381 0.059343
7 0.103338 0.256944 0.019176 0.034091
26 0.030895 0.331439 0.017756 0.031566
12 0.040483 0.412879 0.024148 0.042929
18 0.113281 0.482955 0.017756 0.031566
5 0.108310 0.568813 0.029119 0.051768
14 0.034446 0.635732 0.019176 0.034091
29 0.033736 0.724116 0.033381 0.059343
20 0.055043 0.796086 0.029119 0.051768
17 0.106889 0.869318 0.026278 0.046717
25 0.683949 0.678030 0.034091 0.060606
24 0.930398 0.931818 0.026989 0.047980