4 0.061435 0.115530 0.030540 0.054293
21 0.046520 0.181187 0.019176 0.034091
1 0.036577 0.265783 0.029119 0.051768
13 0.040128 0.331439 0.017756 0.031566
23 0.043679 0.412247 0.023438 0.041667
18 0.031605 0.482955 0.017756 0.031566
28 0.064986 0.572601 0.033381 0.059343
29 0.069247 0.648359 0.033381 0.059343
25 0.047585 0.724747 0.034091 0.060606
0 0.050071 0.797348 0.030540 0.054293
2 0.084517 0.862374 0.018466 0.032828
16 0.094105 0.951389 0.033381 0.059343
9 0.589489 0.910354 0.025568 0.045455
25 0.413352 0.896465 0.034091 0.060606
6 0.236861 0.373106 0.030540 0.054293
27 0.257102 0.837121 0.028409 0.050505