9 0.260298 0.789773 0.031960 0.061869
16 0.168324 0.587121 0.038352 0.058081
22 0.127131 0.455808 0.034091 0.058081
2 0.364347 0.457071 0.062500 0.085859
6 0.678267 0.541667 0.049716 0.085859
0 0.510653 0.406566 0.032670 0.055556
5 0.890980 0.097854 0.033381 0.061869
26 0.321023 0.863005 0.068182 0.082071
15 0.074219 0.496212 0.068892 0.085859
14 0.117898 0.704545 0.032670 0.058081
17 0.191761 0.131944 0.035511 0.061869
25 0.528054 0.058712 0.033381 0.059343
23 0.691051 0.795455 0.032670 0.058081
13 0.925426 0.101010 0.024148 0.047980
4 0.115057 0.126894 0.035511 0.056818
27 0.578835 0.816919 0.068182 0.080808
18 0.677912 0.417298 0.033381 0.059343
19 0.502486 0.295455 0.034801 0.068182