3 0.537287 0.102904 0.066051 0.087121
14 0.587358 0.688131 0.032670 0.058081
6 0.353693 0.710859 0.049716 0.085859
5 0.150923 0.626894 0.033381 0.061869
23 0.487926 0.243687 0.032670 0.058081
19 0.067116 0.315657 0.034801 0.068182
11 0.886364 0.135732 0.032670 0.059343
8 0.723011 0.097222 0.032670 0.065657
1 0.810724 0.736742 0.034801 0.061869
16 0.769176 0.810606 0.038352 0.058081
22 0.536932 0.351010 0.034091 0.058081
17 0.337358 0.188763 0.035511 0.061869
13 0.857955 0.079545 0.024148 0.047980
12 0.955611 0.577020 0.029119 0.047980
25 0.167259 0.368056 0.033381 0.059343
9 0.144531 0.152146 0.031960 0.061869
21 0.227628 0.713384 0.070312 0.085859
2 0.526278 0.895202 0.062500 0.085859
27 0.661222 0.319444 0.068182 0.080808
26 0.490767 0.791035 0.068182 0.082071
20 0.408381 0.107323 0.032670 0.058081
10 0.379616 0.927399 0.039062 0.079545
0 0.103693 0.404040 0.032670 0.055556
18 0.853338 0.258207 0.033381 0.059343