28 0.046520 0.855429 0.068892 0.082071
25 0.926491 0.890152 0.034801 0.060606
25 0.458452 0.224747 0.037642 0.065657
6 0.403054 0.923611 0.374290 0.145202
25 0.417969 0.632576 0.030540 0.053030
14 0.052557 0.196970 0.024148 0.047980
3 0.050781 0.486742 0.060369 0.079545
17 0.976562 0.426768 0.045455 0.068182
0 0.979759 0.921086 0.026278 0.044192
19 0.835227 0.492424 0.039773 0.070707
8 0.400923 0.268308 0.037642 0.071970
1 0.616477 0.204545 0.034091 0.060606
0 0.341619 0.654040 0.029830 0.050505
0 0.700994 0.472222 0.035511 0.060606
10 0.624290 0.438131 0.031250 0.060606
0 0.068537 0.773990 0.037642 0.063131
12 0.977983 0.558712 0.035511 0.064394
25 0.111151 0.417929 0.031960 0.055556
20 0.212003 0.522727 0.036222 0.070707
27 0.179688 0.111742 0.062500 0.074495
24 0.812500 0.027778 0.031250 0.055556
18 0.639205 0.878157 0.039773 0.069444
4 0.533381 0.479167 0.036932 0.059343
26 0.970170 0.686869 0.034091 0.060606
7 0.247869 0.315657 0.048295 0.083333
23 0.651278 0.718434 0.028409 0.047980
10 0.153764 0.665404 0.037642 0.073232
25 0.702415 0.539773 0.029830 0.051768
27 0.436435 0.545455 0.067472 0.080808