22 0.074574 0.761364 0.034091 0.058081
4 0.545455 0.224116 0.035511 0.056818
25 0.378196 0.222854 0.033381 0.059343
14 0.507102 0.960859 0.032670 0.058081
21 0.700639 0.257576 0.070312 0.085859
9 0.267401 0.503157 0.031960 0.061869
19 0.798651 0.920455 0.034801 0.068182
0 0.307528 0.847222 0.032670 0.055556
15 0.581321 0.847222 0.068892 0.085859
1 0.425071 0.109217 0.034801 0.061869
6 0.469460 0.327020 0.049716 0.085859
7 0.162287 0.879419 0.031960 0.061869
18 0.631037 0.655934 0.033381 0.059343
10 0.818537 0.546086 0.039062 0.079545
5 0.079901 0.225379 0.033381 0.061869
16 0.936080 0.849747 0.038352 0.058081
27 0.714489 0.549242 0.068182 0.080808
8 0.138494 0.084596 0.032670 0.065657
13 0.172585 0.702020 0.024148 0.047980