10 0.539062 0.564394 0.032670 0.065657
22 0.647727 0.809343 0.032670 0.058081
26 0.859375 0.260732 0.035511 0.061869
3 0.880327 0.488005 0.066051 0.087121
1 0.430043 0.285985 0.034801 0.061869
9 0.457741 0.383207 0.031960 0.061869
5 0.050071 0.410354 0.026278 0.050505
27 0.515980 0.669823 0.033381 0.059343
8 0.794744 0.816919 0.049716 0.085859
6 0.690696 0.638258 0.081676 0.137626
11 0.958452 0.903409 0.031960 0.061869
16 0.078835 0.791667 0.032670 0.058081
12 0.780895 0.581439 0.039062 0.079545
21 0.325639 0.332071 0.034801 0.068182
2 0.291193 0.438131 0.062500 0.085859
17 0.110440 0.202020 0.068892 0.085859
15 0.154830 0.342172 0.024148 0.047980
28 0.416193 0.054924 0.068182 0.082071
14 0.354048 0.133838 0.029119 0.047980
19 0.127841 0.943813 0.035511 0.061869
23 0.207741 0.414141 0.070312 0.085859
18 0.765625 0.659091 0.038352 0.058081
29 0.743608 0.176768 0.068182 0.080808
13 0.823153 0.919823 0.032670 0.059343
24 0.571733 0.859848 0.034091 0.058081
20 0.801491 0.349116 0.033381 0.059343
25 0.909091 0.609848 0.032670 0.058081
7 0.943537 0.073864 0.033381 0.061869