10 0.457031 0.210227 0.039062 0.079545
3 0.838423 0.654672 0.066051 0.087121
19 0.498935 0.617424 0.034801 0.068182
7 0.453480 0.107955 0.031960 0.061869
20 0.834517 0.950758 0.032670 0.058081
23 0.823153 0.045455 0.032670 0.058081
16 0.618608 0.435606 0.038352 0.058081
21 0.732599 0.371212 0.070312 0.085859
1 0.043679 0.047348 0.034801 0.061869
9 0.776634 0.504419 0.031960 0.061869
2 0.685369 0.132576 0.062500 0.085859
15 0.526634 0.717172 0.068892 0.085859
4 0.093040 0.241793 0.035511 0.056818
5 0.966264 0.216540 0.033381 0.061869
11 0.205256 0.673611 0.032670 0.059343
22 0.651278 0.501263 0.034091 0.058081
25 0.498224 0.471591 0.033381 0.059343