19 0.480469 0.090909 0.034801 0.068182
22 0.955966 0.036616 0.034091 0.058081
17 0.053977 0.389520 0.035511 0.061869
2 0.950284 0.587121 0.062500 0.085859
20 0.352983 0.768939 0.032670 0.058081
14 0.147017 0.537879 0.032670 0.058081
10 0.229759 0.893308 0.039062 0.079545
5 0.780185 0.799874 0.033381 0.061869
16 0.776278 0.502525 0.038352 0.058081
25 0.599077 0.402146 0.033381 0.059343
3 0.734020 0.131944 0.066051 0.087121
21 0.576349 0.832071 0.070312 0.085859
24 0.176847 0.366793 0.035511 0.061869
23 0.358665 0.261364 0.032670 0.058081
15 0.880327 0.920455 0.068892 0.085859
26 0.545455 0.333965 0.068182 0.082071
12 0.596946 0.286616 0.029119 0.047980
18 0.064276 0.849116 0.033381 0.059343
4 0.139205 0.667298 0.035511 0.056818
13 0.171875 0.444444 0.024148 0.047980
9 0.372514 0.913510 0.031960 0.061869
6 0.911932 0.819444 0.049716 0.085859
27 0.718040 0.617424 0.068182 0.080808
0 0.755682 0.334596 0.032670 0.055556
1 0.427912 0.253157 0.034801 0.061869