27 0.814631 0.362374 0.073864 0.088384
8 0.062145 0.345328 0.034801 0.066919
16 0.866477 0.526515 0.080966 0.101010
4 0.416193 0.050505 0.029830 0.047980
20 0.162997 0.367424 0.029119 0.058081
13 0.021662 0.317551 0.024858 0.041667
27 0.735440 0.039773 0.066051 0.079545
12 0.875000 0.253788 0.026989 0.047980
13 0.182173 0.686237 0.023438 0.039141
25 0.777699 0.167298 0.034091 0.059343
12 0.634588 0.431818 0.030540 0.055556
23 0.077060 0.879419 0.037642 0.064394
7 0.875710 0.878157 0.045455 0.079545
1 0.578125 0.842172 0.039773 0.070707
28 0.623935 0.525884 0.071733 0.084596
19 0.019176 0.603535 0.038352 0.068182
15 0.492543 0.354167 0.027699 0.049242
26 0.026634 0.081439 0.031960 0.056818
6 0.683239 0.642045 0.303977 0.117424
5 0.334872 0.125631 0.033381 0.061869
7 0.172585 0.570707 0.049716 0.085859
2 0.256747 0.219697 0.070312 0.095960
22 0.449219 0.700758 0.078835 0.095960