23 0.137074 0.313131 0.032670 0.058081
5 0.830611 0.504419 0.033381 0.061869
21 0.851207 0.636364 0.070312 0.085859
7 0.527344 0.820076 0.031960 0.061869
27 0.830966 0.890152 0.068182 0.080808
4 0.861506 0.750631 0.035511 0.056818
22 0.407670 0.351010 0.034091 0.058081
6 0.167614 0.150253 0.049716 0.085859
3 0.258168 0.783460 0.066051 0.087121
20 0.769886 0.123737 0.032670 0.058081
11 0.397017 0.764520 0.032670 0.059343
19 0.242543 0.619949 0.034801 0.068182
13 0.637074 0.940657 0.024148 0.047980
17 0.453125 0.400884 0.035511 0.061869
15 0.765270 0.291667 0.068892 0.085859
2 0.778409 0.498737 0.062500 0.085859
0 0.649148 0.869949 0.032670 0.055556
8 0.154119 0.503788 0.032670 0.065657
9 0.405185 0.123106 0.031960 0.061869
10 0.929332 0.783460 0.039062 0.079545
26 0.473722 0.802399 0.068182 0.082071
25 0.067827 0.379419 0.033381 0.059343
24 0.920455 0.145833 0.035511 0.061869
14 0.453835 0.196970 0.032670 0.058081
16 0.451705 0.520202 0.038352 0.058081
18 0.089844 0.708965 0.033381 0.059343
12 0.682173 0.401515 0.029119 0.047980
1 0.726918 0.580177 0.034801 0.061869