19 0.365057 0.593434 0.035511 0.063131
6 0.645241 0.882576 0.398438 0.154040
22 0.277344 0.575126 0.075994 0.092172
22 0.279830 0.849116 0.069602 0.084596
9 0.849787 0.037247 0.027699 0.056818
23 0.915838 0.043561 0.036222 0.061869
14 0.364347 0.714646 0.021307 0.042929
21 0.150213 0.312500 0.027699 0.049242
15 0.575284 0.479798 0.032670 0.058081
13 0.849432 0.628157 0.024148 0.039141
18 0.310369 0.089015 0.034091 0.059343
12 0.963423 0.265152 0.039062 0.070707
14 0.582741 0.027146 0.020597 0.041667
14 0.165838 0.513889 0.027699 0.055556
4 0.204190 0.034722 0.040483 0.064394
14 0.242543 0.400884 0.023438 0.046717
3 0.486151 0.474116 0.064631 0.084596
13 0.061435 0.242424 0.027699 0.045455
8 0.391690 0.885732 0.030540 0.059343
10 0.933594 0.863005 0.030540 0.059343
19 0.032670 0.140152 0.029830 0.053030
13 0.436435 0.361111 0.027699 0.045455
26 0.109375 0.079545 0.036932 0.065657
14 0.333097 0.265783 0.026989 0.054293
13 0.504616 0.085859 0.024858 0.040404
13 0.661932 0.101641 0.032670 0.054293
21 0.152699 0.579545 0.031250 0.055556