21 0.697088 0.242424 0.070312 0.085859
22 0.034801 0.564394 0.034091 0.058081
8 0.473011 0.268939 0.032670 0.065657
26 0.904119 0.842803 0.068182 0.082071
12 0.265980 0.138889 0.029119 0.047980
19 0.896662 0.255051 0.034801 0.068182
25 0.323509 0.313763 0.033381 0.059343
27 0.730114 0.539141 0.068182 0.080808
9 0.805043 0.416035 0.031960 0.061869
6 0.140625 0.407828 0.049716 0.085859
10 0.430753 0.859217 0.039062 0.079545
20 0.750710 0.460859 0.032670 0.058081
16 0.127841 0.237374 0.038352 0.058081
4 0.188920 0.515783 0.035511 0.056818
0 0.856534 0.549242 0.032670 0.055556
15 0.798651 0.733586 0.068892 0.085859
7 0.814276 0.307449 0.031960 0.061869
23 0.227273 0.669192 0.032670 0.058081
24 0.521307 0.227904 0.035511 0.061869
2 0.049006 0.073232 0.062500 0.085859
3 0.143111 0.840278 0.066051 0.087121
5 0.208452 0.316288 0.033381 0.061869
18 0.126776 0.080177 0.033381 0.059343
1 0.403054 0.087753 0.034801 0.061869
14 0.696023 0.032828 0.032670 0.058081
11 0.817472 0.869318 0.032670 0.059343
13 0.169744 0.116162 0.024148 0.047980
17 0.246449 0.359217 0.035511 0.061869