19 0.844815 0.421717 0.034801 0.068182
20 0.587358 0.371212 0.032670 0.058081
7 0.813565 0.119318 0.031960 0.061869
16 0.294034 0.887626 0.038352 0.058081
22 0.279830 0.190657 0.034091 0.058081
6 0.452415 0.638889 0.049716 0.085859
11 0.267756 0.948864 0.032670 0.059343
15 0.034446 0.525253 0.068892 0.085859
10 0.617543 0.049874 0.039062 0.079545
5 0.311435 0.325126 0.033381 0.061869
23 0.438210 0.077020 0.032670 0.058081
14 0.937500 0.073232 0.032670 0.058081
13 0.933239 0.848485 0.024148 0.047980
17 0.478693 0.369318 0.035511 0.061869
9 0.494673 0.922348 0.031960 0.061869