13 0.360795 0.231692 0.032670 0.059343
8 0.843040 0.905303 0.049716 0.085859
4 0.937500 0.705177 0.035511 0.056818
3 0.422230 0.259470 0.066051 0.087121
25 0.480114 0.117424 0.032670 0.058081
12 0.319247 0.691288 0.039062 0.079545
28 0.734375 0.514520 0.068182 0.082071
21 0.206321 0.809343 0.034801 0.068182
22 0.885653 0.151515 0.032670 0.058081
10 0.948153 0.857323 0.032670 0.065657
24 0.423295 0.888889 0.034091 0.058081
26 0.532670 0.249369 0.035511 0.061869
0 0.340909 0.449495 0.032670 0.055556
18 0.468750 0.963384 0.038352 0.058081
19 0.561790 0.101641 0.035511 0.061869
6 0.083452 0.488005 0.081676 0.137626