21 0.142045 0.763889 0.035511 0.063131
20 0.919389 0.796086 0.033381 0.064394
0 0.421520 0.065025 0.026278 0.044192
18 0.321733 0.229167 0.028409 0.049242
5 0.162642 0.680556 0.035511 0.065657
19 0.656605 0.405934 0.029119 0.051768
8 0.156605 0.339646 0.037642 0.073232
1 0.087358 0.069444 0.041193 0.073232
14 0.094460 0.661616 0.022727 0.045455
26 0.453125 0.162879 0.035511 0.063131
2 0.701705 0.636364 0.056818 0.078283
7 0.861151 0.096591 0.049006 0.084596
27 0.042614 0.197601 0.063920 0.077020
27 0.797230 0.587121 0.060369 0.073232
15 0.617188 0.458333 0.028409 0.050505
8 0.845526 0.428030 0.036222 0.070707
27 0.748580 0.097854 0.068182 0.082071
7 0.590199 0.606061 0.045455 0.078283
21 0.063210 0.409091 0.031250 0.055556