25 0.480824 0.662879 0.032670 0.058081
3 0.275923 0.527146 0.066051 0.087121
24 0.691761 0.080808 0.034091 0.058081
12 0.773082 0.714015 0.039062 0.079545
8 0.823153 0.422980 0.049716 0.085859
10 0.285511 0.608586 0.032670 0.065657
29 0.807528 0.535354 0.068182 0.080808
19 0.203125 0.937500 0.035511 0.061869
23 0.321378 0.848485 0.070312 0.085859
4 0.180398 0.217803 0.035511 0.056818
17 0.935724 0.635101 0.068892 0.085859
27 0.566406 0.875631 0.033381 0.059343
28 0.506392 0.376894 0.068182 0.082071
20 0.326349 0.361742 0.033381 0.059343
5 0.298651 0.455808 0.026278 0.050505
6 0.682884 0.388258 0.081676 0.137626
14 0.275923 0.103535 0.029119 0.047980
26 0.372869 0.186237 0.035511 0.061869
13 0.952415 0.126894 0.032670 0.059343
15 0.075994 0.873737 0.024148 0.047980
9 0.643111 0.153409 0.031960 0.061869