7 0.344460 0.674242 0.055398 0.095960
25 0.298651 0.219697 0.030540 0.053030
16 0.410156 0.738636 0.073153 0.090909
12 0.743253 0.732323 0.031960 0.058081
1 0.451705 0.104798 0.038352 0.068182
15 0.579901 0.405934 0.030540 0.054293
15 0.131392 0.925505 0.028409 0.050505
10 0.509943 0.873737 0.028409 0.055556
15 0.747159 0.154040 0.032670 0.058081
14 0.606534 0.904040 0.019886 0.040404
14 0.367543 0.436237 0.026278 0.051768
22 0.258878 0.794823 0.071733 0.087121
25 0.429688 0.241793 0.041193 0.071970
20 0.720526 0.064394 0.034801 0.068182
15 0.189631 0.333333 0.028409 0.050505
28 0.636364 0.253157 0.062500 0.074495
19 0.116832 0.037247 0.027699 0.049242
17 0.171165 0.943182 0.041193 0.063131
13 0.731534 0.634470 0.028409 0.046717
16 0.034801 0.581439 0.063920 0.079545
6 0.847656 0.863005 0.297585 0.114899
3 0.493608 0.453283 0.078125 0.103535
2 0.946378 0.148359 0.074574 0.102273
13 0.672230 0.722222 0.033381 0.055556
18 0.483665 0.638258 0.034091 0.059343
23 0.175781 0.412247 0.033381 0.056818
5 0.241122 0.332702 0.031960 0.059343
4 0.198864 0.633207 0.039773 0.064394
26 0.349077 0.841540 0.029119 0.051768