19 0.356889 0.621212 0.034801 0.068182
17 0.213778 0.274621 0.035511 0.061869
14 0.727983 0.511364 0.032670 0.058081
26 0.519886 0.620581 0.068182 0.082071
21 0.689986 0.619949 0.070312 0.085859
12 0.443537 0.219697 0.029119 0.047980
3 0.177912 0.124369 0.066051 0.087121
23 0.517045 0.878788 0.032670 0.058081
2 0.684659 0.361111 0.062500 0.085859
25 0.778764 0.254419 0.033381 0.059343
10 0.376065 0.171086 0.039062 0.079545
6 0.297585 0.573232 0.049716 0.085859
1 0.819957 0.808712 0.034801 0.061869
8 0.915483 0.250000 0.032670 0.065657
7 0.301491 0.946338 0.031960 0.061869
0 0.340199 0.555556 0.032670 0.055556
18 0.547230 0.422348 0.033381 0.059343