13 0.558239 0.043561 0.032670 0.059343
24 0.130682 0.347222 0.034091 0.058081
20 0.144531 0.410985 0.033381 0.059343
18 0.704545 0.531566 0.038352 0.058081
16 0.557528 0.284091 0.032670 0.058081
10 0.115057 0.705808 0.032670 0.065657
7 0.917969 0.232955 0.033381 0.061869
23 0.837713 0.454545 0.070312 0.085859
27 0.872514 0.874369 0.033381 0.059343
9 0.330611 0.707702 0.031960 0.061869
12 0.245384 0.931187 0.039062 0.079545
15 0.840199 0.371212 0.024148 0.047980
26 0.577415 0.124369 0.035511 0.061869
3 0.302912 0.398359 0.066051 0.087121
17 0.900213 0.084596 0.068892 0.085859
5 0.980469 0.847222 0.026278 0.050505
28 0.785511 0.892045 0.068182 0.082071
14 0.981889 0.260101 0.029119 0.047980
1 0.427912 0.274621 0.034801 0.061869
8 0.053977 0.438131 0.049716 0.085859
21 0.240412 0.087121 0.034801 0.068182