9 0.555043 0.641414 0.036222 0.073232
12 0.106534 0.234217 0.034091 0.061869
5 0.238991 0.914773 0.034801 0.064394
8 0.946733 0.738636 0.031250 0.060606
21 0.748224 0.136995 0.027699 0.049242
4 0.775568 0.912247 0.031250 0.049242
12 0.816406 0.917929 0.037642 0.068182
28 0.697088 0.718434 0.060369 0.070707
10 0.075994 0.279040 0.025568 0.050505
4 0.742188 0.850379 0.034091 0.054293
9 0.357599 0.769571 0.036222 0.071970
26 0.868253 0.794823 0.029119 0.051768
24 0.346591 0.521465 0.038352 0.068182
17 0.648082 0.876263 0.043324 0.065657
9 0.113281 0.131313 0.037642 0.075758
2 0.587358 0.840278 0.065341 0.089646
0 0.953125 0.906566 0.031250 0.053030
12 0.095526 0.352273 0.026278 0.047980
5 0.671875 0.472222 0.029830 0.055556
6 0.296875 0.640152 0.286932 0.111111
5 0.321733 0.864899 0.031250 0.058081
1 0.939986 0.052399 0.034801 0.061869
22 0.465199 0.224116 0.066761 0.082071
17 0.284801 0.420455 0.036932 0.055556
27 0.432528 0.060606 0.073864 0.088384
19 0.482955 0.578283 0.034091 0.060606
0 0.379972 0.949495 0.031250 0.053030