11 0.098011 0.727904 0.034091 0.069444
4 0.592330 0.432449 0.034091 0.054293
4 0.718040 0.698864 0.029830 0.046717
14 0.883168 0.825126 0.022017 0.044192
27 0.763139 0.459596 0.061790 0.073232
28 0.113281 0.524621 0.067472 0.079545
11 0.255327 0.070707 0.034801 0.070707
21 0.189276 0.765783 0.030540 0.054293
21 0.203480 0.886995 0.029119 0.051768
14 0.660511 0.368056 0.021307 0.041667
5 0.556108 0.881313 0.038352 0.070707
7 0.254616 0.897096 0.054688 0.094697
2 0.881747 0.134470 0.068892 0.094697
19 0.764205 0.305556 0.028409 0.050505
21 0.156960 0.381313 0.038352 0.068182
21 0.950994 0.702020 0.035511 0.063131
1 0.607599 0.647096 0.033381 0.059343
15 0.684659 0.255051 0.036932 0.065657
1 0.549361 0.360480 0.040483 0.071970
4 0.101207 0.273359 0.041903 0.066919
10 0.517045 0.571338 0.026989 0.051768
25 0.388494 0.254419 0.038352 0.066919
1 0.193537 0.705177 0.027699 0.049242
15 0.352273 0.753788 0.031250 0.055556
24 0.436790 0.635101 0.029830 0.053030
27 0.750710 0.931187 0.059659 0.071970
17 0.906250 0.553030 0.036932 0.055556
13 0.579190 0.175505 0.033381 0.055556
8 0.570668 0.495581 0.029119 0.056818
15 0.017756 0.704545 0.026989 0.047980