23 0.132102 0.407828 0.032670 0.058081
11 0.373580 0.144571 0.032670 0.059343
0 0.188920 0.425505 0.032670 0.055556
6 0.316051 0.239899 0.049716 0.085859
8 0.591619 0.440657 0.032670 0.065657
2 0.110795 0.258838 0.062500 0.085859
22 0.494318 0.969697 0.034091 0.058081
4 0.817472 0.173611 0.035511 0.056818
26 0.546875 0.673611 0.068182 0.082071
14 0.099432 0.664141 0.032670 0.058081
7 0.941406 0.614268 0.031960 0.061869
10 0.128906 0.592803 0.039062 0.079545
12 0.751776 0.190657 0.029119 0.047980
15 0.676491 0.839646 0.068892 0.085859
25 0.976207 0.428662 0.033381 0.059343
9 0.251065 0.181187 0.031960 0.061869
24 0.167614 0.250631 0.035511 0.061869
19 0.476207 0.717172 0.034801 0.068182
17 0.777699 0.333965 0.035511 0.061869
20 0.333807 0.811869 0.032670 0.058081
5 0.158736 0.488005 0.033381 0.061869
18 0.888849 0.727904 0.033381 0.059343
21 0.459162 0.188131 0.070312 0.085859
1 0.175781 0.599116 0.034801 0.061869
16 0.495028 0.071970 0.038352 0.058081
3 0.393111 0.845328 0.066051 0.087121
13 0.291193 0.752525 0.024148 0.047980