25 0.916903 0.640152 0.032670 0.058081
1 0.557884 0.493056 0.034801 0.061869
19 0.636364 0.078914 0.035511 0.061869
27 0.111861 0.107955 0.033381 0.059343
17 0.555753 0.313131 0.068892 0.085859
26 0.691051 0.239268 0.035511 0.061869
21 0.271662 0.138889 0.034801 0.068182
0 0.869318 0.433081 0.032670 0.055556
24 0.345170 0.924242 0.034091 0.058081
16 0.954545 0.489899 0.032670 0.058081
20 0.927202 0.751894 0.033381 0.059343
6 0.351918 0.505682 0.081676 0.137626
13 0.750710 0.669823 0.032670 0.059343
4 0.656250 0.498106 0.035511 0.056818
12 0.442827 0.145833 0.039062 0.079545
18 0.665483 0.863636 0.038352 0.058081
22 0.901278 0.922980 0.032670 0.058081
2 0.171165 0.696970 0.062500 0.085859
7 0.881747 0.111742 0.033381 0.061869