25 0.345526 0.143308 0.033381 0.059343
11 0.154119 0.669823 0.032670 0.059343
3 0.344105 0.301136 0.066051 0.087121
1 0.672230 0.957702 0.034801 0.061869
0 0.521307 0.931818 0.032670 0.055556
22 0.314631 0.800505 0.034091 0.058081
5 0.057884 0.451389 0.033381 0.061869
2 0.371449 0.484848 0.062500 0.085859
26 0.692472 0.163510 0.068182 0.082071
20 0.204545 0.623737 0.032670 0.058081
12 0.602628 0.969697 0.029119 0.047980
24 0.650568 0.374369 0.035511 0.061869
7 0.908736 0.582702 0.031960 0.061869
18 0.756747 0.159722 0.033381 0.059343
4 0.769886 0.438763 0.035511 0.056818
21 0.427912 0.047980 0.070312 0.085859
9 0.611151 0.714015 0.031960 0.061869
27 0.465199 0.276515 0.068182 0.080808
19 0.819957 0.377525 0.034801 0.068182
17 0.443182 0.821338 0.035511 0.061869
8 0.345881 0.207071 0.032670 0.065657
15 0.488281 0.450758 0.068892 0.085859
16 0.852273 0.049242 0.038352 0.058081