14 0.226562 0.845960 0.032670 0.058081
25 0.309304 0.667298 0.033381 0.059343
4 0.426136 0.551136 0.035511 0.056818
26 0.818892 0.287247 0.068182 0.082071
12 0.504616 0.042929 0.029119 0.047980
13 0.416193 0.378788 0.024148 0.047980
19 0.199219 0.073232 0.034801 0.068182
5 0.178622 0.482955 0.033381 0.061869
16 0.410511 0.127525 0.038352 0.058081
7 0.348366 0.857955 0.031960 0.061869
17 0.571023 0.038510 0.035511 0.061869
24 0.139205 0.466540 0.035511 0.061869
15 0.630327 0.270202 0.068892 0.085859
22 0.827415 0.619949 0.034091 0.058081
21 0.829901 0.946970 0.070312 0.085859
2 0.289062 0.512626 0.062500 0.085859
9 0.471236 0.111742 0.031960 0.061869
6 0.947443 0.709596 0.049716 0.085859
18 0.387429 0.433712 0.033381 0.059343