19 0.220881 0.860480 0.035511 0.061869
11 0.432173 0.885732 0.031960 0.061869
22 0.438920 0.696970 0.032670 0.058081
8 0.317472 0.368687 0.049716 0.085859
26 0.554688 0.573864 0.035511 0.061869
5 0.588423 0.516414 0.026278 0.050505
20 0.805753 0.120581 0.033381 0.059343
13 0.186080 0.784722 0.032670 0.059343
23 0.343395 0.804293 0.070312 0.085859
2 0.740057 0.710859 0.062500 0.085859
6 0.933594 0.250631 0.081676 0.137626
16 0.882102 0.752525 0.032670 0.058081
10 0.845881 0.368687 0.032670 0.065657
14 0.280895 0.157828 0.029119 0.047980
15 0.807528 0.301768 0.024148 0.047980
7 0.393821 0.056187 0.033381 0.061869
3 0.697798 0.389520 0.066051 0.087121
28 0.817472 0.563763 0.068182 0.082071
12 0.278764 0.732955 0.039062 0.079545
29 0.083097 0.438131 0.068182 0.080808
4 0.019176 0.397096 0.035511 0.056818
24 0.628551 0.618687 0.034091 0.058081
9 0.271662 0.226641 0.031960 0.061869
0 0.642045 0.416667 0.032670 0.055556
1 0.089844 0.671086 0.034801 0.061869
21 0.376065 0.191919 0.034801 0.068182