23 0.763494 0.794192 0.031250 0.053030
12 0.716264 0.193813 0.026278 0.046717
19 0.945668 0.721591 0.036222 0.064394
26 0.673295 0.428030 0.035511 0.063131
15 0.334872 0.504419 0.026278 0.046717
4 0.794389 0.676768 0.039062 0.063131
9 0.355114 0.900253 0.031250 0.063131
1 0.755682 0.595960 0.036932 0.065657
12 0.206321 0.196970 0.034801 0.063131
3 0.090909 0.607323 0.071023 0.093434
27 0.464134 0.453914 0.077415 0.092172
27 0.866477 0.912879 0.058239 0.070707
24 0.596236 0.801136 0.034801 0.061869
21 0.237216 0.795455 0.034091 0.060606
3 0.036577 0.832071 0.057528 0.075758
10 0.633523 0.651515 0.035511 0.068182
22 0.444957 0.681187 0.063210 0.077020
5 0.893466 0.145202 0.036932 0.068182
14 0.441051 0.247475 0.025568 0.050505
11 0.832741 0.243687 0.040483 0.083333
1 0.503906 0.908460 0.033381 0.059343
23 0.674361 0.183712 0.031960 0.054293
2 0.379616 0.477273 0.053267 0.073232
28 0.364347 0.316919 0.063920 0.075758
18 0.918324 0.601641 0.029830 0.051768
7 0.848011 0.349116 0.045455 0.079545
26 0.133523 0.106061 0.035511 0.063131