9 0.679332 0.759470 0.031960 0.061869
25 0.175781 0.032197 0.033381 0.059343
13 0.587358 0.939394 0.024148 0.047980
14 0.766335 0.217172 0.032670 0.058081
11 0.128551 0.067551 0.032670 0.059343
21 0.461293 0.803030 0.070312 0.085859
22 0.382102 0.946970 0.034091 0.058081
2 0.743608 0.738636 0.062500 0.085859
5 0.439986 0.628157 0.033381 0.061869
7 0.267401 0.889520 0.031960 0.061869
4 0.793324 0.346591 0.035511 0.056818
6 0.078125 0.794192 0.049716 0.085859
10 0.024503 0.806187 0.039062 0.079545
20 0.223722 0.204545 0.032670 0.058081
19 0.072798 0.505051 0.034801 0.068182
18 0.345526 0.705177 0.033381 0.059343
1 0.783736 0.450126 0.034801 0.061869
17 0.590909 0.131944 0.035511 0.061869
23 0.174716 0.885101 0.032670 0.058081
16 0.838068 0.088384 0.038352 0.058081