0 0.676847 0.073232 0.032670 0.055556
21 0.458452 0.642677 0.070312 0.085859
25 0.474787 0.490530 0.033381 0.059343
2 0.330966 0.303030 0.062500 0.085859
4 0.692472 0.515783 0.035511 0.056818
1 0.915838 0.378157 0.034801 0.061869
10 0.789418 0.293561 0.039062 0.079545
23 0.934659 0.080808 0.032670 0.058081
19 0.594105 0.748737 0.034801 0.068182
11 0.976562 0.552399 0.032670 0.059343
7 0.264560 0.567551 0.031960 0.061869
13 0.171875 0.084596 0.024148 0.047980
15 0.826349 0.101010 0.068892 0.085859
22 0.969460 0.148990 0.034091 0.058081
26 0.269176 0.741793 0.068182 0.082071
8 0.515625 0.928030 0.032670 0.065657
20 0.128551 0.943182 0.032670 0.058081
6 0.698153 0.223485 0.049716 0.085859
18 0.971946 0.865530 0.033381 0.059343
3 0.624645 0.575126 0.066051 0.087121
9 0.497514 0.855429 0.031960 0.061869
14 0.090199 0.369949 0.032670 0.058081
27 0.649858 0.400253 0.068182 0.080808