10 0.868963 0.325758 0.036222 0.070707
18 0.059304 0.148990 0.037642 0.065657
0 0.803977 0.320707 0.028409 0.047980
18 0.931463 0.593434 0.036222 0.063131
9 0.866122 0.068813 0.029119 0.059343
3 0.729403 0.141414 0.053977 0.070707
8 0.819957 0.090909 0.029119 0.055556
20 0.349077 0.589646 0.027699 0.055556
25 0.430753 0.935606 0.037642 0.065657
22 0.614702 0.395833 0.077415 0.094697
11 0.627841 0.280303 0.036932 0.075758
16 0.080966 0.049874 0.058239 0.071970
1 0.404830 0.527778 0.039773 0.070707
22 0.438920 0.035354 0.058239 0.070707
12 0.232955 0.448864 0.035511 0.064394
6 0.495384 0.160985 0.297585 0.114899
4 0.203480 0.251894 0.030540 0.049242
27 0.312500 0.913510 0.072443 0.087121
24 0.722301 0.560606 0.034091 0.060606