21 0.185724 0.218434 0.034801 0.068182
4 0.912642 0.570076 0.035511 0.056818
17 0.109020 0.252525 0.068892 0.085859
18 0.959517 0.265152 0.038352 0.058081
6 0.500355 0.101641 0.081676 0.137626
15 0.758523 0.188131 0.024148 0.047980
13 0.937500 0.462753 0.032670 0.059343
20 0.506747 0.958965 0.033381 0.059343
27 0.245384 0.130682 0.033381 0.059343
22 0.541193 0.483586 0.032670 0.058081
14 0.102628 0.955808 0.029119 0.047980
0 0.267756 0.406566 0.032670 0.055556
1 0.896662 0.892045 0.034801 0.061869
28 0.692472 0.335227 0.068182 0.082071
3 0.949929 0.768308 0.066051 0.087121
26 0.856534 0.703914 0.035511 0.061869
2 0.779119 0.613636 0.062500 0.085859
25 0.444602 0.385101 0.032670 0.058081
5 0.244673 0.518939 0.026278 0.050505
10 0.104403 0.364899 0.032670 0.065657
7 0.587713 0.614268 0.033381 0.061869
11 0.636719 0.573864 0.031960 0.061869
23 0.448509 0.587121 0.070312 0.085859
9 0.427202 0.783460 0.031960 0.061869
29 0.548295 0.686869 0.068182 0.080808
16 0.305398 0.868687 0.032670 0.058081