7 0.227628 0.442551 0.031960 0.061869
16 0.258523 0.777778 0.038352 0.058081
23 0.592330 0.720960 0.032670 0.058081
2 0.627131 0.066919 0.062500 0.085859
5 0.886009 0.087753 0.033381 0.061869
3 0.403054 0.770833 0.066051 0.087121
18 0.719105 0.951389 0.033381 0.059343
9 0.539418 0.198864 0.031960 0.061869
10 0.096236 0.446338 0.039062 0.079545
15 0.547230 0.385101 0.068892 0.085859
1 0.231889 0.917298 0.034801 0.061869
22 0.375710 0.050505 0.034091 0.058081
14 0.346591 0.748737 0.032670 0.058081
21 0.866832 0.577020 0.070312 0.085859
13 0.396307 0.363636 0.024148 0.047980
11 0.144886 0.037247 0.032670 0.059343
25 0.091974 0.732955 0.033381 0.059343
6 0.315341 0.830808 0.049716 0.085859
19 0.136719 0.631313 0.034801 0.068182
12 0.241122 0.348485 0.029119 0.047980
27 0.671875 0.589646 0.068182 0.080808
0 0.181818 0.448232 0.032670 0.055556
8 0.171165 0.194444 0.032670 0.065657
24 0.507102 0.691288 0.035511 0.061869
4 0.184659 0.655934 0.035511 0.056818