7 0.496804 0.227904 0.051847 0.089646
28 0.962003 0.419823 0.064631 0.077020
16 0.445312 0.477904 0.079545 0.099747
25 0.758168 0.693182 0.040483 0.070707
4 0.684659 0.599116 0.036932 0.059343
6 0.544034 0.834596 0.356534 0.138889
15 0.414418 0.095328 0.039062 0.069444
10 0.591974 0.551136 0.030540 0.059343
24 0.229759 0.933712 0.027699 0.049242
10 0.194602 0.307449 0.036932 0.071970
13 0.161932 0.050505 0.029830 0.047980
9 0.165128 0.625000 0.027699 0.055556
6 0.762784 0.070076 0.316761 0.122475
17 0.207741 0.421086 0.030540 0.046717
5 0.359730 0.368056 0.036222 0.066919
11 0.088778 0.183081 0.041193 0.083333
17 0.047940 0.929924 0.039062 0.059343
19 0.034091 0.429293 0.032670 0.058081
14 0.560369 0.698232 0.024148 0.047980
27 0.105114 0.674874 0.076705 0.092172
11 0.810724 0.831439 0.036222 0.074495