16 0.506392 0.205808 0.038352 0.058081
5 0.061435 0.427399 0.033381 0.061869
6 0.908381 0.833333 0.049716 0.085859
26 0.380682 0.402146 0.068182 0.082071
14 0.906960 0.574495 0.032670 0.058081
19 0.099787 0.132576 0.034801 0.068182
21 0.650923 0.446970 0.070312 0.085859
20 0.176847 0.064394 0.032670 0.058081
25 0.033736 0.934975 0.033381 0.059343
18 0.710582 0.414773 0.033381 0.059343
12 0.406605 0.628788 0.029119 0.047980
15 0.393821 0.541667 0.068892 0.085859
10 0.496804 0.121843 0.039062 0.079545
4 0.570312 0.344066 0.035511 0.056818
7 0.521662 0.871843 0.031960 0.061869
2 0.526278 0.551768 0.062500 0.085859
11 0.264205 0.947601 0.032670 0.059343
13 0.100852 0.704545 0.024148 0.047980
3 0.934304 0.736742 0.066051 0.087121
1 0.271662 0.188763 0.034801 0.061869
9 0.080611 0.328914 0.031960 0.061869