18 0.804332 0.292929 0.030540 0.053030
7 0.269531 0.501263 0.057528 0.098485
28 0.312855 0.933712 0.054688 0.064394
25 0.924716 0.742424 0.039773 0.068182
1 0.508523 0.578283 0.035511 0.063131
9 0.971236 0.339646 0.036222 0.073232
10 0.894531 0.580177 0.036222 0.069444
15 0.929688 0.867424 0.036932 0.065657
22 0.283736 0.857955 0.063210 0.077020
10 0.587358 0.132576 0.028409 0.055556
13 0.173295 0.359217 0.031250 0.051768
17 0.888139 0.249369 0.039062 0.059343
20 0.034091 0.109217 0.038352 0.074495
26 0.630682 0.068182 0.038352 0.068182
23 0.400568 0.722222 0.029830 0.050505
25 0.300781 0.328283 0.033381 0.058081
27 0.186435 0.902146 0.074574 0.089646
11 0.255682 0.752525 0.031250 0.063131
23 0.090909 0.357323 0.031250 0.053030
21 0.147017 0.107323 0.036932 0.065657
13 0.186435 0.188131 0.030540 0.050505
19 0.670455 0.364899 0.034091 0.060606
26 0.205611 0.768308 0.029119 0.051768
28 0.139915 0.638258 0.078125 0.092172