3 0.829901 0.420455 0.061790 0.080808
17 0.733665 0.371212 0.038352 0.058081
0 0.137074 0.217172 0.036932 0.063131
5 0.090199 0.891414 0.039773 0.073232
21 0.136719 0.517045 0.029119 0.051768
21 0.050426 0.518939 0.032670 0.058081
18 0.322443 0.481061 0.038352 0.065657
14 0.604048 0.080177 0.024858 0.049242
12 0.202060 0.609217 0.037642 0.069444
7 0.403764 0.489268 0.046165 0.079545
2 0.138139 0.099747 0.063210 0.085859
4 0.720170 0.125631 0.032670 0.051768
10 0.429332 0.150884 0.031960 0.061869
24 0.258168 0.953914 0.031960 0.056818
5 0.588423 0.403409 0.029119 0.054293
1 0.895597 0.219697 0.029830 0.053030
10 0.258878 0.772096 0.036222 0.069444
15 0.171520 0.172348 0.027699 0.049242
19 0.522017 0.707071 0.029830 0.053030
27 0.293679 0.142677 0.057528 0.068182
11 0.261364 0.241162 0.039773 0.080808
5 0.140270 0.943182 0.039062 0.073232
15 0.216264 0.397096 0.037642 0.066919
10 0.625355 0.486742 0.029119 0.056818
10 0.456321 0.539773 0.029119 0.056818