18 0.277699 0.344697 0.038352 0.058081
20 0.366832 0.649621 0.033381 0.059343
22 0.931818 0.401515 0.032670 0.058081
16 0.316761 0.680556 0.032670 0.058081
29 0.534801 0.646465 0.068182 0.080808
24 0.633523 0.157828 0.034091 0.058081
13 0.049006 0.193813 0.032670 0.059343
2 0.860795 0.424242 0.062500 0.085859
25 0.073153 0.287879 0.032670 0.058081
27 0.528764 0.932449 0.033381 0.059343
0 0.180398 0.314394 0.032670 0.055556
15 0.115767 0.690657 0.024148 0.047980
6 0.307173 0.830177 0.081676 0.137626
9 0.461293 0.345328 0.031960 0.061869
11 0.214134 0.159722 0.031960 0.061869
19 0.506392 0.722854 0.035511 0.061869
5 0.259588 0.593434 0.026278 0.050505
10 0.957386 0.292929 0.032670 0.065657
17 0.892401 0.886364 0.068892 0.085859
1 0.978338 0.788510 0.034801 0.061869