14 0.818537 0.616162 0.029119 0.047980
20 0.120384 0.934975 0.033381 0.059343
6 0.817827 0.177399 0.081676 0.137626
4 0.968750 0.359217 0.035511 0.056818
21 0.356179 0.450758 0.034801 0.068182
9 0.545099 0.812500 0.031960 0.061869
0 0.849432 0.077020 0.032670 0.055556
24 0.091619 0.327020 0.034091 0.058081
28 0.308949 0.749369 0.068182 0.082071
5 0.218395 0.085859 0.026278 0.050505
7 0.960582 0.499369 0.033381 0.061869
1 0.434304 0.571338 0.034801 0.061869
2 0.583807 0.482323 0.062500 0.085859
3 0.323509 0.643308 0.066051 0.087121
11 0.621094 0.942551 0.031960 0.061869
8 0.772727 0.952020 0.049716 0.085859
15 0.696023 0.304293 0.024148 0.047980
27 0.616832 0.370581 0.033381 0.059343
12 0.426491 0.436237 0.039062 0.079545
22 0.306818 0.045455 0.032670 0.058081
13 0.778409 0.427399 0.032670 0.059343
10 0.039773 0.873737 0.032670 0.065657
17 0.459162 0.234848 0.068892 0.085859
19 0.237926 0.870581 0.035511 0.061869
26 0.934659 0.640783 0.035511 0.061869
25 0.021307 0.685606 0.032670 0.058081
29 0.683239 0.417929 0.068182 0.080808
23 0.403054 0.766414 0.070312 0.085859
18 0.639915 0.287879 0.038352 0.058081
16 0.145597 0.699495 0.032670 0.058081