24 0.202415 0.060606 0.035511 0.063131
17 0.511364 0.458965 0.042614 0.064394
4 0.813920 0.434975 0.034091 0.054293
22 0.118253 0.276515 0.064631 0.078283
12 0.343395 0.126263 0.031960 0.058081
2 0.397017 0.477904 0.051136 0.069444
26 0.721236 0.390783 0.031960 0.056818
28 0.462358 0.955808 0.062500 0.073232
1 0.796875 0.647727 0.032670 0.058081
20 0.033381 0.463384 0.029830 0.058081
2 0.132457 0.484217 0.057528 0.079545
2 0.920810 0.331439 0.068892 0.094697
15 0.247514 0.511995 0.030540 0.054293
21 0.324219 0.601641 0.036222 0.064394
0 0.447088 0.187500 0.030540 0.051768
2 0.041193 0.222854 0.063920 0.087121
24 0.727628 0.898359 0.037642 0.066919
9 0.604048 0.280934 0.033381 0.066919
24 0.757812 0.703283 0.036932 0.065657