20 0.168679 0.129419 0.033381 0.059343
15 0.815341 0.170455 0.024148 0.047980
0 0.942472 0.207071 0.032670 0.055556
29 0.252841 0.282828 0.068182 0.080808
12 0.699929 0.500631 0.039062 0.079545
13 0.127841 0.054924 0.032670 0.059343
1 0.645952 0.181187 0.034801 0.061869
23 0.143111 0.815657 0.070312 0.085859
9 0.837003 0.923611 0.031960 0.061869
3 0.127486 0.246843 0.066051 0.087121
25 0.024858 0.636364 0.032670 0.058081
21 0.262429 0.674242 0.034801 0.068182
11 0.550781 0.359217 0.031960 0.061869
5 0.649503 0.638889 0.026278 0.050505
2 0.265625 0.164141 0.062500 0.085859
14 0.242543 0.494949 0.029119 0.047980
6 0.326349 0.801136 0.081676 0.137626
7 0.949929 0.410985 0.033381 0.061869
22 0.816051 0.549242 0.032670 0.058081
16 0.585227 0.840909 0.032670 0.058081