17 0.840909 0.400253 0.035511 0.053030
7 0.411222 0.853535 0.053977 0.093434
21 0.583097 0.109848 0.032670 0.058081
15 0.663707 0.496843 0.026278 0.046717
28 0.596236 0.183712 0.071733 0.084596
23 0.759233 0.151515 0.031250 0.053030
26 0.911222 0.941919 0.035511 0.063131
3 0.160511 0.364268 0.052557 0.069444
16 0.417614 0.083333 0.055398 0.068182
1 0.250355 0.551136 0.039062 0.069444
8 0.857244 0.527146 0.036932 0.071970
25 0.552557 0.358586 0.038352 0.065657
9 0.383523 0.588384 0.029830 0.060606
22 0.583807 0.613636 0.082386 0.101010
0 0.974432 0.782197 0.035511 0.059343