3 0.644886 0.908460 0.055398 0.071970
8 0.210582 0.728535 0.036222 0.070707
6 0.395241 0.416667 0.364347 0.141414
13 0.241832 0.097222 0.026278 0.042929
11 0.709517 0.293561 0.042614 0.087121
8 0.833452 0.321970 0.026278 0.050505
21 0.803977 0.058081 0.035511 0.063131
9 0.866832 0.847222 0.027699 0.055556
27 0.663707 0.553030 0.071733 0.085859
27 0.334517 0.839015 0.078125 0.094697
8 0.914418 0.426136 0.027699 0.054293
18 0.719460 0.077652 0.028409 0.049242
7 0.653409 0.137626 0.058239 0.101010
22 0.932173 0.051136 0.075994 0.092172
28 0.085227 0.102904 0.078125 0.092172
7 0.542259 0.837753 0.051847 0.089646
23 0.035866 0.592803 0.029119 0.049242
10 0.210582 0.801136 0.026278 0.051768
16 0.481889 0.563131 0.058949 0.073232
28 0.935014 0.504419 0.073153 0.087121
23 0.915483 0.136364 0.039773 0.068182
14 0.592330 0.228535 0.024148 0.047980
22 0.149503 0.693182 0.080256 0.098485
21 0.457741 0.797348 0.037642 0.066919