21 0.768821 0.188763 0.031960 0.056818
7 0.942827 0.301768 0.043324 0.075758
14 0.678267 0.171717 0.019886 0.040404
19 0.380682 0.839646 0.036932 0.065657
3 0.862216 0.127525 0.075284 0.098485
1 0.177202 0.278409 0.033381 0.059343
11 0.808949 0.679924 0.032670 0.066919
26 0.483310 0.736742 0.036222 0.064394
26 0.523438 0.695707 0.034091 0.060606
14 0.409091 0.747475 0.024148 0.047980
16 0.145952 0.956439 0.063210 0.079545
25 0.018821 0.856061 0.037642 0.065657
21 0.904119 0.333333 0.028409 0.050505
8 0.943892 0.426136 0.032670 0.064394
23 0.471591 0.425505 0.032670 0.055556