25 0.023082 0.374369 0.033381 0.059343
16 0.389205 0.964646 0.038352 0.058081
3 0.159446 0.440025 0.066051 0.087121
7 0.859730 0.910985 0.031960 0.061869
11 0.482244 0.523359 0.032670 0.059343
26 0.198864 0.222854 0.068182 0.082071
23 0.422585 0.623737 0.032670 0.058081
10 0.815696 0.734217 0.039062 0.079545
14 0.546875 0.515152 0.032670 0.058081
19 0.332741 0.643939 0.034801 0.068182
0 0.502131 0.853535 0.032670 0.055556
18 0.489702 0.030934 0.033381 0.059343
17 0.705256 0.313763 0.035511 0.061869
21 0.376065 0.252525 0.070312 0.085859
12 0.173651 0.898990 0.029119 0.047980
22 0.913352 0.905303 0.034091 0.058081
8 0.914773 0.127525 0.032670 0.065657
6 0.537642 0.207071 0.049716 0.085859
24 0.434659 0.779672 0.035511 0.061869
2 0.857244 0.261364 0.062500 0.085859
5 0.280895 0.363005 0.033381 0.061869
20 0.064631 0.487374 0.032670 0.058081
4 0.490767 0.284722 0.035511 0.056818
27 0.598722 0.097222 0.068182 0.080808
13 0.774858 0.845960 0.024148 0.047980
1 0.895952 0.756944 0.034801 0.061869
15 0.832741 0.532828 0.068892 0.085859
9 0.349787 0.125631 0.031960 0.061869