21 0.830966 0.037879 0.029830 0.053030
7 0.833097 0.784722 0.055398 0.094697
20 0.063565 0.938763 0.039062 0.077020
28 0.123935 0.230429 0.077415 0.092172
4 0.588068 0.150884 0.035511 0.056818
24 0.365412 0.486742 0.033381 0.059343
5 0.272727 0.416667 0.026989 0.050505
4 0.107955 0.111111 0.038352 0.060606
25 0.626776 0.757576 0.040483 0.070707
13 0.688920 0.270833 0.026989 0.044192
3 0.164062 0.047348 0.068182 0.089646
16 0.142401 0.475379 0.075994 0.094697
22 0.140980 0.950758 0.077415 0.093434
0 0.390980 0.191288 0.027699 0.046717
20 0.562500 0.518308 0.035511 0.069444
12 0.694602 0.782828 0.026989 0.047980
11 0.535511 0.235480 0.045455 0.092172
25 0.051136 0.162247 0.034091 0.059343
7 0.164418 0.846591 0.040483 0.069444
14 0.723722 0.943182 0.019886 0.040404
0 0.644176 0.147727 0.038352 0.065657
21 0.806818 0.640152 0.026989 0.047980
21 0.186080 0.733586 0.034091 0.060606
25 0.388139 0.141414 0.029119 0.050505
12 0.397372 0.069444 0.026278 0.047980
23 0.538352 0.704545 0.035511 0.060606
28 0.806108 0.164773 0.061080 0.071970
12 0.348011 0.234848 0.029830 0.053030