17 0.737216 0.511995 0.035511 0.061869
15 0.223366 0.393939 0.068892 0.085859
20 0.781960 0.872475 0.032670 0.058081
7 0.807884 0.354167 0.031960 0.061869
8 0.886364 0.148990 0.032670 0.065657
0 0.661932 0.094697 0.032670 0.055556
1 0.059304 0.666035 0.034801 0.061869
27 0.909091 0.253788 0.068182 0.080808
14 0.438920 0.238636 0.032670 0.058081
16 0.358665 0.362374 0.038352 0.058081
22 0.221591 0.867424 0.034091 0.058081
4 0.325284 0.913510 0.035511 0.056818
6 0.189631 0.281566 0.049716 0.085859
25 0.726918 0.701389 0.033381 0.059343
5 0.025923 0.193813 0.033381 0.061869
19 0.979759 0.527778 0.034801 0.068182
13 0.256392 0.832071 0.024148 0.047980
21 0.081321 0.199495 0.070312 0.085859
9 0.081321 0.340278 0.031960 0.061869
23 0.597301 0.536616 0.032670 0.058081