19 0.317116 0.530934 0.031960 0.056818
8 0.852983 0.278409 0.036932 0.071970
13 0.351207 0.219066 0.031960 0.051768
21 0.228693 0.713384 0.035511 0.063131
16 0.626065 0.838384 0.077415 0.095960
19 0.513494 0.561869 0.034091 0.060606
17 0.859020 0.191919 0.036222 0.055556
5 0.199219 0.624369 0.039062 0.071970
0 0.724432 0.301768 0.032670 0.055556
25 0.638139 0.282828 0.030540 0.053030
7 0.777699 0.533460 0.042614 0.074495
4 0.217330 0.476010 0.041193 0.065657
27 0.470526 0.376894 0.066051 0.079545
26 0.628551 0.112374 0.031250 0.055556
23 0.703480 0.882576 0.040483 0.068182