27 0.913707 0.676136 0.033381 0.059343
2 0.754261 0.897727 0.062500 0.085859
28 0.659091 0.106692 0.068182 0.082071
25 0.296875 0.694444 0.032670 0.058081
5 0.246804 0.603535 0.026278 0.050505
23 0.276634 0.460859 0.070312 0.085859
22 0.695312 0.694444 0.032670 0.058081
17 0.360440 0.085859 0.068892 0.085859
14 0.363991 0.469697 0.029119 0.047980
7 0.874645 0.322601 0.033381 0.061869
20 0.340554 0.318813 0.033381 0.059343
9 0.268821 0.366793 0.031960 0.061869
13 0.848722 0.871843 0.032670 0.059343
3 0.549361 0.674874 0.066051 0.087121
10 0.696023 0.492424 0.032670 0.065657
21 0.057173 0.183081 0.034801 0.068182
0 0.917614 0.237374 0.032670 0.055556
29 0.860795 0.224747 0.068182 0.080808
15 0.932528 0.381313 0.024148 0.047980
11 0.085582 0.366793 0.031960 0.061869
4 0.424006 0.043561 0.035511 0.056818
26 0.670455 0.236742 0.035511 0.061869
24 0.169744 0.755051 0.034091 0.058081
6 0.187145 0.301136 0.081676 0.137626
8 0.837358 0.672980 0.049716 0.085859
1 0.772372 0.407197 0.034801 0.061869
12 0.939276 0.799874 0.039062 0.079545