24 0.047585 0.133838 0.034091 0.058081
28 0.656250 0.722854 0.068182 0.082071
5 0.442827 0.295455 0.026278 0.050505
0 0.907670 0.477273 0.032670 0.055556
1 0.541548 0.768308 0.034801 0.061869
4 0.279830 0.746843 0.035511 0.056818
15 0.977983 0.731061 0.024148 0.047980
7 0.910866 0.707702 0.033381 0.061869
3 0.460582 0.753157 0.066051 0.087121
13 0.690341 0.270833 0.032670 0.059343
18 0.892045 0.564394 0.038352 0.058081
6 0.079190 0.924874 0.081676 0.137626
17 0.096946 0.626263 0.068892 0.085859
11 0.943537 0.616793 0.031960 0.061869
27 0.205611 0.120581 0.033381 0.059343
8 0.916193 0.231061 0.049716 0.085859
12 0.489702 0.948864 0.039062 0.079545
19 0.424006 0.203914 0.035511 0.061869
2 0.575994 0.693182 0.062500 0.085859
20 0.483310 0.133207 0.033381 0.059343
26 0.263494 0.918561 0.035511 0.061869
25 0.323153 0.910354 0.032670 0.058081
21 0.698509 0.036616 0.034801 0.068182
22 0.157670 0.738636 0.032670 0.058081
10 0.450284 0.912879 0.032670 0.065657
23 0.849787 0.335859 0.070312 0.085859
14 0.363991 0.688131 0.029119 0.047980
16 0.660511 0.146465 0.032670 0.058081