19 0.376776 0.209596 0.034801 0.068182
17 0.968750 0.114268 0.035511 0.061869
15 0.591974 0.839646 0.068892 0.085859
0 0.213068 0.125000 0.032670 0.055556
25 0.519531 0.672348 0.033381 0.059343
3 0.050071 0.442551 0.066051 0.087121
22 0.578835 0.227273 0.034091 0.058081
26 0.252841 0.366793 0.068182 0.082071
18 0.172230 0.542298 0.033381 0.059343
23 0.977273 0.856061 0.032670 0.058081
2 0.379261 0.111111 0.062500 0.085859
16 0.799006 0.746212 0.038352 0.058081
6 0.228693 0.790404 0.049716 0.085859
1 0.792969 0.404672 0.034801 0.061869
24 0.167614 0.051136 0.035511 0.061869
7 0.635298 0.664773 0.031960 0.061869