6 0.116122 0.188763 0.081676 0.137626
26 0.129261 0.543561 0.035511 0.061869
13 0.330966 0.340278 0.032670 0.059343
29 0.267756 0.343434 0.068182 0.080808
3 0.099077 0.811237 0.066051 0.087121
11 0.293679 0.143308 0.031960 0.061869
1 0.035866 0.280934 0.034801 0.061869
9 0.046520 0.049874 0.031960 0.061869
19 0.909801 0.335227 0.035511 0.061869
8 0.901278 0.575758 0.049716 0.085859
14 0.569247 0.534091 0.029119 0.047980
27 0.528054 0.431187 0.033381 0.059343
16 0.514205 0.530303 0.032670 0.058081
23 0.376776 0.786616 0.070312 0.085859
12 0.150923 0.697601 0.039062 0.079545
7 0.603338 0.421086 0.033381 0.061869
4 0.968040 0.388258 0.035511 0.056818
21 0.944247 0.080808 0.034801 0.068182
0 0.598011 0.941919 0.032670 0.055556
22 0.209517 0.318182 0.032670 0.058081
24 0.528409 0.178030 0.034091 0.058081
2 0.418324 0.675505 0.062500 0.085859
18 0.117898 0.452020 0.038352 0.058081
15 0.180398 0.459596 0.024148 0.047980