22 0.426136 0.204545 0.034091 0.058081
11 0.828125 0.130682 0.032670 0.059343
6 0.308239 0.747475 0.049716 0.085859
12 0.933594 0.232323 0.029119 0.047980
14 0.730824 0.723485 0.032670 0.058081
15 0.082031 0.582071 0.068892 0.085859
3 0.841264 0.624369 0.066051 0.087121
23 0.264915 0.670455 0.032670 0.058081
18 0.178622 0.552399 0.033381 0.059343
2 0.375710 0.748737 0.062500 0.085859
25 0.728338 0.889520 0.033381 0.059343
9 0.523793 0.500631 0.031960 0.061869
21 0.282315 0.440657 0.070312 0.085859
13 0.970881 0.717172 0.024148 0.047980
16 0.611506 0.669192 0.038352 0.058081
20 0.167614 0.720960 0.032670 0.058081
7 0.787997 0.363005 0.031960 0.061869
8 0.482955 0.592172 0.032670 0.065657
27 0.654119 0.768939 0.068182 0.080808
10 0.817827 0.465278 0.039062 0.079545
5 0.579901 0.244318 0.033381 0.061869
26 0.692472 0.134470 0.068182 0.082071
19 0.610440 0.535354 0.034801 0.068182
17 0.144176 0.849116 0.035511 0.061869
1 0.802912 0.232955 0.034801 0.061869
4 0.595170 0.130682 0.035511 0.056818
24 0.583807 0.965278 0.035511 0.061869