19 0.875710 0.066288 0.035511 0.061869
21 0.591974 0.741162 0.034801 0.068182
3 0.633878 0.472854 0.066051 0.087121
5 0.779474 0.810606 0.026278 0.050505
28 0.561080 0.232955 0.068182 0.082071
9 0.775213 0.335227 0.031960 0.061869
8 0.189631 0.133838 0.049716 0.085859
11 0.925071 0.221591 0.031960 0.061869
13 0.237216 0.578914 0.032670 0.059343
0 0.802557 0.246212 0.032670 0.055556
26 0.193892 0.657197 0.035511 0.061869
25 0.975852 0.446970 0.032670 0.058081
7 0.297940 0.496843 0.033381 0.061869
22 0.205256 0.848485 0.032670 0.058081
24 0.887784 0.237374 0.034091 0.058081
27 0.650923 0.652146 0.033381 0.059343
23 0.225497 0.935606 0.070312 0.085859
16 0.637074 0.073232 0.032670 0.058081
6 0.599077 0.357955 0.081676 0.137626
18 0.246449 0.141414 0.038352 0.058081
4 0.347301 0.101641 0.035511 0.056818
10 0.885653 0.909091 0.032670 0.065657
14 0.182884 0.463384 0.029119 0.047980
29 0.073864 0.564394 0.068182 0.080808
17 0.940696 0.592172 0.068892 0.085859