3 0.295455 0.606692 0.052557 0.069444
4 0.730114 0.231061 0.034091 0.055556
2 0.419389 0.271465 0.058949 0.080808
15 0.827770 0.761995 0.026278 0.046717
18 0.784446 0.643939 0.036222 0.063131
17 0.672940 0.842172 0.044744 0.068182
5 0.761009 0.839015 0.039062 0.071970
27 0.095526 0.451389 0.075994 0.092172
2 0.731179 0.750631 0.061790 0.084596
4 0.419389 0.109848 0.037642 0.060606
24 0.683239 0.627525 0.036932 0.065657
8 0.340909 0.337753 0.036932 0.071970
4 0.410156 0.193813 0.030540 0.049242
28 0.770241 0.947601 0.058949 0.069444
20 0.262074 0.841540 0.032670 0.064394
27 0.536222 0.782828 0.079545 0.095960
22 0.190696 0.166035 0.071733 0.087121