3 0.433594 0.796086 0.066051 0.087121
21 0.132457 0.103535 0.070312 0.085859
11 0.920455 0.833965 0.032670 0.059343
9 0.213423 0.572601 0.031960 0.061869
20 0.578835 0.059343 0.032670 0.058081
22 0.955256 0.075758 0.034091 0.058081
6 0.573153 0.351010 0.049716 0.085859
19 0.487571 0.133838 0.034801 0.068182
14 0.362216 0.433081 0.032670 0.058081
4 0.557528 0.866793 0.035511 0.056818
27 0.448153 0.536616 0.068182 0.080808
16 0.588778 0.662879 0.038352 0.058081
23 0.273438 0.922980 0.032670 0.058081
7 0.545810 0.169823 0.031960 0.061869
24 0.196023 0.187500 0.035511 0.061869
26 0.076705 0.778409 0.068182 0.082071
8 0.108665 0.540404 0.032670 0.065657
1 0.331321 0.057449 0.034801 0.061869
17 0.613636 0.100379 0.035511 0.061869
25 0.817827 0.239268 0.033381 0.059343
18 0.265980 0.621843 0.033381 0.059343
5 0.310724 0.929924 0.033381 0.061869
12 0.223366 0.398990 0.029119 0.047980
2 0.369318 0.627525 0.062500 0.085859
10 0.576349 0.768308 0.039062 0.079545
15 0.949219 0.319444 0.068892 0.085859