22 0.821733 0.114899 0.034091 0.060606
22 0.222301 0.465909 0.039773 0.070707
12 0.603693 0.420455 0.031250 0.055556
24 0.489702 0.580177 0.037642 0.066919
27 0.433239 0.648990 0.029830 0.053030
20 0.142756 0.935606 0.035511 0.063131
1 0.959162 0.306187 0.027699 0.049242
13 0.483665 0.930556 0.034091 0.060606
11 0.043679 0.635732 0.034801 0.061869
17 0.060724 0.212753 0.030540 0.054293
28 0.423295 0.853535 0.039773 0.070707
27 0.689276 0.631944 0.029119 0.051768
18 0.491477 0.705808 0.032670 0.058081
29 0.714489 0.732323 0.039773 0.070707