21 0.712003 0.247475 0.034801 0.068182
27 0.553622 0.585227 0.033381 0.059343
24 0.031960 0.950758 0.034091 0.058081
28 0.632102 0.599116 0.068182 0.082071
2 0.217330 0.818182 0.062500 0.085859
16 0.778409 0.400253 0.032670 0.058081
22 0.030540 0.112374 0.032670 0.058081
10 0.963778 0.175505 0.032670 0.065657
11 0.373935 0.793561 0.031960 0.061869
13 0.710227 0.841540 0.032670 0.059343
9 0.363991 0.109217 0.031960 0.061869
23 0.061435 0.234848 0.070312 0.085859
25 0.512784 0.051768 0.032670 0.058081
12 0.386009 0.706439 0.039062 0.079545
17 0.287287 0.297980 0.068892 0.085859