24 0.790483 0.210859 0.034091 0.058081
1 0.065696 0.647096 0.034801 0.061869
23 0.530185 0.657828 0.070312 0.085859
15 0.750710 0.804293 0.024148 0.047980
2 0.700994 0.566919 0.062500 0.085859
13 0.507812 0.198864 0.032670 0.059343
7 0.957741 0.841540 0.033381 0.061869
19 0.448864 0.195076 0.035511 0.061869
12 0.957031 0.480429 0.039062 0.079545
22 0.090909 0.825758 0.032670 0.058081
26 0.115057 0.910985 0.035511 0.061869
18 0.384233 0.232323 0.038352 0.058081
20 0.912287 0.729167 0.033381 0.059343
4 0.716619 0.808712 0.035511 0.056818
17 0.213423 0.088384 0.068892 0.085859
29 0.092330 0.530303 0.068182 0.080808
14 0.834162 0.848485 0.029119 0.047980
21 0.442116 0.794192 0.034801 0.068182
0 0.553267 0.558081 0.032670 0.055556
5 0.650213 0.744949 0.026278 0.050505
27 0.086293 0.732955 0.033381 0.059343
11 0.617543 0.741793 0.031960 0.061869
10 0.277699 0.595960 0.032670 0.065657
25 0.403409 0.369949 0.032670 0.058081
16 0.664062 0.330808 0.032670 0.058081
3 0.342685 0.527146 0.066051 0.087121
6 0.793679 0.436237 0.081676 0.137626
8 0.693182 0.881313 0.049716 0.085859
28 0.751420 0.677399 0.068182 0.082071