25 0.792614 0.680556 0.032670 0.058081
22 0.667614 0.378788 0.032670 0.058081
20 0.096236 0.765783 0.033381 0.059343
3 0.123224 0.143308 0.066051 0.087121
15 0.514915 0.659091 0.024148 0.047980
19 0.077415 0.613005 0.035511 0.061869
6 0.503906 0.097854 0.081676 0.137626
11 0.274503 0.522096 0.031960 0.061869
14 0.587003 0.614899 0.029119 0.047980
17 0.108310 0.898990 0.068892 0.085859
16 0.934659 0.670455 0.032670 0.058081
12 0.917259 0.455177 0.039062 0.079545
23 0.393821 0.208333 0.070312 0.085859
24 0.407670 0.078283 0.034091 0.058081
29 0.499290 0.762626 0.068182 0.080808
10 0.188920 0.545455 0.032670 0.065657
28 0.963068 0.885732 0.068182 0.082071
21 0.737571 0.260101 0.034801 0.068182
1 0.476207 0.344066 0.034801 0.061869
26 0.732955 0.346591 0.035511 0.061869
9 0.915128 0.549874 0.031960 0.061869
0 0.585227 0.356061 0.032670 0.055556
8 0.316051 0.121212 0.049716 0.085859
2 0.321733 0.390152 0.062500 0.085859
27 0.618963 0.842803 0.033381 0.059343
5 0.393111 0.796717 0.026278 0.050505
7 0.197088 0.274621 0.033381 0.061869
13 0.479403 0.856692 0.032670 0.059343
4 0.193182 0.131944 0.035511 0.056818