0 0.934659 0.618687 0.032670 0.055556
20 0.820668 0.855429 0.033381 0.059343
7 0.757457 0.082702 0.033381 0.061869
17 0.900923 0.895202 0.068892 0.085859
8 0.693182 0.813131 0.049716 0.085859
28 0.154119 0.575126 0.068182 0.082071
4 0.599432 0.850379 0.035511 0.056818
6 0.753906 0.422348 0.081676 0.137626
14 0.204190 0.181818 0.029119 0.047980
15 0.127841 0.824495 0.024148 0.047980
5 0.746804 0.233586 0.026278 0.050505
1 0.217685 0.692551 0.034801 0.061869
29 0.184659 0.823232 0.068182 0.080808
10 0.948153 0.690657 0.032670 0.065657
25 0.051847 0.301768 0.032670 0.058081
11 0.890270 0.589015 0.031960 0.061869
22 0.431108 0.573232 0.032670 0.058081
12 0.328480 0.113005 0.039062 0.079545
26 0.537642 0.071338 0.035511 0.061869
13 0.147017 0.121843 0.032670 0.059343
23 0.074929 0.883838 0.070312 0.085859
3 0.491122 0.919823 0.066051 0.087121
24 0.300426 0.407828 0.034091 0.058081
18 0.099432 0.443182 0.038352 0.058081