27 0.040483 0.387626 0.065341 0.078283
24 0.485085 0.854798 0.035511 0.063131
27 0.586648 0.871212 0.079545 0.095960
12 0.609730 0.376263 0.030540 0.055556
6 0.303977 0.191288 0.382102 0.147727
25 0.344105 0.421717 0.039062 0.068182
23 0.197798 0.720960 0.040483 0.068182
21 0.343040 0.078283 0.035511 0.063131
17 0.880682 0.610480 0.041193 0.061869
28 0.541548 0.482955 0.075994 0.089646
6 0.521307 0.669192 0.301136 0.116162
14 0.330256 0.762626 0.021307 0.042929
9 0.388494 0.075126 0.032670 0.066919
24 0.799006 0.878788 0.026989 0.047980
14 0.914418 0.265783 0.023438 0.046717
24 0.088423 0.272096 0.034801 0.061869