22 0.476918 0.489268 0.061790 0.074495
4 0.367188 0.683081 0.032670 0.053030
0 0.049006 0.498737 0.036932 0.063131
27 0.591974 0.448864 0.064631 0.077020
10 0.725852 0.754419 0.025568 0.049242
19 0.153764 0.436237 0.033381 0.059343
6 0.844460 0.864268 0.288352 0.112374
26 0.530185 0.775884 0.036222 0.064394
8 0.060014 0.719066 0.030540 0.059343
22 0.239702 0.803030 0.074574 0.090909
24 0.349787 0.135732 0.031960 0.056818
3 0.898438 0.643308 0.061080 0.079545
1 0.427557 0.172980 0.029830 0.053030
28 0.719460 0.205808 0.075284 0.088384
25 0.215554 0.700758 0.041903 0.073232
26 0.649858 0.752525 0.029830 0.053030
28 0.366122 0.614268 0.054688 0.064394
6 0.450639 0.272727 0.333097 0.128788
21 0.026989 0.214646 0.036932 0.065657
13 0.660511 0.287247 0.028409 0.046717
19 0.195312 0.397727 0.028409 0.050505