20 0.166548 0.791035 0.033381 0.059343
2 0.257812 0.650253 0.062500 0.085859
14 0.870384 0.960859 0.029119 0.047980
16 0.743608 0.353535 0.032670 0.058081
12 0.677912 0.929924 0.039062 0.079545
23 0.386009 0.483586 0.070312 0.085859
4 0.810369 0.285985 0.035511 0.056818
26 0.633523 0.116793 0.035511 0.061869
5 0.978338 0.969697 0.026278 0.050505
0 0.514205 0.928030 0.032670 0.055556
21 0.660156 0.550505 0.034801 0.068182
22 0.544034 0.055556 0.032670 0.058081
9 0.310014 0.528409 0.031960 0.061869
15 0.078125 0.636364 0.024148 0.047980
19 0.715909 0.501894 0.035511 0.061869