12 0.219105 0.228535 0.037642 0.068182
23 0.760298 0.666035 0.037642 0.064394
24 0.629616 0.731692 0.036222 0.064394
1 0.040128 0.809975 0.033381 0.059343
10 0.710227 0.904672 0.026989 0.051768
5 0.306463 0.510732 0.034801 0.064394
25 0.364702 0.964015 0.029119 0.051768
11 0.844105 0.068182 0.033381 0.068182
23 0.903409 0.213384 0.031250 0.053030
3 0.582386 0.680556 0.053977 0.070707
22 0.216974 0.910985 0.075994 0.092172
14 0.012074 0.600379 0.019886 0.039141
13 0.132457 0.737374 0.029119 0.047980
12 0.477628 0.158460 0.026278 0.046717
7 0.681108 0.268939 0.044034 0.075758
21 0.639915 0.555556 0.036932 0.065657
3 0.310724 0.338384 0.056108 0.073232
26 0.394886 0.217172 0.038352 0.068182
8 0.902699 0.608586 0.025568 0.050505
26 0.417969 0.820076 0.029119 0.051768
8 0.528054 0.583965 0.027699 0.054293
16 0.690341 0.832702 0.065341 0.082071
21 0.670810 0.339015 0.031960 0.056818
15 0.950639 0.956439 0.026278 0.046717
1 0.610795 0.962121 0.028409 0.050505
25 0.777344 0.390152 0.033381 0.058081
8 0.500355 0.825126 0.029119 0.056818
20 0.605469 0.260732 0.037642 0.074495
8 0.027699 0.323232 0.026989 0.053030
26 0.779830 0.949495 0.038352 0.068182