18 0.867188 0.431818 0.038352 0.058081
16 0.878551 0.700758 0.032670 0.058081
23 0.354048 0.343434 0.070312 0.085859
25 0.468750 0.265152 0.032670 0.058081
11 0.628906 0.527146 0.031960 0.061869
13 0.068892 0.589015 0.032670 0.059343
6 0.783026 0.331439 0.081676 0.137626
5 0.838423 0.353535 0.026278 0.050505
12 0.790838 0.110480 0.039062 0.079545
27 0.817116 0.962753 0.033381 0.059343
24 0.111506 0.266414 0.034091 0.058081
29 0.912642 0.579545 0.068182 0.080808
0 0.372159 0.568182 0.032670 0.055556
28 0.206676 0.198864 0.068182 0.082071
20 0.047230 0.499369 0.033381 0.059343
9 0.698509 0.034722 0.031960 0.061869
2 0.186790 0.424242 0.062500 0.085859
15 0.823864 0.104798 0.024148 0.047980