22 0.419744 0.296717 0.032670 0.058081
5 0.125355 0.180556 0.026278 0.050505
1 0.935724 0.595328 0.034801 0.061869
7 0.686435 0.888258 0.033381 0.061869
13 0.735085 0.719066 0.032670 0.059343
18 0.043324 0.213384 0.038352 0.058081
20 0.389560 0.730429 0.033381 0.059343
17 0.223366 0.117424 0.068892 0.085859
2 0.723722 0.315657 0.062500 0.085859
9 0.893111 0.801136 0.031960 0.061869
24 0.620028 0.925505 0.034091 0.058081
14 0.158026 0.142677 0.029119 0.047980
3 0.535866 0.876894 0.066051 0.087121
0 0.903409 0.093434 0.032670 0.055556
28 0.563210 0.600379 0.068182 0.082071
12 0.587003 0.230429 0.039062 0.079545
4 0.924716 0.208965 0.035511 0.056818