21 0.435014 0.594697 0.070312 0.085859
22 0.480114 0.352273 0.034091 0.058081
19 0.820668 0.832071 0.034801 0.068182
26 0.240057 0.195076 0.068182 0.082071
20 0.820312 0.340909 0.032670 0.058081
3 0.909446 0.923611 0.066051 0.087121
11 0.981534 0.238005 0.032670 0.059343
14 0.355824 0.753788 0.032670 0.058081
6 0.679688 0.458333 0.049716 0.085859
4 0.018466 0.964015 0.035511 0.056818
18 0.903054 0.602904 0.033381 0.059343
24 0.708097 0.643308 0.035511 0.061869
0 0.141335 0.574495 0.032670 0.055556
27 0.681818 0.926768 0.068182 0.080808
25 0.385298 0.921086 0.033381 0.059343
10 0.848366 0.525884 0.039062 0.079545
9 0.279474 0.292298 0.031960 0.061869
23 0.719460 0.171717 0.032670 0.058081
16 0.341619 0.484848 0.038352 0.058081