16 0.855114 0.159091 0.038352 0.058081
5 0.506747 0.174874 0.033381 0.061869
21 0.517401 0.785354 0.070312 0.085859
19 0.236151 0.426768 0.034801 0.068182
4 0.818182 0.861742 0.035511 0.056818
27 0.712358 0.111111 0.068182 0.080808
25 0.269531 0.654672 0.033381 0.059343
18 0.870384 0.714015 0.033381 0.059343
12 0.564986 0.589646 0.029119 0.047980
9 0.663707 0.274621 0.031960 0.061869
11 0.369318 0.181187 0.032670 0.059343
2 0.098011 0.276515 0.062500 0.085859
10 0.908736 0.312500 0.039062 0.079545
14 0.750000 0.667929 0.032670 0.058081
1 0.096946 0.657197 0.034801 0.061869
8 0.325994 0.732323 0.032670 0.065657
26 0.448864 0.116793 0.068182 0.082071
6 0.161222 0.501263 0.049716 0.085859