11 0.882102 0.573232 0.032670 0.058081
14 0.601562 0.420455 0.026989 0.047980
12 0.235440 0.644571 0.031960 0.056818
28 0.551847 0.777778 0.032670 0.058081
15 0.528764 0.054924 0.029119 0.051768
27 0.649148 0.945707 0.028409 0.050505
22 0.824219 0.440025 0.034801 0.061869
10 0.112926 0.321970 0.036932 0.065657
3 0.421875 0.347222 0.029830 0.053030
6 0.305043 0.912247 0.027699 0.049242
7 0.363281 0.456439 0.030540 0.054293
12 0.419744 0.806818 0.026989 0.047980
22 0.361151 0.379419 0.030540 0.054293
24 0.062500 0.227273 0.038352 0.068182