24 0.306463 0.782197 0.037642 0.066919
11 0.142401 0.523990 0.031960 0.065657
10 0.026278 0.140783 0.026989 0.051768
0 0.740767 0.479167 0.036932 0.061869
22 0.711648 0.864899 0.080966 0.098485
11 0.221946 0.111742 0.040483 0.082071
23 0.673651 0.539141 0.030540 0.053030
10 0.562500 0.064394 0.034091 0.065657
27 0.614347 0.761364 0.069602 0.083333
25 0.233310 0.529040 0.030540 0.053030
4 0.766690 0.240530 0.033381 0.054293
2 0.772727 0.611111 0.069602 0.095960
0 0.642756 0.595328 0.028409 0.049242
25 0.432884 0.650884 0.039062 0.066919
15 0.626065 0.153409 0.026278 0.046717