17 0.169744 0.851641 0.035511 0.061869
26 0.858665 0.687500 0.068182 0.082071
6 0.362216 0.398990 0.049716 0.085859
5 0.253906 0.178662 0.033381 0.061869
15 0.038707 0.619949 0.068892 0.085859
16 0.303977 0.029040 0.038352 0.058081
23 0.720170 0.171717 0.032670 0.058081
1 0.600497 0.556187 0.034801 0.061869
4 0.876420 0.369318 0.035511 0.056818
9 0.088423 0.418561 0.031960 0.061869
13 0.909091 0.356061 0.024148 0.047980
18 0.804332 0.464015 0.033381 0.059343
20 0.937500 0.286616 0.032670 0.058081
2 0.149858 0.592172 0.062500 0.085859
14 0.161222 0.919192 0.032670 0.058081