27 0.275213 0.741793 0.033381 0.059343
0 0.889205 0.968434 0.032670 0.055556
4 0.250000 0.041035 0.035511 0.056818
15 0.061080 0.885101 0.024148 0.047980
12 0.231179 0.663510 0.039062 0.079545
26 0.384233 0.788510 0.035511 0.061869
16 0.660511 0.263889 0.032670 0.058081
11 0.773793 0.076389 0.031960 0.061869
10 0.315341 0.364899 0.032670 0.065657
8 0.486506 0.563131 0.049716 0.085859
22 0.056108 0.536616 0.032670 0.058081
29 0.434659 0.934343 0.068182 0.080808
9 0.694247 0.903409 0.031960 0.061869
25 0.839489 0.195707 0.032670 0.058081
18 0.565341 0.929293 0.038352 0.058081
20 0.819957 0.452652 0.033381 0.059343
24 0.316051 0.893939 0.034091 0.058081
13 0.769886 0.160985 0.032670 0.059343
28 0.806818 0.725379 0.068182 0.082071
23 0.370384 0.208333 0.070312 0.085859