22 0.165483 0.289141 0.034091 0.058081
13 0.454545 0.781566 0.024148 0.047980
3 0.247514 0.677399 0.066051 0.087121
12 0.662287 0.203283 0.029119 0.047980
2 0.712358 0.416667 0.062500 0.085859
9 0.136009 0.447601 0.031960 0.061869
11 0.921165 0.686237 0.032670 0.059343
14 0.040483 0.833333 0.032670 0.058081
26 0.613636 0.491793 0.068182 0.082071
16 0.889205 0.482323 0.038352 0.058081
18 0.205611 0.501894 0.033381 0.059343
15 0.818537 0.188131 0.068892 0.085859
7 0.952060 0.149621 0.031960 0.061869
21 0.332741 0.140152 0.070312 0.085859
5 0.676491 0.327652 0.033381 0.061869
23 0.874290 0.205808 0.032670 0.058081
20 0.396307 0.132576 0.032670 0.058081
27 0.808949 0.425505 0.068182 0.080808
6 0.330966 0.463384 0.049716 0.085859
10 0.129616 0.552399 0.039062 0.079545
8 0.196733 0.665404 0.032670 0.065657
19 0.061435 0.440657 0.034801 0.068182
17 0.390625 0.745581 0.035511 0.061869
0 0.532670 0.410354 0.032670 0.055556