10 0.824574 0.190657 0.032670 0.063131
3 0.223011 0.400253 0.059659 0.078283
22 0.042614 0.104798 0.072443 0.088384
26 0.703125 0.722222 0.032670 0.058081
8 0.547940 0.921717 0.037642 0.073232
22 0.611861 0.635101 0.056108 0.068182
25 0.558594 0.265152 0.033381 0.058081
18 0.283026 0.686869 0.040483 0.070707
10 0.896662 0.541035 0.030540 0.059343
8 0.385298 0.787879 0.033381 0.065657
15 0.335227 0.118687 0.026989 0.047980
11 0.865767 0.156566 0.032670 0.065657
13 0.822088 0.739899 0.026278 0.042929
11 0.391690 0.044192 0.041903 0.085859
20 0.473011 0.524621 0.028409 0.056818
9 0.363281 0.410985 0.033381 0.066919
2 0.622869 0.734217 0.053977 0.074495
23 0.770952 0.605429 0.027699 0.046717
20 0.053977 0.631313 0.029830 0.058081
11 0.296165 0.549874 0.031250 0.064394
10 0.156250 0.938763 0.025568 0.049242
19 0.699219 0.443813 0.037642 0.066919
9 0.833097 0.115530 0.026989 0.054293