10 0.451349 0.318813 0.039062 0.079545
21 0.108310 0.406566 0.070312 0.085859
0 0.457386 0.733586 0.032670 0.055556
6 0.103693 0.541667 0.049716 0.085859
3 0.507457 0.716540 0.066051 0.087121
26 0.687500 0.201389 0.068182 0.082071
7 0.324929 0.229167 0.031960 0.061869
15 0.575639 0.239899 0.068892 0.085859
25 0.295810 0.652146 0.033381 0.059343
27 0.394176 0.444444 0.068182 0.080808
16 0.115057 0.926768 0.038352 0.058081
14 0.299716 0.789141 0.032670 0.058081
4 0.093750 0.813763 0.035511 0.056818
5 0.714844 0.770833 0.033381 0.061869
24 0.450284 0.611742 0.035511 0.061869
2 0.906250 0.138889 0.062500 0.085859
23 0.674006 0.763889 0.032670 0.058081
13 0.510653 0.896465 0.024148 0.047980
8 0.728693 0.296717 0.032670 0.065657
17 0.411222 0.326389 0.035511 0.061869
11 0.857955 0.743056 0.032670 0.059343
20 0.509233 0.958333 0.032670 0.058081