22 0.906960 0.434343 0.034091 0.058081
4 0.566761 0.058712 0.035511 0.056818
3 0.698509 0.571338 0.066051 0.087121
7 0.117543 0.667298 0.031960 0.061869
24 0.737926 0.086490 0.035511 0.061869
18 0.310014 0.864268 0.033381 0.059343
16 0.281960 0.363636 0.038352 0.058081
27 0.439631 0.077020 0.068182 0.080808
25 0.204901 0.865530 0.033381 0.059343
1 0.925071 0.211490 0.034801 0.061869
17 0.600142 0.880682 0.035511 0.061869
9 0.830611 0.070076 0.031960 0.061869
19 0.841264 0.613636 0.034801 0.068182
23 0.453125 0.382576 0.032670 0.058081
26 0.217330 0.405934 0.068182 0.082071
8 0.595881 0.654040 0.032670 0.065657
2 0.875710 0.300505 0.062500 0.085859
11 0.208807 0.721591 0.032670 0.059343
13 0.963068 0.707071 0.024148 0.047980
21 0.087003 0.405303 0.070312 0.085859
14 0.217330 0.609848 0.032670 0.058081
20 0.823864 0.917929 0.032670 0.058081
0 0.321733 0.731061 0.032670 0.055556
10 0.868963 0.086490 0.039062 0.079545
12 0.645241 0.257576 0.029119 0.047980
6 0.335227 0.107323 0.049716 0.085859
15 0.518111 0.678030 0.068892 0.085859
5 0.187855 0.231692 0.033381 0.061869