11 0.361861 0.961490 0.031960 0.061869
19 0.639915 0.419823 0.035511 0.061869
1 0.027344 0.369318 0.034801 0.061869
3 0.622514 0.804924 0.066051 0.087121
4 0.136364 0.952652 0.035511 0.056818
22 0.919744 0.662879 0.032670 0.058081
6 0.547940 0.822601 0.081676 0.137626
7 0.751776 0.482955 0.033381 0.061869
12 0.376776 0.073864 0.039062 0.079545
21 0.943537 0.771465 0.034801 0.068182
14 0.052912 0.821970 0.029119 0.047980
5 0.894531 0.226010 0.026278 0.050505
9 0.688565 0.908460 0.031960 0.061869
15 0.591619 0.257576 0.024148 0.047980
8 0.093750 0.526515 0.049716 0.085859
10 0.267045 0.920455 0.032670 0.065657