9 0.117898 0.516414 0.035511 0.070707
16 0.535866 0.514520 0.066051 0.082071
11 0.103693 0.965278 0.031250 0.064394
27 0.605824 0.117424 0.066761 0.080808
20 0.932884 0.948864 0.027699 0.054293
21 0.776989 0.407828 0.031250 0.055556
4 0.453480 0.172348 0.037642 0.059343
8 0.199574 0.766414 0.034091 0.065657
7 0.938920 0.388889 0.048295 0.083333
18 0.923651 0.203283 0.036222 0.063131
17 0.517045 0.071338 0.034091 0.051768
27 0.216264 0.283460 0.061790 0.074495
9 0.923295 0.784091 0.031250 0.063131
20 0.538707 0.269571 0.033381 0.064394
0 0.252841 0.791667 0.036932 0.063131
22 0.298295 0.599747 0.072443 0.088384
16 0.111151 0.142677 0.058949 0.073232
13 0.167259 0.147727 0.026278 0.042929
10 0.082031 0.779672 0.029119 0.056818
25 0.052912 0.503788 0.039062 0.068182
24 0.518821 0.934975 0.031960 0.056818
18 0.689631 0.461490 0.038352 0.066919