11 0.880327 0.305556 0.031960 0.065657
3 0.133878 0.450126 0.058949 0.077020
9 0.583807 0.404672 0.026989 0.054293
0 0.840909 0.723485 0.032670 0.055556
22 0.594460 0.902146 0.082386 0.099747
2 0.060014 0.520833 0.056108 0.077020
22 0.163707 0.578914 0.081676 0.099747
27 0.740057 0.094697 0.061080 0.073232
28 0.425426 0.218434 0.068182 0.080808
22 0.903054 0.693182 0.068892 0.083333
4 0.920099 0.209596 0.033381 0.053030
28 0.947798 0.484848 0.070312 0.083333
16 0.696378 0.642677 0.063210 0.078283
14 0.821378 0.280934 0.024858 0.049242
2 0.892401 0.587753 0.063210 0.087121
4 0.365412 0.479167 0.041903 0.066919
28 0.854403 0.497475 0.066761 0.078283
20 0.222656 0.217172 0.039062 0.075758
5 0.123935 0.728535 0.027699 0.050505
15 0.514915 0.098485 0.031250 0.055556
23 0.085582 0.681187 0.039062 0.066919
10 0.977983 0.945707 0.031250 0.060606
7 0.698509 0.200126 0.049006 0.084596
13 0.467330 0.942551 0.024148 0.039141
7 0.551136 0.519571 0.055398 0.094697
16 0.350142 0.873106 0.072443 0.089646
1 0.803267 0.386364 0.039773 0.070707
5 0.024503 0.754419 0.026278 0.049242
6 0.520597 0.318813 0.276989 0.107323