13 0.480824 0.388889 0.024148 0.047980
10 0.625355 0.249369 0.039062 0.079545
11 0.430398 0.642045 0.032670 0.059343
5 0.353338 0.409722 0.033381 0.061869
0 0.188210 0.621212 0.032670 0.055556
12 0.910156 0.520202 0.029119 0.047980
26 0.468040 0.825126 0.068182 0.082071
2 0.573864 0.467172 0.062500 0.085859
22 0.958097 0.654040 0.034091 0.058081
17 0.724432 0.238005 0.035511 0.061869
3 0.905185 0.405934 0.066051 0.087121
6 0.594460 0.742424 0.049716 0.085859
15 0.123224 0.373737 0.068892 0.085859
9 0.731179 0.717803 0.031960 0.061869
24 0.362216 0.301136 0.035511 0.061869
20 0.774858 0.157828 0.032670 0.058081
4 0.272017 0.072601 0.035511 0.056818
7 0.669389 0.636995 0.031960 0.061869
25 0.089844 0.602904 0.033381 0.059343
27 0.340909 0.566919 0.068182 0.080808
21 0.170099 0.136364 0.070312 0.085859
19 0.320668 0.827020 0.034801 0.068182
8 0.889205 0.744949 0.032670 0.065657
23 0.203125 0.426768 0.032670 0.058081