7 0.134588 0.541035 0.033381 0.061869
29 0.144176 0.854798 0.068182 0.080808
22 0.394176 0.809343 0.032670 0.058081
8 0.651278 0.272727 0.049716 0.085859
28 0.404830 0.913510 0.068182 0.082071
15 0.220170 0.109848 0.024148 0.047980
9 0.147372 0.642045 0.031960 0.061869
0 0.475142 0.075758 0.032670 0.055556
3 0.856889 0.066288 0.066051 0.087121
4 0.398438 0.080177 0.035511 0.056818
27 0.033736 0.852904 0.033381 0.059343
16 0.326705 0.441919 0.032670 0.058081
23 0.882457 0.501263 0.070312 0.085859
1 0.179332 0.109217 0.034801 0.061869
12 0.731889 0.922348 0.039062 0.079545
21 0.686435 0.577020 0.034801 0.068182
11 0.802912 0.551136 0.031960 0.061869
14 0.374645 0.222222 0.029119 0.047980
18 0.644176 0.094697 0.038352 0.058081
19 0.847301 0.777146 0.035511 0.061869
10 0.473011 0.633838 0.032670 0.065657
25 0.570312 0.597222 0.032670 0.058081
2 0.161932 0.290404 0.062500 0.085859
13 0.683239 0.813763 0.032670 0.059343
6 0.557884 0.260732 0.081676 0.137626