23 0.691051 0.200758 0.032670 0.058081
27 0.624290 0.373737 0.068182 0.080808
11 0.176847 0.030934 0.032670 0.059343
0 0.840909 0.827020 0.032670 0.055556
13 0.772017 0.368687 0.024148 0.047980
16 0.632102 0.219697 0.038352 0.058081
4 0.513494 0.308712 0.035511 0.056818
17 0.499290 0.582702 0.035511 0.061869
26 0.734375 0.068813 0.068182 0.082071
20 0.938210 0.789141 0.032670 0.058081
19 0.373935 0.738636 0.034801 0.068182
2 0.070312 0.438131 0.062500 0.085859
5 0.589844 0.043561 0.033381 0.061869
12 0.303622 0.696970 0.029119 0.047980
7 0.247514 0.513258 0.031960 0.061869
10 0.264560 0.251894 0.039062 0.079545
18 0.020241 0.222854 0.033381 0.059343
14 0.206676 0.755051 0.032670 0.058081
21 0.577770 0.921717 0.070312 0.085859
8 0.358665 0.907828 0.032670 0.065657
9 0.547230 0.754419 0.031960 0.061869
3 0.424361 0.207702 0.066051 0.087121
1 0.882457 0.908460 0.034801 0.061869
24 0.213068 0.552399 0.035511 0.061869
25 0.674361 0.750631 0.033381 0.059343
15 0.589134 0.589646 0.068892 0.085859
22 0.832386 0.934343 0.034091 0.058081
6 0.553267 0.428030 0.049716 0.085859