6 0.568182 0.709596 0.049716 0.085859
21 0.829901 0.696970 0.070312 0.085859
0 0.617898 0.255051 0.032670 0.055556
15 0.699219 0.106061 0.068892 0.085859
14 0.040483 0.569444 0.032670 0.058081
8 0.195312 0.704545 0.032670 0.065657
18 0.692116 0.856692 0.033381 0.059343
19 0.893111 0.566919 0.034801 0.068182
13 0.855114 0.523990 0.024148 0.047980
3 0.332741 0.200126 0.066051 0.087121
9 0.283736 0.589015 0.031960 0.061869
20 0.219460 0.117424 0.032670 0.058081
17 0.075284 0.234217 0.035511 0.061869
12 0.130327 0.228535 0.029119 0.047980
10 0.382457 0.702652 0.039062 0.079545
4 0.746449 0.510732 0.035511 0.056818
2 0.218040 0.534091 0.062500 0.085859
1 0.755327 0.940025 0.034801 0.061869