6 0.537642 0.590909 0.049716 0.085859
1 0.898082 0.212753 0.034801 0.061869
2 0.702415 0.049242 0.062500 0.085859
18 0.064986 0.792298 0.033381 0.059343
16 0.090909 0.088384 0.038352 0.058081
9 0.839844 0.576389 0.031960 0.061869
5 0.311435 0.365530 0.033381 0.061869
22 0.635653 0.474747 0.034091 0.058081
20 0.092330 0.652778 0.032670 0.058081
21 0.697798 0.777778 0.070312 0.085859
4 0.539062 0.100379 0.035511 0.056818
13 0.625710 0.683081 0.024148 0.047980
8 0.071733 0.344697 0.032670 0.065657
12 0.719815 0.147727 0.029119 0.047980
24 0.955966 0.289773 0.035511 0.061869
10 0.136719 0.203914 0.039062 0.079545
27 0.735085 0.494949 0.068182 0.080808
7 0.631037 0.184975 0.031960 0.061869
3 0.775923 0.379419 0.066051 0.087121
14 0.353693 0.443182 0.032670 0.058081
0 0.952415 0.900253 0.032670 0.055556
17 0.466619 0.590278 0.035511 0.061869
15 0.837713 0.907828 0.068892 0.085859
19 0.527344 0.497475 0.034801 0.068182
26 0.034091 0.091540 0.068182 0.082071
11 0.490767 0.096591 0.032670 0.059343
25 0.300071 0.166035 0.033381 0.059343
23 0.580966 0.467172 0.032670 0.058081