20 0.550071 0.469066 0.033381 0.059343
25 0.097301 0.204545 0.032670 0.058081
16 0.405540 0.065657 0.032670 0.058081
1 0.468395 0.965278 0.034801 0.061869
13 0.206676 0.375631 0.032670 0.059343
0 0.966619 0.916667 0.032670 0.055556
27 0.915128 0.345328 0.033381 0.059343
2 0.766335 0.334596 0.062500 0.085859
23 0.459162 0.189394 0.070312 0.085859
7 0.096236 0.544823 0.033381 0.061869
19 0.497869 0.447601 0.035511 0.061869
17 0.353338 0.527778 0.068892 0.085859
10 0.117188 0.613636 0.032670 0.065657
29 0.611506 0.342172 0.068182 0.080808
21 0.074929 0.051768 0.034801 0.068182
4 0.730114 0.931187 0.035511 0.056818
24 0.848011 0.728535 0.034091 0.058081