26 0.214134 0.092803 0.036222 0.064394
14 0.173295 0.155303 0.025568 0.050505
18 0.278409 0.589015 0.039773 0.069444
1 0.109020 0.818813 0.029119 0.051768
6 0.671520 0.868687 0.402699 0.156566
15 0.043324 0.396465 0.029830 0.053030
4 0.552202 0.049874 0.041903 0.066919
0 0.355469 0.145833 0.033381 0.056818
13 0.284446 0.921717 0.023438 0.037879
27 0.415838 0.635732 0.066051 0.079545
13 0.359375 0.522096 0.031250 0.051768
4 0.852273 0.590909 0.038352 0.060606
0 0.214489 0.784722 0.029830 0.051768
27 0.606179 0.239268 0.074574 0.089646
16 0.420455 0.780303 0.056818 0.070707
23 0.667614 0.081439 0.039773 0.066919
27 0.676847 0.493687 0.066761 0.080808
5 0.330611 0.769571 0.036222 0.066919
4 0.419744 0.565025 0.031250 0.049242
18 0.055398 0.124369 0.035511 0.061869
3 0.838423 0.383207 0.077415 0.102273
2 0.909091 0.366793 0.056818 0.077020
14 0.397727 0.421717 0.025568 0.050505
4 0.311790 0.339015 0.036932 0.059343
4 0.641335 0.366162 0.031250 0.050505
7 0.062855 0.470328 0.050426 0.087121
7 0.466974 0.380682 0.058949 0.102273
10 0.298651 0.124369 0.029119 0.056818
13 0.209162 0.162879 0.027699 0.045455