4 0.076705 0.332702 0.031250 0.049242
23 0.983310 0.596591 0.027699 0.046717
9 0.850852 0.580808 0.035511 0.070707
19 0.937855 0.561237 0.030540 0.054293
10 0.062500 0.055556 0.028409 0.055556
10 0.474787 0.765783 0.030540 0.059343
5 0.948864 0.117424 0.036932 0.068182
10 0.221946 0.925505 0.026278 0.050505
22 0.796520 0.289141 0.064631 0.078283
12 0.638139 0.521465 0.030540 0.055556
12 0.512074 0.054924 0.038352 0.069444
27 0.625000 0.803662 0.063920 0.077020
13 0.518821 0.944444 0.026278 0.042929
13 0.651634 0.730429 0.026278 0.044192
5 0.409801 0.744949 0.026989 0.050505
6 0.464134 0.394571 0.388494 0.150253
20 0.902344 0.968434 0.030540 0.060606
11 0.511719 0.547348 0.041903 0.084596
6 0.291193 0.118687 0.332386 0.128788
24 0.656250 0.641414 0.029830 0.053030
7 0.144886 0.763889 0.055398 0.095960
2 0.206676 0.850379 0.058239 0.079545