14 0.679332 0.940657 0.026278 0.053030
27 0.268466 0.518939 0.058239 0.070707
0 0.486506 0.099116 0.035511 0.059343
10 0.959162 0.769571 0.031960 0.061869
8 0.382102 0.408460 0.035511 0.069444
5 0.162287 0.702652 0.033381 0.061869
28 0.621449 0.743056 0.079545 0.094697
11 0.233665 0.657197 0.041193 0.084596
3 0.886364 0.123106 0.062500 0.082071
2 0.494673 0.452020 0.066051 0.090909
14 0.163352 0.583333 0.024148 0.047980
28 0.315696 0.830177 0.063210 0.074495
9 0.418679 0.586490 0.031960 0.064394
6 0.539773 0.265783 0.367898 0.142677
3 0.238636 0.858586 0.076705 0.101010
17 0.184659 0.390152 0.045455 0.068182
1 0.815696 0.226641 0.036222 0.064394
5 0.250000 0.237374 0.039773 0.073232
16 0.113991 0.900884 0.080256 0.099747
5 0.498224 0.810606 0.039062 0.073232
4 0.284801 0.582702 0.034091 0.054293
21 0.061790 0.544192 0.029830 0.053030
9 0.082386 0.807449 0.035511 0.071970
27 0.651278 0.561237 0.059659 0.071970
7 0.947088 0.636995 0.057528 0.099747