11 0.256392 0.546086 0.032670 0.059343
21 0.401634 0.319444 0.070312 0.085859
14 0.258523 0.165404 0.032670 0.058081
0 0.933949 0.056818 0.032670 0.055556
23 0.544744 0.501263 0.032670 0.058081
7 0.577060 0.166035 0.031960 0.061869
2 0.539773 0.623737 0.062500 0.085859
1 0.714844 0.702652 0.034801 0.061869
8 0.733665 0.501263 0.032670 0.065657
24 0.403409 0.629419 0.035511 0.061869
16 0.037642 0.161616 0.038352 0.058081
15 0.771662 0.244949 0.068892 0.085859
12 0.106889 0.616162 0.029119 0.047980
4 0.333097 0.529672 0.035511 0.056818
6 0.522017 0.422980 0.049716 0.085859
20 0.588778 0.753788 0.032670 0.058081
26 0.943892 0.548611 0.068182 0.082071
13 0.293324 0.968434 0.024148 0.047980
18 0.103338 0.121843 0.033381 0.059343
22 0.455256 0.851010 0.034091 0.058081
3 0.329190 0.378157 0.066051 0.087121
9 0.542259 0.038510 0.031960 0.061869
5 0.139560 0.730429 0.033381 0.061869
25 0.922940 0.475379 0.033381 0.059343