25 0.362216 0.575126 0.036932 0.064394
0 0.944602 0.470960 0.032670 0.055556
4 0.947088 0.955808 0.033381 0.053030
12 0.299361 0.960859 0.034801 0.063131
27 0.260653 0.748106 0.080966 0.097222
21 0.078835 0.271465 0.031250 0.055556
16 0.441406 0.582702 0.075994 0.094697
25 0.232244 0.178662 0.029830 0.051768
19 0.168324 0.420455 0.034091 0.060606
8 0.554332 0.735480 0.026278 0.051768
3 0.678622 0.658460 0.067472 0.089646
24 0.588423 0.860480 0.027699 0.049242
25 0.225852 0.366793 0.035511 0.061869
2 0.056463 0.506944 0.064631 0.089646
14 0.343395 0.929924 0.022017 0.044192
1 0.505327 0.160985 0.034801 0.061869
21 0.802557 0.506313 0.035511 0.063131
21 0.639560 0.248106 0.026278 0.046717
5 0.761719 0.811237 0.037642 0.069444
22 0.770241 0.949495 0.066051 0.080808
28 0.859375 0.430556 0.072443 0.085859