5 0.775213 0.471591 0.037642 0.069444
26 0.558594 0.450126 0.030540 0.054293
3 0.917259 0.062500 0.071733 0.094697
7 0.152699 0.342172 0.049716 0.085859
5 0.953480 0.634470 0.026278 0.049242
15 0.101918 0.655934 0.037642 0.066919
12 0.292969 0.880051 0.037642 0.068182
28 0.226562 0.805556 0.080966 0.095960
20 0.638139 0.700126 0.029119 0.056818
21 0.729403 0.053030 0.036932 0.065657
18 0.727273 0.756944 0.035511 0.061869
11 0.154119 0.925505 0.032670 0.065657
26 0.036932 0.222222 0.034091 0.060606
9 0.395241 0.482323 0.037642 0.075758
17 0.275923 0.063131 0.034801 0.053030