27 0.401278 0.074495 0.066761 0.080808
11 0.030895 0.119949 0.043324 0.088384
24 0.812855 0.931187 0.033381 0.059343
12 0.575639 0.453283 0.034801 0.063131
19 0.567472 0.680556 0.034091 0.060606
10 0.626776 0.633838 0.031960 0.063131
20 0.955256 0.712121 0.028409 0.055556
27 0.699219 0.045455 0.067472 0.080808
16 0.052557 0.284091 0.075284 0.093434
17 0.823153 0.359848 0.038352 0.058081
26 0.955966 0.165404 0.034091 0.060606
21 0.258168 0.902146 0.026278 0.046717
19 0.792969 0.159722 0.036222 0.064394
24 0.436435 0.659722 0.027699 0.049242
2 0.848366 0.833965 0.061790 0.084596
12 0.626420 0.226641 0.029830 0.054293
22 0.256747 0.593434 0.061790 0.075758
27 0.453125 0.902146 0.075284 0.089646
3 0.908736 0.630051 0.057528 0.075758
16 0.464844 0.759470 0.057528 0.071970
11 0.113281 0.176768 0.031960 0.065657
0 0.747869 0.521465 0.034091 0.058081
0 0.514915 0.843434 0.034091 0.058081
14 0.276634 0.693182 0.019176 0.037879
27 0.327415 0.640783 0.071023 0.084596
2 0.722301 0.191288 0.059659 0.082071
13 0.106889 0.069444 0.033381 0.055556