17 0.150923 0.272727 0.034801 0.053030
10 0.275923 0.345328 0.030540 0.059343
26 0.282315 0.796086 0.029119 0.051768
17 0.256747 0.494949 0.041903 0.063131
10 0.448509 0.365530 0.036222 0.069444
23 0.081321 0.729798 0.040483 0.068182
15 0.471946 0.918561 0.031960 0.056818
12 0.484020 0.723485 0.033381 0.060606
27 0.470170 0.212753 0.076705 0.092172
28 0.594460 0.157197 0.061080 0.071970
0 0.804688 0.752525 0.038352 0.065657
12 0.764560 0.452020 0.036222 0.065657
3 0.561080 0.671086 0.066761 0.087121
25 0.537997 0.234848 0.039062 0.068182
9 0.513494 0.486111 0.032670 0.065657
26 0.808949 0.239899 0.032670 0.058081
14 0.325639 0.558712 0.026278 0.051768
24 0.662997 0.971591 0.030540 0.054293