14 0.325284 0.222222 0.032670 0.058081
2 0.833807 0.329545 0.062500 0.085859
3 0.801491 0.719066 0.066051 0.087121
20 0.679688 0.691919 0.032670 0.058081
16 0.620739 0.568182 0.038352 0.058081
4 0.795455 0.162247 0.035511 0.056818
23 0.352273 0.058081 0.032670 0.058081
0 0.619318 0.950758 0.032670 0.055556
24 0.084517 0.244318 0.035511 0.061869
8 0.115057 0.598485 0.032670 0.065657
18 0.957031 0.249369 0.033381 0.059343
9 0.402344 0.629419 0.031960 0.061869
1 0.432173 0.249369 0.034801 0.061869
15 0.594815 0.162879 0.068892 0.085859
6 0.691051 0.555556 0.049716 0.085859
27 0.726562 0.102273 0.068182 0.080808
21 0.729048 0.327020 0.070312 0.085859
12 0.752486 0.733586 0.029119 0.047980
11 0.213068 0.528409 0.032670 0.059343
5 0.155185 0.110480 0.033381 0.061869
17 0.222301 0.677399 0.035511 0.061869
10 0.851918 0.207702 0.039062 0.079545
19 0.409446 0.172980 0.034801 0.068182
13 0.289062 0.169192 0.024148 0.047980
25 0.886009 0.898359 0.033381 0.059343
26 0.221591 0.164773 0.068182 0.082071
22 0.890625 0.031566 0.034091 0.058081
7 0.256747 0.363005 0.031960 0.061869