4 0.627841 0.333965 0.035511 0.056818
21 0.744673 0.500000 0.034801 0.068182
5 0.783736 0.962121 0.026278 0.050505
26 0.712358 0.876894 0.035511 0.061869
29 0.608665 0.819444 0.068182 0.080808
17 0.189276 0.083333 0.068892 0.085859
9 0.072798 0.081439 0.031960 0.061869
0 0.029830 0.537879 0.032670 0.055556
1 0.966264 0.676136 0.034801 0.061869
13 0.968040 0.345328 0.032670 0.059343
15 0.382102 0.465909 0.024148 0.047980
3 0.222656 0.552399 0.066051 0.087121
22 0.592330 0.220960 0.032670 0.058081
23 0.319247 0.487374 0.070312 0.085859
25 0.498580 0.710859 0.032670 0.058081
2 0.432528 0.300505 0.062500 0.085859
18 0.605824 0.438131 0.038352 0.058081
28 0.792614 0.283460 0.068182 0.082071
19 0.396307 0.398359 0.035511 0.061869
24 0.256392 0.266414 0.034091 0.058081