10 0.419744 0.617424 0.029830 0.058081
21 0.292259 0.315025 0.027699 0.049242
1 0.775568 0.145202 0.032670 0.058081
26 0.292259 0.177399 0.027699 0.049242
5 0.914418 0.301136 0.039062 0.071970
24 0.971946 0.962753 0.026278 0.046717
3 0.819602 0.904040 0.059659 0.078283
26 0.235795 0.059343 0.038352 0.068182
23 0.634233 0.592803 0.038352 0.064394
3 0.369318 0.787247 0.072443 0.094697
24 0.935014 0.144571 0.030540 0.054293
23 0.967685 0.504419 0.040483 0.069444
23 0.663707 0.653409 0.029119 0.049242
11 0.683594 0.527146 0.046165 0.094697
8 0.746449 0.217803 0.028409 0.054293
26 0.072798 0.210227 0.030540 0.054293
6 0.408026 0.512626 0.362926 0.141414
14 0.735795 0.970960 0.024148 0.047980
19 0.428267 0.770202 0.029830 0.053030
27 0.779830 0.346591 0.075284 0.089646
2 0.387784 0.393308 0.063920 0.087121
28 0.403764 0.244318 0.080256 0.094697
21 0.796520 0.654672 0.036222 0.064394
12 0.199219 0.204545 0.026278 0.047980
6 0.697443 0.787247 0.343750 0.132576
19 0.185724 0.107955 0.033381 0.059343