6 0.593395 0.629419 0.029119 0.051768
0 0.255682 0.332071 0.031250 0.055556
20 0.457386 0.308081 0.026989 0.047980
11 0.970170 0.767677 0.036932 0.065657
7 0.217685 0.907197 0.036222 0.064394
6 0.198509 0.380682 0.029119 0.051768
21 0.950994 0.319444 0.028409 0.050505
21 0.017756 0.247475 0.031250 0.055556
25 0.051847 0.565657 0.038352 0.068182
1 0.361861 0.667298 0.039062 0.069444
10 0.075639 0.457702 0.036222 0.064394
10 0.784091 0.049242 0.028409 0.050505
13 0.936790 0.251263 0.038352 0.068182
18 0.640270 0.187500 0.037642 0.066919