20 0.324574 0.681818 0.032670 0.058081
6 0.839489 0.579545 0.049716 0.085859
25 0.618963 0.759470 0.033381 0.059343
19 0.715554 0.872475 0.034801 0.068182
3 0.919389 0.850379 0.066051 0.087121
23 0.724432 0.398990 0.032670 0.058081
24 0.233665 0.544823 0.035511 0.061869
18 0.343395 0.259470 0.033381 0.059343
13 0.863636 0.313131 0.024148 0.047980
7 0.042969 0.847854 0.031960 0.061869
1 0.095526 0.841540 0.034801 0.061869
0 0.614347 0.398990 0.032670 0.055556
16 0.031250 0.095960 0.038352 0.058081
26 0.357955 0.556187 0.068182 0.082071
21 0.552912 0.772727 0.070312 0.085859
9 0.844815 0.756944 0.031960 0.061869
12 0.547230 0.693182 0.029119 0.047980
8 0.960227 0.284091 0.032670 0.065657