1 0.520952 0.446338 0.034801 0.061869
26 0.727273 0.389520 0.035511 0.061869
0 0.453835 0.588384 0.032670 0.055556
15 0.722301 0.101010 0.024148 0.047980
16 0.453125 0.781566 0.032670 0.058081
19 0.113636 0.083965 0.035511 0.061869
13 0.503551 0.179924 0.032670 0.059343
29 0.794034 0.167929 0.068182 0.080808
17 0.368253 0.484848 0.068892 0.085859
14 0.537287 0.906566 0.029119 0.047980
3 0.242543 0.470328 0.066051 0.087121
24 0.908381 0.032828 0.034091 0.058081
9 0.212003 0.347854 0.031960 0.061869
5 0.222656 0.083333 0.026278 0.050505
4 0.616477 0.349116 0.035511 0.056818
20 0.352628 0.056187 0.033381 0.059343
8 0.737216 0.672980 0.049716 0.085859
12 0.087003 0.529672 0.039062 0.079545
21 0.539418 0.532828 0.034801 0.068182
6 0.844815 0.846591 0.081676 0.137626
10 0.131392 0.829545 0.032670 0.065657
27 0.036577 0.230429 0.033381 0.059343
25 0.824574 0.593434 0.032670 0.058081
11 0.693537 0.696338 0.031960 0.061869
28 0.502841 0.296086 0.068182 0.082071
7 0.646662 0.131944 0.033381 0.061869
2 0.598011 0.064394 0.062500 0.085859
18 0.794034 0.531566 0.038352 0.058081
22 0.740057 0.165404 0.032670 0.058081