21 0.330256 0.523990 0.036932 0.065657
8 0.873935 0.307449 0.029119 0.056818
18 0.070668 0.704545 0.040483 0.070707
28 0.744318 0.449495 0.068182 0.080808
8 0.470170 0.405303 0.028409 0.055556
8 0.798651 0.174242 0.027699 0.053030
20 0.466619 0.088384 0.031250 0.060606
5 0.023438 0.626894 0.031250 0.056818
25 0.589134 0.377525 0.041903 0.073232
1 0.686435 0.609217 0.037642 0.066919
26 0.339134 0.395833 0.029119 0.051768
17 0.258878 0.098485 0.030540 0.045455
26 0.033026 0.546086 0.039062 0.069444
24 0.051491 0.380682 0.036222 0.064394
27 0.214489 0.700758 0.069602 0.083333
1 0.778054 0.645833 0.034801 0.061869
19 0.450639 0.508207 0.033381 0.059343
8 0.718750 0.744949 0.029830 0.058081