6 0.848366 0.673611 0.081676 0.137626
29 0.595881 0.955808 0.068182 0.080808
1 0.704901 0.812500 0.034801 0.061869
26 0.146307 0.150884 0.035511 0.061869
21 0.769531 0.539141 0.034801 0.068182
16 0.262784 0.324495 0.032670 0.058081
22 0.818182 0.787879 0.032670 0.058081
27 0.152344 0.823864 0.033381 0.059343
4 0.735085 0.032197 0.035511 0.056818
2 0.773438 0.113636 0.062500 0.085859
13 0.424716 0.375631 0.032670 0.059343
11 0.413707 0.106692 0.031960 0.061869
17 0.672230 0.558081 0.068892 0.085859
5 0.953480 0.155303 0.026278 0.050505
9 0.246804 0.049874 0.031960 0.061869
0 0.507812 0.595960 0.032670 0.055556
20 0.139560 0.303662 0.033381 0.059343
24 0.755682 0.825758 0.034091 0.058081