4 0.462358 0.679924 0.036932 0.059343
28 0.379261 0.300505 0.063920 0.075758
22 0.517045 0.763889 0.072443 0.088384
1 0.326705 0.477273 0.032670 0.058081
27 0.582031 0.909091 0.075994 0.090909
26 0.712003 0.183712 0.037642 0.066919
28 0.924361 0.522096 0.058949 0.069444
16 0.151634 0.599747 0.058949 0.073232
20 0.944247 0.959596 0.036222 0.070707
10 0.705966 0.318813 0.029830 0.056818
9 0.878196 0.650884 0.031960 0.064394
20 0.795455 0.628157 0.039773 0.077020
18 0.394886 0.470328 0.035511 0.061869
20 0.667614 0.872475 0.032670 0.063131
6 0.235795 0.148359 0.386364 0.150253
4 0.100852 0.453283 0.038352 0.060606
11 0.910866 0.370581 0.043324 0.089646
28 0.504616 0.249369 0.080256 0.094697
16 0.183594 0.711490 0.081676 0.102273
17 0.845526 0.178030 0.040483 0.060606
4 0.735795 0.689394 0.038352 0.060606
2 0.090554 0.287879 0.071733 0.098485