23 0.446023 0.305556 0.032670 0.058081
1 0.238991 0.447601 0.034801 0.061869
13 0.634233 0.106061 0.024148 0.047980
7 0.784446 0.331439 0.031960 0.061869
6 0.289773 0.202020 0.049716 0.085859
3 0.930043 0.368056 0.066051 0.087121
15 0.583452 0.810606 0.068892 0.085859
18 0.560014 0.147096 0.033381 0.059343
0 0.492188 0.486111 0.032670 0.055556
5 0.344105 0.631944 0.033381 0.061869
25 0.302202 0.865530 0.033381 0.059343
11 0.945312 0.277146 0.032670 0.059343
19 0.223366 0.834596 0.034801 0.068182
22 0.372159 0.757576 0.034091 0.058081
17 0.101562 0.634470 0.035511 0.061869