25 0.908026 0.833965 0.033381 0.059343
19 0.076349 0.686869 0.034801 0.068182
17 0.150568 0.640783 0.035511 0.061869
23 0.272017 0.073232 0.032670 0.058081
9 0.836293 0.416035 0.031960 0.061869
7 0.352628 0.173611 0.031960 0.061869
10 0.491832 0.688763 0.039062 0.079545
22 0.817472 0.878788 0.034091 0.058081
27 0.592330 0.945707 0.068182 0.080808
18 0.781605 0.648359 0.033381 0.059343
26 0.206676 0.412247 0.068182 0.082071
21 0.699929 0.861111 0.070312 0.085859
4 0.704545 0.188763 0.035511 0.056818
3 0.341264 0.567551 0.066051 0.087121
14 0.479403 0.246212 0.032670 0.058081
5 0.412997 0.157197 0.033381 0.061869
11 0.879972 0.092803 0.032670 0.059343
16 0.350852 0.758838 0.038352 0.058081
0 0.789062 0.707071 0.032670 0.055556
6 0.215199 0.080808 0.049716 0.085859
20 0.694602 0.953283 0.032670 0.058081
24 0.397017 0.423611 0.035511 0.061869
13 0.498580 0.758838 0.024148 0.047980
15 0.594105 0.089646 0.068892 0.085859
2 0.899858 0.378788 0.062500 0.085859
1 0.252486 0.272096 0.034801 0.061869
12 0.173651 0.041667 0.029119 0.047980
8 0.112926 0.905303 0.032670 0.065657