1 0.944957 0.030934 0.033381 0.059343
8 0.973722 0.444444 0.034091 0.065657
13 0.950639 0.577020 0.033381 0.055556
11 0.523793 0.609217 0.037642 0.077020
8 0.825639 0.087121 0.037642 0.073232
21 0.312145 0.437500 0.031960 0.056818
21 0.360795 0.300505 0.036932 0.065657
14 0.393466 0.800505 0.024148 0.047980
24 0.787287 0.693813 0.027699 0.049242
7 0.402699 0.046717 0.046875 0.080808
2 0.107599 0.396465 0.058949 0.080808
7 0.698864 0.654040 0.042614 0.073232
28 0.371094 0.219066 0.064631 0.077020
8 0.134233 0.274621 0.036932 0.071970
26 0.660156 0.316288 0.027699 0.049242
8 0.631392 0.840909 0.028409 0.055556
5 0.711293 0.378157 0.037642 0.069444
24 0.040483 0.141414 0.032670 0.058081
25 0.860440 0.708965 0.031960 0.056818
1 0.562855 0.732955 0.033381 0.059343
19 0.638494 0.731061 0.039773 0.070707
16 0.662997 0.568813 0.066051 0.082071
0 0.097656 0.081439 0.034801 0.059343
21 0.757812 0.821970 0.029830 0.053030
18 0.216264 0.061869 0.041903 0.073232
1 0.252841 0.775253 0.039773 0.070707
6 0.287997 0.561237 0.361506 0.140152
14 0.830966 0.215909 0.025568 0.050505
9 0.236151 0.153409 0.034801 0.069444