18 0.617188 0.710859 0.038352 0.058081
26 0.041193 0.852904 0.035511 0.061869
25 0.343040 0.900253 0.032670 0.058081
14 0.261719 0.809343 0.029119 0.047980
9 0.395241 0.847854 0.031960 0.061869
16 0.072443 0.632576 0.032670 0.058081
20 0.378906 0.715278 0.033381 0.059343
6 0.061435 0.236742 0.081676 0.137626
3 0.388139 0.477904 0.066051 0.087121
12 0.059304 0.763258 0.039062 0.079545
22 0.252841 0.880051 0.032670 0.058081
23 0.075639 0.527778 0.070312 0.085859
5 0.543679 0.027778 0.026278 0.050505
10 0.847301 0.371212 0.032670 0.065657
0 0.292614 0.897727 0.032670 0.055556
28 0.816051 0.803662 0.068182 0.082071
13 0.061080 0.029672 0.032670 0.059343
15 0.532670 0.454545 0.024148 0.047980