6 0.687500 0.210859 0.313920 0.121212
11 0.348011 0.946970 0.035511 0.073232
3 0.524148 0.408460 0.069602 0.092172
21 0.115767 0.311869 0.034091 0.060606
4 0.263139 0.763889 0.036222 0.058081
15 0.242898 0.910354 0.031250 0.055556
25 0.339134 0.648990 0.039062 0.068182
10 0.796875 0.664773 0.026989 0.051768
0 0.778764 0.904672 0.036222 0.061869
13 0.024148 0.129419 0.028409 0.046717
10 0.548651 0.642045 0.030540 0.059343
9 0.179688 0.572601 0.034091 0.069444
23 0.837713 0.369318 0.037642 0.064394
24 0.216264 0.448864 0.026278 0.046717
6 0.338068 0.268308 0.278409 0.107323
2 0.523793 0.057449 0.061790 0.084596
2 0.870384 0.906566 0.067472 0.093434
17 0.549361 0.869318 0.030540 0.046717
1 0.450284 0.709596 0.041193 0.073232
27 0.059659 0.784091 0.079545 0.095960
12 0.972656 0.331439 0.030540 0.054293
11 0.151278 0.183081 0.044034 0.090909
24 0.483310 0.916035 0.033381 0.059343
1 0.968040 0.044192 0.034091 0.060606
21 0.462358 0.046717 0.035511 0.063131
9 0.357244 0.571970 0.032670 0.065657
24 0.075284 0.551768 0.026989 0.047980