24 0.372159 0.737374 0.031250 0.055556
4 0.704901 0.478535 0.033381 0.053030
1 0.432528 0.839646 0.041193 0.073232
10 0.231534 0.708333 0.035511 0.068182
21 0.411222 0.744949 0.026989 0.047980
5 0.151634 0.934343 0.037642 0.070707
18 0.827060 0.483586 0.037642 0.065657
17 0.284801 0.884470 0.035511 0.054293
8 0.921875 0.174874 0.025568 0.049242
0 0.068182 0.145202 0.035511 0.060606
12 0.309659 0.644571 0.026989 0.049242
18 0.109375 0.452652 0.032670 0.056818
15 0.313210 0.565657 0.031250 0.055556
11 0.945668 0.265152 0.040483 0.083333
16 0.522017 0.677399 0.073864 0.092172
27 0.444957 0.059975 0.078835 0.094697
3 0.504616 0.241162 0.067472 0.088384
7 0.765980 0.301768 0.043324 0.075758
14 0.118963 0.772727 0.020597 0.040404
22 0.162642 0.041667 0.063920 0.078283
21 0.131392 0.239899 0.034091 0.060606
4 0.558949 0.408460 0.035511 0.056818
10 0.785511 0.457071 0.031250 0.060606
19 0.134588 0.573864 0.030540 0.054293
10 0.268111 0.697601 0.031960 0.061869