16 0.300426 0.693182 0.038352 0.058081
13 0.928977 0.089646 0.024148 0.047980
5 0.233310 0.577652 0.033381 0.061869
20 0.857955 0.127525 0.032670 0.058081
7 0.829190 0.860480 0.031960 0.061869
15 0.930753 0.770202 0.068892 0.085859
12 0.234020 0.851010 0.029119 0.047980
26 0.174006 0.604167 0.068182 0.082071
21 0.466974 0.839646 0.070312 0.085859
27 0.036222 0.811869 0.068182 0.080808
1 0.349077 0.278409 0.034801 0.061869
19 0.394531 0.223485 0.034801 0.068182
2 0.959517 0.646465 0.062500 0.085859
3 0.849077 0.669823 0.066051 0.087121
23 0.943892 0.959596 0.032670 0.058081
11 0.176847 0.167298 0.032670 0.059343
0 0.245739 0.478535 0.032670 0.055556
25 0.119673 0.809975 0.033381 0.059343
9 0.187145 0.863005 0.031960 0.061869
14 0.735795 0.928030 0.032670 0.058081