1 0.062855 0.890783 0.034801 0.061869
4 0.457386 0.148359 0.035511 0.056818
20 0.424361 0.533460 0.033381 0.059343
10 0.218040 0.541667 0.032670 0.065657
28 0.046875 0.383207 0.068182 0.082071
8 0.152699 0.551768 0.049716 0.085859
18 0.281960 0.799242 0.038352 0.058081
24 0.779830 0.371212 0.034091 0.058081
16 0.504261 0.714646 0.032670 0.058081
0 0.522727 0.099747 0.032670 0.055556
3 0.413707 0.888258 0.066051 0.087121
7 0.136009 0.945076 0.033381 0.061869
14 0.022372 0.205808 0.029119 0.047980
27 0.333452 0.812500 0.033381 0.059343
13 0.683949 0.913510 0.032670 0.059343
12 0.289418 0.385732 0.039062 0.079545
5 0.332741 0.589646 0.026278 0.050505
23 0.658026 0.694444 0.070312 0.085859
11 0.866832 0.197601 0.031960 0.061869
25 0.866477 0.074495 0.032670 0.058081