21 0.520952 0.191919 0.070312 0.085859
27 0.596591 0.785354 0.068182 0.080808
24 0.790483 0.775884 0.035511 0.061869
15 0.064276 0.304293 0.068892 0.085859
2 0.053267 0.517677 0.062500 0.085859
1 0.661577 0.547348 0.034801 0.061869
3 0.184304 0.874369 0.066051 0.087121
10 0.320668 0.605429 0.039062 0.079545
19 0.062855 0.671717 0.034801 0.068182
20 0.216619 0.460859 0.032670 0.058081
5 0.222656 0.380682 0.033381 0.061869
4 0.830966 0.686237 0.035511 0.056818
13 0.903409 0.606061 0.024148 0.047980
25 0.924361 0.253157 0.033381 0.059343
26 0.391335 0.914773 0.068182 0.082071
6 0.461648 0.512626 0.049716 0.085859
8 0.603693 0.205808 0.032670 0.065657
11 0.188210 0.363005 0.032670 0.059343
14 0.970170 0.267677 0.032670 0.058081
7 0.572088 0.888258 0.031960 0.061869
12 0.723366 0.473485 0.029119 0.047980
9 0.508878 0.284722 0.031960 0.061869