27 0.573509 0.519571 0.033381 0.059343
9 0.109730 0.576389 0.031960 0.061869
29 0.852983 0.414141 0.068182 0.080808
22 0.274148 0.727273 0.032670 0.058081
0 0.922585 0.431818 0.032670 0.055556
2 0.730824 0.238636 0.062500 0.085859
23 0.843395 0.858586 0.070312 0.085859
28 0.395597 0.885732 0.068182 0.082071
13 0.977273 0.409722 0.032670 0.059343
4 0.266335 0.282197 0.035511 0.056818
8 0.683949 0.422980 0.049716 0.085859
24 0.053977 0.837121 0.034091 0.058081
7 0.094815 0.166035 0.033381 0.061869
21 0.127486 0.933081 0.034801 0.068182
6 0.321378 0.144571 0.081676 0.137626
17 0.483310 0.376263 0.068892 0.085859
3 0.048651 0.261995 0.066051 0.087121
18 0.044744 0.723485 0.038352 0.058081
25 0.587358 0.704545 0.032670 0.058081
19 0.382102 0.758207 0.035511 0.061869
26 0.191761 0.806187 0.035511 0.061869
12 0.588423 0.865530 0.039062 0.079545
16 0.921875 0.501263 0.032670 0.058081
15 0.223011 0.685606 0.024148 0.047980
10 0.968040 0.696970 0.032670 0.065657