28 0.135298 0.782197 0.063210 0.074495
0 0.735795 0.549242 0.035511 0.060606
10 0.077060 0.902778 0.036222 0.070707
16 0.697798 0.657828 0.073153 0.090909
14 0.890980 0.217172 0.020597 0.040404
10 0.208807 0.284091 0.035511 0.068182
12 0.223011 0.150884 0.038352 0.069444
22 0.648438 0.364268 0.061080 0.074495
27 0.230824 0.640783 0.071023 0.084596
6 0.625355 0.069444 0.299006 0.116162
5 0.218395 0.744318 0.029119 0.054293
16 0.924361 0.664773 0.057528 0.071970
7 0.362571 0.800505 0.056108 0.095960
5 0.852273 0.829545 0.038352 0.070707
5 0.401278 0.508207 0.038352 0.071970
18 0.022727 0.191288 0.036932 0.064394
22 0.819957 0.348485 0.061790 0.075758
2 0.035511 0.546717 0.069602 0.095960
11 0.128551 0.403409 0.035511 0.071970
28 0.615767 0.482323 0.072443 0.085859
0 0.709517 0.258207 0.036932 0.061869
5 0.542969 0.530303 0.037642 0.070707
11 0.744318 0.912879 0.038352 0.078283
1 0.340909 0.388889 0.034091 0.060606
15 0.151634 0.525884 0.031960 0.056818
16 0.817472 0.954545 0.066761 0.083333
5 0.282315 0.535985 0.039062 0.071970