23 0.455256 0.604798 0.032670 0.058081
4 0.638494 0.032197 0.035511 0.056818
19 0.487571 0.160354 0.034801 0.068182
9 0.212003 0.378157 0.031960 0.061869
25 0.288707 0.770833 0.033381 0.059343
15 0.593395 0.474747 0.068892 0.085859
2 0.843040 0.867424 0.062500 0.085859
0 0.789062 0.750000 0.032670 0.055556
6 0.418324 0.059343 0.049716 0.085859
1 0.251776 0.679924 0.034801 0.061869
21 0.681463 0.688131 0.070312 0.085859
13 0.361506 0.656566 0.024148 0.047980
8 0.514205 0.679293 0.032670 0.065657
16 0.071023 0.488636 0.038352 0.058081
11 0.849432 0.225379 0.032670 0.059343
3 0.269531 0.576389 0.066051 0.087121
22 0.763494 0.448232 0.034091 0.058081
14 0.100852 0.637626 0.032670 0.058081
5 0.121804 0.113005 0.033381 0.061869