19 0.589844 0.299874 0.039062 0.069444
14 0.481534 0.173611 0.026989 0.054293
9 0.323153 0.835227 0.032670 0.066919
28 0.796165 0.720960 0.063920 0.075758
20 0.851562 0.928662 0.034091 0.066919
25 0.643111 0.299242 0.034801 0.060606
16 0.459162 0.354798 0.060369 0.075758
18 0.248224 0.361111 0.033381 0.058081
23 0.638494 0.542929 0.031250 0.053030
16 0.436080 0.690657 0.066761 0.083333
23 0.655540 0.631313 0.035511 0.060606
8 0.094815 0.512626 0.026278 0.050505
16 0.462358 0.065657 0.066761 0.083333
6 0.250710 0.227904 0.311080 0.119949
5 0.262784 0.909722 0.026989 0.049242
14 0.788352 0.542929 0.024148 0.047980
11 0.045810 0.234217 0.040483 0.082071
4 0.088423 0.693813 0.033381 0.054293
4 0.698153 0.775884 0.034091 0.054293
19 0.626776 0.932449 0.039062 0.069444