4 0.213778 0.267045 0.035511 0.056818
7 0.442827 0.182449 0.031960 0.061869
27 0.219460 0.815657 0.068182 0.080808
17 0.344460 0.823864 0.035511 0.061869
1 0.939276 0.850379 0.034801 0.061869
21 0.877486 0.667929 0.070312 0.085859
15 0.933594 0.065657 0.068892 0.085859
23 0.539062 0.156566 0.032670 0.058081
5 0.332031 0.688763 0.033381 0.061869
8 0.325994 0.477273 0.032670 0.065657
0 0.555398 0.571970 0.032670 0.055556
3 0.612571 0.716540 0.066051 0.087121
22 0.650568 0.415404 0.034091 0.058081
16 0.553267 0.880051 0.038352 0.058081
2 0.968750 0.681818 0.062500 0.085859
12 0.143821 0.776515 0.029119 0.047980
6 0.496449 0.785354 0.049716 0.085859
9 0.775213 0.272096 0.031960 0.061869
26 0.774148 0.145833 0.068182 0.082071