7 0.848366 0.177399 0.058949 0.102273
21 0.187145 0.572601 0.029119 0.051768
5 0.294744 0.255051 0.038352 0.070707
21 0.401989 0.375000 0.032670 0.058081
24 0.134943 0.175505 0.032670 0.058081
26 0.045455 0.267677 0.038352 0.068182
8 0.746094 0.309343 0.027699 0.053030
24 0.391335 0.847222 0.038352 0.068182
6 0.611151 0.718434 0.371449 0.143939
1 0.784801 0.491162 0.035511 0.063131
4 0.216974 0.325758 0.036222 0.058081
9 0.274858 0.827020 0.035511 0.070707
0 0.466619 0.506313 0.035511 0.060606
5 0.744318 0.887626 0.034091 0.063131
21 0.656960 0.397727 0.036932 0.065657