1 0.428977 0.436869 0.036932 0.065657
6 0.452060 0.067551 0.321733 0.125000
8 0.162287 0.101641 0.034801 0.066919
13 0.085227 0.221591 0.029830 0.049242
11 0.046875 0.714646 0.034091 0.068182
4 0.392401 0.532828 0.039062 0.063131
0 0.350497 0.515783 0.034801 0.059343
1 0.271662 0.086490 0.037642 0.066919
28 0.627841 0.654672 0.065341 0.077020
8 0.297940 0.217803 0.036222 0.069444
4 0.044389 0.881313 0.036222 0.058081
6 0.852273 0.787247 0.276989 0.107323
8 0.377841 0.885101 0.029830 0.058081
27 0.471236 0.707702 0.073153 0.087121
1 0.278409 0.762626 0.034091 0.060606
22 0.627131 0.896465 0.076705 0.093434
5 0.961293 0.402146 0.026278 0.049242
10 0.562145 0.488005 0.033381 0.064394