23 0.138139 0.758838 0.070312 0.085859
28 0.653409 0.703914 0.068182 0.082071
21 0.229759 0.428030 0.034801 0.068182
22 0.492188 0.239899 0.032670 0.058081
13 0.213778 0.038510 0.032670 0.059343
19 0.441761 0.746843 0.035511 0.061869
5 0.629616 0.936869 0.026278 0.050505
18 0.443892 0.361111 0.038352 0.058081
4 0.411222 0.232955 0.035511 0.056818
20 0.290838 0.274621 0.033381 0.059343
9 0.583452 0.857955 0.031960 0.061869
10 0.432528 0.936869 0.032670 0.065657
12 0.843395 0.196338 0.039062 0.079545
0 0.150568 0.434343 0.032670 0.055556
15 0.330966 0.738636 0.024148 0.047980
3 0.927202 0.321338 0.066051 0.087121
17 0.436435 0.853535 0.068892 0.085859
29 0.905540 0.113636 0.068182 0.080808