4 0.313565 0.136364 0.031960 0.050505
5 0.719105 0.529672 0.039062 0.071970
10 0.029830 0.236742 0.025568 0.049242
12 0.393821 0.597222 0.026278 0.047980
16 0.828835 0.345960 0.075284 0.093434
11 0.367898 0.308081 0.036932 0.075758
27 0.153054 0.477273 0.077415 0.093434
5 0.742188 0.678662 0.026989 0.049242
27 0.558594 0.441288 0.061790 0.074495
12 0.042969 0.181818 0.026278 0.047980
24 0.227628 0.182449 0.033381 0.059343
26 0.770241 0.505682 0.039062 0.069444
21 0.931818 0.945707 0.038352 0.068182
3 0.797230 0.705808 0.064631 0.085859
26 0.462358 0.500000 0.031250 0.055556
16 0.746449 0.254419 0.078125 0.097222
21 0.835227 0.949495 0.031250 0.055556
19 0.136719 0.967803 0.029119 0.051768
18 0.366832 0.925505 0.034801 0.060606
23 0.818892 0.121212 0.036932 0.063131
25 0.334162 0.417929 0.029119 0.050505
2 0.240412 0.335859 0.053267 0.073232
8 0.555043 0.578283 0.026278 0.050505
26 0.126420 0.122475 0.031250 0.055556
10 0.583807 0.333333 0.031250 0.060606