11 0.617543 0.329545 0.043324 0.088384
12 0.364702 0.900253 0.033381 0.060606
18 0.613991 0.898990 0.031960 0.055556
28 0.433239 0.539773 0.071023 0.084596
19 0.479048 0.886995 0.037642 0.066919
3 0.895952 0.742424 0.074574 0.098485
0 0.466974 0.451389 0.029119 0.049242
10 0.755682 0.532828 0.032670 0.063131
23 0.412997 0.755682 0.030540 0.051768
7 0.213778 0.104798 0.045455 0.078283
24 0.353338 0.337753 0.034801 0.061869
4 0.622159 0.053662 0.034091 0.054293
19 0.344105 0.270833 0.031960 0.056818
1 0.711648 0.892677 0.032670 0.058081
3 0.273793 0.082702 0.066051 0.087121
16 0.762429 0.755682 0.061790 0.077020