21 0.040838 0.515152 0.034801 0.068182
27 0.841974 0.936237 0.033381 0.059343
22 0.837358 0.285354 0.032670 0.058081
13 0.230114 0.217803 0.032670 0.059343
15 0.327415 0.407828 0.024148 0.047980
16 0.649858 0.601010 0.032670 0.058081
26 0.854403 0.048611 0.035511 0.061869
19 0.581676 0.666035 0.035511 0.061869
18 0.767756 0.165404 0.038352 0.058081
29 0.068892 0.419192 0.068182 0.080808
8 0.908381 0.583333 0.049716 0.085859
3 0.907315 0.720328 0.066051 0.087121
6 0.741122 0.289773 0.081676 0.137626
4 0.737926 0.628157 0.035511 0.056818
25 0.056818 0.753788 0.032670 0.058081
5 0.979048 0.469697 0.026278 0.050505