8 0.946023 0.089015 0.025568 0.049242
24 0.330966 0.756313 0.036932 0.065657
27 0.341974 0.579545 0.073153 0.088384
17 0.227983 0.093434 0.038352 0.058081
19 0.949929 0.312500 0.034801 0.061869
17 0.831676 0.289773 0.045455 0.069444
23 0.754972 0.629419 0.026989 0.046717
11 0.035511 0.834596 0.038352 0.078283
24 0.468040 0.208333 0.031250 0.055556
28 0.857244 0.779672 0.069602 0.082071
19 0.704190 0.155934 0.027699 0.049242
7 0.234020 0.544823 0.054688 0.094697
2 0.122514 0.165404 0.066051 0.090909
1 0.835227 0.705808 0.034091 0.060606
18 0.340554 0.921717 0.040483 0.070707
20 0.863636 0.493056 0.035511 0.069444
11 0.605114 0.498106 0.041193 0.084596
12 0.882102 0.687500 0.036932 0.066919
24 0.273438 0.300505 0.031250 0.055556
4 0.504261 0.467803 0.038352 0.061869
9 0.375710 0.730429 0.038352 0.077020