7 0.978338 0.201389 0.033381 0.061869
14 0.329190 0.424242 0.029119 0.047980
1 0.917259 0.664773 0.034801 0.061869
5 0.386009 0.825758 0.026278 0.050505
13 0.659091 0.241793 0.032670 0.059343
15 0.166903 0.119949 0.024148 0.047980
26 0.257812 0.167298 0.035511 0.061869
18 0.540483 0.046717 0.038352 0.058081
0 0.791903 0.844697 0.032670 0.055556
11 0.323509 0.710227 0.031960 0.061869
8 0.129261 0.290404 0.049716 0.085859
20 0.123224 0.777146 0.033381 0.059343
9 0.199929 0.663510 0.031960 0.061869
12 0.945668 0.894571 0.039062 0.079545
16 0.831676 0.344697 0.032670 0.058081
28 0.080256 0.668561 0.068182 0.082071
22 0.921165 0.727273 0.032670 0.058081
10 0.023438 0.300505 0.032670 0.065657
19 0.562500 0.110480 0.035511 0.061869
27 0.206321 0.462753 0.033381 0.059343