1 0.329901 0.147096 0.037642 0.066919
11 0.250355 0.209596 0.037642 0.075758
17 0.424361 0.295455 0.039062 0.058081
18 0.294389 0.421717 0.030540 0.053030
3 0.881392 0.289773 0.078125 0.102273
19 0.037997 0.748106 0.029119 0.051768
19 0.159091 0.943182 0.032670 0.058081
1 0.791548 0.759470 0.029119 0.051768
27 0.113636 0.465278 0.055398 0.066919
26 0.824929 0.830177 0.029119 0.051768
9 0.544034 0.653409 0.036932 0.074495
27 0.482599 0.880682 0.057528 0.069444
23 0.578125 0.670455 0.029830 0.050505
19 0.602983 0.362374 0.035511 0.063131
22 0.419034 0.412879 0.058239 0.070707
18 0.355114 0.604167 0.029830 0.051768
27 0.732599 0.654040 0.057528 0.068182
26 0.976918 0.505682 0.027699 0.049242
12 0.103338 0.751263 0.037642 0.068182
4 0.723366 0.203914 0.039062 0.061869
9 0.709517 0.309975 0.036932 0.074495
6 0.436435 0.774621 0.303267 0.117424