1 0.449929 0.355429 0.036222 0.064394
8 0.090554 0.599116 0.033381 0.064394
21 0.241832 0.625631 0.039062 0.069444
12 0.709872 0.222222 0.037642 0.068182
10 0.064631 0.359848 0.035511 0.068182
27 0.689986 0.491162 0.058949 0.070707
0 0.288352 0.122475 0.038352 0.065657
4 0.967685 0.432449 0.041903 0.066919
2 0.124290 0.062500 0.053977 0.074495
11 0.546520 0.407828 0.033381 0.068182
10 0.950284 0.655303 0.031250 0.060606
16 0.567472 0.646465 0.056818 0.070707
15 0.108310 0.280934 0.037642 0.066919
5 0.672940 0.326389 0.029119 0.054293
22 0.943537 0.921717 0.070312 0.085859
9 0.894531 0.857323 0.026278 0.053030