8 0.514205 0.563131 0.032670 0.065657
6 0.763494 0.813131 0.049716 0.085859
25 0.665838 0.629419 0.033381 0.059343
16 0.776278 0.669192 0.038352 0.058081
12 0.590554 0.450758 0.029119 0.047980
24 0.494318 0.181187 0.035511 0.061869
0 0.281960 0.196970 0.032670 0.055556
5 0.711293 0.236742 0.033381 0.061869
9 0.100497 0.642045 0.031960 0.061869
1 0.674361 0.494318 0.034801 0.061869
18 0.712003 0.553662 0.033381 0.059343
26 0.899148 0.368056 0.068182 0.082071
10 0.538707 0.871843 0.039062 0.079545
20 0.983665 0.839646 0.032670 0.058081
13 0.198864 0.666667 0.024148 0.047980
7 0.909446 0.831439 0.031960 0.061869
4 0.134943 0.140783 0.035511 0.056818
11 0.134233 0.777146 0.032670 0.059343
3 0.234730 0.106692 0.066051 0.087121
23 0.511364 0.388889 0.032670 0.058081
14 0.832386 0.709596 0.032670 0.058081
2 0.868608 0.160354 0.062500 0.085859
21 0.158026 0.950758 0.070312 0.085859
19 0.713423 0.628788 0.034801 0.068182
15 0.063565 0.862374 0.068892 0.085859
27 0.060369 0.478535 0.068182 0.080808
22 0.490057 0.299242 0.034091 0.058081