20 0.980114 0.041667 0.026989 0.047980
2 0.622869 0.097222 0.031250 0.055556
3 0.812500 0.083333 0.029830 0.053030
20 0.474077 0.214015 0.039062 0.069444
22 0.794389 0.884470 0.039062 0.069444
6 0.616832 0.538510 0.039062 0.069444
11 0.160511 0.097222 0.031250 0.055556
1 0.801847 0.281566 0.028409 0.050505
23 0.894531 0.431187 0.039062 0.069444
21 0.863991 0.768308 0.039062 0.069444
15 0.344105 0.336490 0.033381 0.059343
17 0.322443 0.595960 0.034091 0.060606
23 0.031250 0.842172 0.038352 0.068182