15 0.865767 0.332071 0.024148 0.047980
23 0.184304 0.068182 0.070312 0.085859
5 0.057884 0.367424 0.026278 0.050505
2 0.350142 0.188131 0.062500 0.085859
26 0.970170 0.513258 0.035511 0.061869
24 0.512074 0.387626 0.034091 0.058081
14 0.595526 0.786616 0.029119 0.047980
27 0.734730 0.941288 0.033381 0.059343
4 0.314631 0.893308 0.035511 0.056818
1 0.128906 0.927399 0.034801 0.061869
25 0.882812 0.737374 0.032670 0.058081
18 0.966619 0.333333 0.038352 0.058081
12 0.805043 0.080177 0.039062 0.079545
8 0.732955 0.335859 0.049716 0.085859
22 0.588068 0.617424 0.032670 0.058081