25 0.662997 0.125631 0.033381 0.059343
0 0.019886 0.521465 0.032670 0.055556
5 0.775923 0.225379 0.033381 0.061869
18 0.842685 0.948864 0.033381 0.059343
2 0.932528 0.760101 0.062500 0.085859
6 0.198153 0.921717 0.049716 0.085859
8 0.548295 0.368687 0.032670 0.065657
26 0.209517 0.303662 0.068182 0.082071
1 0.307173 0.325126 0.034801 0.061869
13 0.823153 0.787879 0.024148 0.047980
15 0.094815 0.122475 0.068892 0.085859
23 0.543324 0.244949 0.032670 0.058081
19 0.903764 0.319444 0.034801 0.068182
17 0.790483 0.392045 0.035511 0.061869
7 0.506037 0.568813 0.031960 0.061869
27 0.118608 0.208333 0.068182 0.080808
11 0.443182 0.826389 0.032670 0.059343
12 0.241122 0.816919 0.029119 0.047980
16 0.151278 0.569444 0.038352 0.058081
22 0.931818 0.411616 0.034091 0.058081
3 0.089844 0.671086 0.066051 0.087121
10 0.023793 0.833965 0.039062 0.079545
14 0.870739 0.556818 0.032670 0.058081
21 0.536577 0.056818 0.070312 0.085859
24 0.095881 0.284722 0.035511 0.061869
9 0.523793 0.933712 0.031960 0.061869
20 0.485085 0.646465 0.032670 0.058081
4 0.480114 0.711490 0.035511 0.056818