20 0.963068 0.970960 0.032670 0.058081
7 0.216264 0.291035 0.031960 0.061869
26 0.261364 0.945076 0.068182 0.082071
8 0.143466 0.872475 0.032670 0.065657
18 0.695668 0.899621 0.033381 0.059343
13 0.336648 0.036616 0.024148 0.047980
23 0.950994 0.700758 0.032670 0.058081
19 0.143111 0.135101 0.034801 0.068182
12 0.591264 0.351010 0.029119 0.047980
15 0.328480 0.636364 0.068892 0.085859
5 0.460582 0.086490 0.033381 0.061869
25 0.164418 0.691288 0.033381 0.059343
9 0.718395 0.763258 0.031960 0.061869
0 0.058949 0.109848 0.032670 0.055556
6 0.117188 0.568182 0.049716 0.085859
2 0.668324 0.077020 0.062500 0.085859
4 0.574574 0.879419 0.035511 0.056818
10 0.642401 0.528409 0.039062 0.079545
21 0.738281 0.159091 0.070312 0.085859
11 0.231534 0.732955 0.032670 0.059343
14 0.281960 0.195707 0.032670 0.058081
24 0.093750 0.171086 0.035511 0.061869
27 0.357244 0.767677 0.068182 0.080808
1 0.527344 0.587753 0.034801 0.061869
16 0.230114 0.159091 0.038352 0.058081
17 0.708807 0.337753 0.035511 0.061869
3 0.833452 0.232955 0.066051 0.087121