13 0.571733 0.583965 0.032670 0.059343
1 0.962713 0.432449 0.034801 0.061869
0 0.053267 0.097222 0.032670 0.055556
11 0.265270 0.318813 0.031960 0.061869
22 0.980114 0.503788 0.032670 0.058081
16 0.141335 0.470960 0.032670 0.058081
17 0.503906 0.877525 0.068892 0.085859
15 0.279119 0.097222 0.024148 0.047980
8 0.790483 0.198232 0.049716 0.085859
6 0.103338 0.250631 0.081676 0.137626
21 0.606889 0.207071 0.034801 0.068182
19 0.584517 0.826389 0.035511 0.061869
26 0.761364 0.644571 0.035511 0.061869
10 0.793324 0.402778 0.032670 0.065657
14 0.234020 0.251263 0.029119 0.047980