10 0.079190 0.092803 0.039062 0.079545
2 0.922585 0.943182 0.062500 0.085859
18 0.926491 0.595328 0.033381 0.059343
13 0.030540 0.390152 0.024148 0.047980
17 0.690341 0.130682 0.035511 0.061869
22 0.284091 0.505051 0.034091 0.058081
1 0.944247 0.277146 0.034801 0.061869
19 0.244673 0.458333 0.034801 0.068182
3 0.282315 0.828914 0.066051 0.087121
23 0.860795 0.646465 0.032670 0.058081
16 0.087358 0.467172 0.038352 0.058081
7 0.132457 0.850379 0.031960 0.061869
25 0.287997 0.261995 0.033381 0.059343
14 0.441051 0.944444 0.032670 0.058081
5 0.185014 0.663510 0.033381 0.061869
12 0.967685 0.861111 0.029119 0.047980
4 0.354403 0.510732 0.035511 0.056818
0 0.806108 0.039141 0.032670 0.055556
21 0.648082 0.234848 0.070312 0.085859
6 0.543324 0.391414 0.049716 0.085859
27 0.397727 0.094697 0.068182 0.080808