15 0.602628 0.553662 0.031960 0.056818
5 0.828480 0.623106 0.031960 0.059343
17 0.969460 0.207071 0.041193 0.063131
6 0.785866 0.840278 0.297585 0.114899
1 0.242898 0.843434 0.039773 0.070707
10 0.482244 0.098485 0.032670 0.063131
6 0.693892 0.165404 0.332386 0.128788
24 0.505327 0.379419 0.033381 0.059343
5 0.389560 0.726010 0.036222 0.068182
2 0.878196 0.424242 0.053267 0.073232
3 0.133878 0.693182 0.070312 0.093434
11 0.312500 0.693182 0.035511 0.073232
10 0.448153 0.190657 0.034091 0.065657
16 0.105824 0.392045 0.072443 0.089646
9 0.879972 0.491162 0.026989 0.055556
16 0.370739 0.435606 0.080966 0.101010
18 0.357599 0.650253 0.034801 0.060606
2 0.947088 0.710227 0.073153 0.099747
10 0.791548 0.691288 0.026278 0.051768
4 0.714489 0.940025 0.039773 0.064394
13 0.123224 0.577020 0.026278 0.042929
27 0.921165 0.108586 0.065341 0.078283
5 0.281250 0.938131 0.026989 0.050505
24 0.476207 0.596591 0.037642 0.066919
25 0.408026 0.332071 0.033381 0.058081
22 0.401634 0.114268 0.068892 0.084596
25 0.385653 0.941288 0.038352 0.066919