16 0.034801 0.077020 0.038352 0.058081
20 0.390625 0.729798 0.032670 0.058081
4 0.844460 0.761995 0.035511 0.056818
5 0.479048 0.780934 0.033381 0.061869
11 0.894886 0.220328 0.032670 0.059343
7 0.774503 0.836490 0.031960 0.061869
3 0.462003 0.541035 0.066051 0.087121
6 0.840909 0.191919 0.049716 0.085859
25 0.539418 0.373106 0.033381 0.059343
23 0.092330 0.597222 0.032670 0.058081
24 0.651989 0.451389 0.035511 0.061869
10 0.350497 0.822601 0.039062 0.079545
0 0.726562 0.849747 0.032670 0.055556
22 0.926136 0.580808 0.034091 0.058081
13 0.095170 0.267677 0.024148 0.047980
2 0.178267 0.291667 0.062500 0.085859
21 0.561435 0.540404 0.070312 0.085859
14 0.199574 0.784091 0.032670 0.058081
26 0.569602 0.811237 0.068182 0.082071
19 0.783026 0.556818 0.034801 0.068182