8 0.949574 0.867424 0.049716 0.085859
17 0.421520 0.386364 0.068892 0.085859
15 0.210938 0.308081 0.024148 0.047980
4 0.899148 0.918561 0.035511 0.056818
10 0.820312 0.503788 0.032670 0.065657
0 0.156250 0.700758 0.032670 0.055556
9 0.048651 0.746843 0.031960 0.061869
12 0.603338 0.312500 0.039062 0.079545
22 0.320312 0.400253 0.032670 0.058081
18 0.325284 0.545455 0.038352 0.058081
1 0.355469 0.421086 0.034801 0.061869
25 0.381392 0.773990 0.032670 0.058081
29 0.634233 0.157828 0.068182 0.080808
6 0.534446 0.707702 0.081676 0.137626
14 0.510298 0.532828 0.029119 0.047980
13 0.726562 0.419823 0.032670 0.059343
11 0.479759 0.118056 0.031960 0.061869
16 0.047585 0.565657 0.032670 0.058081
20 0.449219 0.657197 0.033381 0.059343
23 0.656605 0.642677 0.070312 0.085859
5 0.628196 0.742424 0.026278 0.050505