4 0.380682 0.389520 0.035511 0.056818
8 0.552557 0.568182 0.032670 0.065657
1 0.979048 0.431187 0.034801 0.061869
7 0.682173 0.034722 0.031960 0.061869
3 0.170810 0.174874 0.066051 0.087121
22 0.492188 0.844697 0.034091 0.058081
15 0.293679 0.601010 0.068892 0.085859
18 0.606889 0.357955 0.033381 0.059343
12 0.699929 0.593434 0.029119 0.047980
10 0.341974 0.143308 0.039062 0.079545
19 0.514560 0.659091 0.034801 0.068182
16 0.578835 0.219697 0.038352 0.058081
21 0.094105 0.656566 0.070312 0.085859
26 0.211648 0.476641 0.068182 0.082071
6 0.537642 0.859848 0.049716 0.085859
27 0.930398 0.159091 0.068182 0.080808
17 0.947443 0.086490 0.035511 0.061869
25 0.863991 0.809975 0.033381 0.059343
2 0.927557 0.568182 0.062500 0.085859
23 0.819602 0.715909 0.032670 0.058081
24 0.278409 0.081439 0.035511 0.061869