18 0.106534 0.628788 0.038352 0.058081
12 0.685724 0.663510 0.039062 0.079545
1 0.080611 0.385732 0.034801 0.061869
4 0.408381 0.380682 0.035511 0.056818
8 0.775568 0.376263 0.049716 0.085859
2 0.805398 0.710859 0.062500 0.085859
28 0.522017 0.120581 0.068182 0.082071
24 0.412642 0.515152 0.034091 0.058081
3 0.542259 0.269571 0.066051 0.087121
7 0.341974 0.693813 0.033381 0.061869
25 0.727983 0.631313 0.032670 0.058081
13 0.148438 0.619318 0.032670 0.059343
27 0.947798 0.275884 0.033381 0.059343
9 0.322088 0.393308 0.031960 0.061869
16 0.555398 0.580808 0.032670 0.058081
0 0.607955 0.871212 0.032670 0.055556
14 0.241832 0.648990 0.029119 0.047980
11 0.099077 0.881944 0.031960 0.061869
5 0.842685 0.313131 0.026278 0.050505
20 0.594105 0.727904 0.033381 0.059343
21 0.981889 0.175505 0.034801 0.068182
29 0.921165 0.773990 0.068182 0.080808
17 0.209872 0.243687 0.068892 0.085859