22 0.975852 0.310606 0.034091 0.058081
1 0.534446 0.186237 0.034801 0.061869
7 0.600497 0.227904 0.031960 0.061869
9 0.070668 0.378157 0.031960 0.061869
11 0.570312 0.553662 0.032670 0.059343
24 0.682528 0.037247 0.035511 0.061869
21 0.175071 0.797980 0.070312 0.085859
6 0.730114 0.561869 0.049716 0.085859
17 0.884233 0.557449 0.035511 0.061869
2 0.414773 0.314394 0.062500 0.085859
14 0.752131 0.738636 0.032670 0.058081
3 0.091974 0.575126 0.066051 0.087121
25 0.516690 0.957702 0.033381 0.059343
15 0.257457 0.262626 0.068892 0.085859
0 0.534091 0.529040 0.032670 0.055556
10 0.409446 0.081439 0.039062 0.079545
8 0.225142 0.035354 0.032670 0.065657
27 0.835938 0.319444 0.068182 0.080808
19 0.326349 0.282828 0.034801 0.068182