8 0.095526 0.258207 0.037642 0.066919
3 0.942116 0.419823 0.029119 0.051768
22 0.470170 0.482323 0.036932 0.065657
13 0.496094 0.114268 0.034801 0.061869
15 0.144531 0.750631 0.036222 0.064394
26 0.362926 0.193182 0.039773 0.070707
19 0.227273 0.761364 0.031250 0.055556
1 0.174361 0.047348 0.029119 0.051768
2 0.386719 0.961490 0.031960 0.056818
3 0.538352 0.300505 0.028409 0.050505
11 0.323153 0.412879 0.026989 0.047980
2 0.503196 0.630682 0.029119 0.051768
14 0.777344 0.895833 0.030540 0.054293