15 0.571023 0.803030 0.034091 0.060606
26 0.825994 0.450758 0.034091 0.060606
14 0.665483 0.339015 0.026989 0.054293
12 0.178977 0.698864 0.032670 0.059343
28 0.425426 0.809343 0.068182 0.080808
19 0.128551 0.664141 0.034091 0.060606
20 0.186080 0.777778 0.038352 0.075758
12 0.132457 0.127525 0.026278 0.047980
12 0.903764 0.736111 0.033381 0.060606
25 0.956321 0.952020 0.041903 0.073232
19 0.415838 0.676136 0.039062 0.069444
19 0.602273 0.089646 0.034091 0.060606
17 0.086293 0.905934 0.030540 0.046717
13 0.334872 0.592172 0.024858 0.040404
11 0.795455 0.855429 0.041193 0.084596
19 0.202770 0.515783 0.031960 0.056818
27 0.592685 0.931818 0.054688 0.065657
26 0.173295 0.213384 0.032670 0.058081
26 0.336648 0.820707 0.032670 0.058081
5 0.250710 0.344697 0.032670 0.060606
27 0.199929 0.916667 0.063210 0.075758
12 0.122159 0.254419 0.028409 0.051768
8 0.559304 0.381944 0.026278 0.051768
25 0.408381 0.096591 0.038352 0.066919
24 0.808949 0.121212 0.032670 0.058081
28 0.166193 0.051768 0.080966 0.095960
2 0.832386 0.943813 0.053977 0.074495
21 0.679688 0.435606 0.038352 0.068182