5 0.338423 0.354167 0.033381 0.061869
1 0.813920 0.518939 0.028409 0.050505
12 0.569957 0.436869 0.036222 0.065657
19 0.980824 0.238636 0.035511 0.063131
27 0.878906 0.326389 0.078835 0.094697
15 0.848011 0.661616 0.031250 0.055556
3 0.862571 0.140783 0.075994 0.099747
26 0.085938 0.829545 0.036932 0.065657
3 0.404119 0.392677 0.076705 0.101010
14 0.275568 0.971591 0.026989 0.054293
12 0.970170 0.584596 0.036932 0.068182
20 0.469815 0.912247 0.027699 0.054293
7 0.265270 0.835227 0.056108 0.097222
22 0.162642 0.936869 0.071023 0.085859
22 0.315341 0.075126 0.066761 0.082071
10 0.136364 0.308712 0.025568 0.049242
27 0.255327 0.323864 0.056108 0.066919
10 0.634588 0.111742 0.029119 0.056818
8 0.715554 0.807449 0.029119 0.056818
4 0.341264 0.946338 0.039062 0.061869