6 0.403764 0.184975 0.081676 0.137626
13 0.539773 0.899621 0.032670 0.059343
18 0.355824 0.565657 0.038352 0.058081
12 0.311435 0.265783 0.039062 0.079545
23 0.332031 0.455808 0.070312 0.085859
25 0.096591 0.188131 0.032670 0.058081
2 0.653409 0.064394 0.062500 0.085859
7 0.914418 0.273359 0.033381 0.061869
19 0.812500 0.048611 0.035511 0.061869
1 0.676491 0.437500 0.034801 0.061869
5 0.488281 0.265152 0.026278 0.050505
28 0.266335 0.639520 0.068182 0.082071
11 0.425071 0.321338 0.031960 0.061869
29 0.357244 0.871212 0.068182 0.080808
14 0.942827 0.569444 0.029119 0.047980
9 0.038707 0.952652 0.031960 0.061869