11 0.846946 0.734217 0.031960 0.061869
1 0.906605 0.250631 0.034801 0.061869
28 0.754261 0.186237 0.068182 0.082071
18 0.829545 0.036616 0.038352 0.058081
22 0.816761 0.414141 0.032670 0.058081
21 0.143821 0.429293 0.034801 0.068182
4 0.302557 0.695076 0.035511 0.056818
17 0.928622 0.816919 0.068892 0.085859
27 0.202770 0.868056 0.033381 0.059343
23 0.329901 0.080808 0.070312 0.085859
19 0.678977 0.424874 0.035511 0.061869
14 0.550781 0.316919 0.029119 0.047980
15 0.382812 0.834596 0.024148 0.047980
12 0.872514 0.835227 0.039062 0.079545
26 0.243608 0.254419 0.035511 0.061869
2 0.866477 0.328283 0.062500 0.085859
24 0.514915 0.162879 0.034091 0.058081
8 0.072443 0.547980 0.049716 0.085859
3 0.097656 0.917298 0.066051 0.087121
6 0.351918 0.211490 0.081676 0.137626
25 0.056818 0.720960 0.032670 0.058081
9 0.137429 0.802399 0.031960 0.061869
10 0.224432 0.626263 0.032670 0.065657
0 0.648438 0.214646 0.032670 0.055556
5 0.699929 0.516414 0.026278 0.050505
13 0.457386 0.642045 0.032670 0.059343
20 0.756747 0.767045 0.033381 0.059343