18 0.653764 0.182449 0.033381 0.059343
16 0.249290 0.184343 0.038352 0.058081
26 0.769176 0.397096 0.068182 0.082071
9 0.836293 0.818813 0.031960 0.061869
12 0.894531 0.257576 0.029119 0.047980
0 0.301136 0.707071 0.032670 0.055556
24 0.680398 0.248106 0.035511 0.061869
6 0.768466 0.276515 0.049716 0.085859
13 0.262074 0.454545 0.024148 0.047980
21 0.045099 0.439394 0.070312 0.085859
7 0.158736 0.177399 0.031960 0.061869
14 0.972301 0.041667 0.032670 0.058081
3 0.693537 0.365530 0.066051 0.087121
1 0.790838 0.792298 0.034801 0.061869
27 0.360795 0.589646 0.068182 0.080808
25 0.254616 0.745581 0.033381 0.059343
17 0.533381 0.722854 0.035511 0.061869
4 0.697443 0.967803 0.035511 0.056818
15 0.832741 0.906566 0.068892 0.085859
5 0.160156 0.691288 0.033381 0.061869
8 0.016335 0.309343 0.032670 0.065657
22 0.776989 0.656566 0.034091 0.058081
2 0.918324 0.848485 0.062500 0.085859
20 0.734375 0.705808 0.032670 0.058081
10 0.605469 0.243056 0.039062 0.079545
11 0.401989 0.738005 0.032670 0.059343
19 0.650923 0.449495 0.034801 0.068182
23 0.540483 0.960859 0.032670 0.058081