22 0.188920 0.717172 0.034091 0.058081
17 0.431108 0.419823 0.035511 0.061869
0 0.904119 0.786616 0.032670 0.055556
7 0.196378 0.046086 0.031960 0.061869
21 0.876776 0.119949 0.070312 0.085859
3 0.202060 0.207702 0.066051 0.087121
27 0.855114 0.381313 0.068182 0.080808
12 0.517401 0.444444 0.029119 0.047980
2 0.178977 0.542929 0.062500 0.085859
8 0.108665 0.630051 0.032670 0.065657
11 0.703125 0.051136 0.032670 0.059343
20 0.669034 0.786616 0.032670 0.058081
24 0.781960 0.089015 0.035511 0.061869
16 0.025568 0.243687 0.038352 0.058081
13 0.948864 0.529040 0.024148 0.047980
26 0.715199 0.543561 0.068182 0.082071
25 0.845526 0.791035 0.033381 0.059343
4 0.728693 0.767045 0.035511 0.056818
18 0.244673 0.568813 0.033381 0.059343
23 0.402699 0.508838 0.032670 0.058081
1 0.442827 0.037247 0.034801 0.061869
19 0.358310 0.666667 0.034801 0.068182
10 0.810724 0.553662 0.039062 0.079545
9 0.040128 0.457702 0.031960 0.061869