18 0.140625 0.679293 0.038352 0.058081
20 0.055753 0.302399 0.033381 0.059343
24 0.363636 0.303030 0.034091 0.058081
3 0.905895 0.054924 0.066051 0.087121
22 0.044034 0.950758 0.032670 0.058081
1 0.906605 0.729167 0.034801 0.061869
12 0.300781 0.340278 0.039062 0.079545
4 0.799006 0.970328 0.035511 0.056818
29 0.683949 0.641414 0.068182 0.080808
16 0.970881 0.714646 0.032670 0.058081
2 0.833807 0.229798 0.062500 0.085859
9 0.486151 0.230429 0.031960 0.061869
8 0.065341 0.537879 0.049716 0.085859
7 0.267401 0.674874 0.033381 0.061869
19 0.327415 0.660985 0.035511 0.061869
11 0.265980 0.851641 0.031960 0.061869
23 0.508168 0.045455 0.070312 0.085859
27 0.494673 0.517045 0.033381 0.059343
6 0.224787 0.414773 0.081676 0.137626
26 0.128551 0.913510 0.035511 0.061869