2 0.299006 0.844066 0.051136 0.069444
28 0.729048 0.522096 0.060369 0.071970
15 0.248580 0.588384 0.031250 0.055556
3 0.239347 0.184975 0.069602 0.092172
6 0.552557 0.162879 0.350852 0.136364
12 0.158736 0.167929 0.034801 0.063131
17 0.369673 0.951389 0.030540 0.046717
10 0.559659 0.427399 0.028409 0.054293
1 0.386719 0.448864 0.034801 0.061869
18 0.981534 0.928662 0.032670 0.056818
15 0.594815 0.394571 0.036222 0.064394
25 0.243963 0.272727 0.039062 0.068182
27 0.475142 0.652146 0.079545 0.094697
15 0.705256 0.409091 0.038352 0.068182
12 0.892756 0.972222 0.026989 0.047980
5 0.034801 0.450758 0.029830 0.055556
25 0.183594 0.766414 0.034801 0.060606
22 0.272017 0.700126 0.073864 0.089646
22 0.155895 0.849747 0.070312 0.085859
28 0.592330 0.315025 0.073864 0.087121
3 0.528054 0.817551 0.058949 0.077020
2 0.875710 0.273359 0.061080 0.084596
10 0.815341 0.726641 0.026989 0.051768
3 0.138849 0.085227 0.054688 0.071970
17 0.503196 0.364268 0.040483 0.061869
10 0.926491 0.191288 0.029119 0.056818