9 0.731179 0.518308 0.031960 0.061869
2 0.426847 0.287879 0.062500 0.085859
20 0.770597 0.925505 0.032670 0.058081
10 0.925071 0.529672 0.039062 0.079545
19 0.791548 0.602273 0.034801 0.068182
4 0.051136 0.124369 0.035511 0.056818
5 0.726207 0.929924 0.033381 0.061869
6 0.428267 0.054293 0.049716 0.085859
22 0.035511 0.521465 0.034091 0.058081
8 0.408381 0.911616 0.032670 0.065657
14 0.161932 0.165404 0.032670 0.058081
15 0.685014 0.710859 0.068892 0.085859
17 0.883523 0.811237 0.035511 0.061869
11 0.457386 0.498106 0.032670 0.059343
26 0.285511 0.787247 0.068182 0.082071
16 0.111506 0.130051 0.038352 0.058081
27 0.938210 0.082071 0.068182 0.080808
24 0.808239 0.934975 0.035511 0.061869
0 0.384943 0.212121 0.032670 0.055556
12 0.846236 0.089646 0.029119 0.047980
21 0.381747 0.729798 0.070312 0.085859
18 0.724077 0.274621 0.033381 0.059343
3 0.456321 0.184975 0.066051 0.087121
13 0.620739 0.955808 0.024148 0.047980
1 0.825639 0.395833 0.034801 0.061869
7 0.334162 0.607955 0.031960 0.061869