27 0.142756 0.270202 0.068182 0.080808
9 0.821378 0.803662 0.031960 0.061869
1 0.956321 0.513258 0.034801 0.061869
17 0.693182 0.578914 0.035511 0.061869
8 0.253551 0.108586 0.032670 0.065657
26 0.183949 0.508207 0.068182 0.082071
7 0.481179 0.182449 0.031960 0.061869
5 0.704190 0.369318 0.033381 0.061869
19 0.024503 0.386364 0.034801 0.068182
20 0.539062 0.175505 0.032670 0.058081
10 0.672230 0.650884 0.039062 0.079545
25 0.426491 0.640783 0.033381 0.059343
0 0.790483 0.141414 0.032670 0.055556
12 0.185014 0.757576 0.029119 0.047980
2 0.354403 0.755051 0.062500 0.085859
24 0.477273 0.380682 0.035511 0.061869
23 0.095170 0.625000 0.032670 0.058081
21 0.437145 0.729798 0.070312 0.085859
16 0.380682 0.438131 0.038352 0.058081