7 0.019531 0.427399 0.031960 0.061869
13 0.199574 0.296717 0.024148 0.047980
5 0.477628 0.070076 0.033381 0.061869
18 0.618963 0.034722 0.033381 0.059343
3 0.719105 0.157197 0.066051 0.087121
21 0.918679 0.236111 0.070312 0.085859
15 0.454901 0.806818 0.068892 0.085859
19 0.855469 0.819444 0.034801 0.068182
27 0.247159 0.166667 0.068182 0.080808
24 0.531960 0.660985 0.035511 0.061869
11 0.619318 0.529672 0.032670 0.059343
1 0.939986 0.072601 0.034801 0.061869
22 0.154830 0.604798 0.034091 0.058081
25 0.230469 0.576389 0.033381 0.059343
8 0.924006 0.761364 0.032670 0.065657
9 0.339134 0.870581 0.031960 0.061869
14 0.174006 0.445707 0.032670 0.058081
17 0.623580 0.394571 0.035511 0.061869
0 0.674716 0.954545 0.032670 0.055556
2 0.210227 0.736111 0.062500 0.085859
20 0.487216 0.641414 0.032670 0.058081