4 0.638494 0.518939 0.035511 0.063131
15 0.462713 0.147096 0.031960 0.056818
8 0.553622 0.852904 0.039062 0.069444
25 0.507102 0.747475 0.036932 0.065657
28 0.492188 0.378788 0.036932 0.065657
7 0.661222 0.901515 0.028409 0.050505
28 0.319247 0.188763 0.034801 0.061869
16 0.786932 0.411616 0.036932 0.065657
28 0.071733 0.943182 0.034091 0.060606
17 0.832386 0.272727 0.032670 0.058081
26 0.968040 0.556818 0.029830 0.053030
18 0.226207 0.168561 0.034801 0.061869
9 0.583807 0.064394 0.028409 0.050505
23 0.897727 0.214646 0.036932 0.065657