26 0.662642 0.539773 0.068182 0.082071
20 0.073864 0.917929 0.032670 0.058081
15 0.261719 0.328283 0.068892 0.085859
11 0.210227 0.211490 0.032670 0.059343
5 0.731889 0.331439 0.033381 0.061869
6 0.573864 0.933081 0.049716 0.085859
17 0.837358 0.336490 0.035511 0.061869
9 0.313565 0.518308 0.031960 0.061869
19 0.872514 0.744949 0.034801 0.068182
24 0.329545 0.601641 0.035511 0.061869
14 0.096591 0.361111 0.032670 0.058081
10 0.260298 0.642045 0.039062 0.079545
25 0.874645 0.606692 0.033381 0.059343
13 0.731534 0.584596 0.024148 0.047980
21 0.471946 0.375000 0.070312 0.085859
1 0.500355 0.836490 0.034801 0.061869