12 0.984020 0.922980 0.029119 0.047980
11 0.169034 0.523359 0.032670 0.059343
5 0.705611 0.366793 0.033381 0.061869
18 0.498224 0.201389 0.033381 0.059343
19 0.150923 0.657828 0.034801 0.068182
23 0.354403 0.340909 0.032670 0.058081
17 0.669744 0.740530 0.035511 0.061869
2 0.866477 0.804293 0.062500 0.085859
0 0.436790 0.967172 0.032670 0.055556
7 0.486151 0.038510 0.031960 0.061869
6 0.561790 0.537879 0.049716 0.085859
22 0.899148 0.143939 0.034091 0.058081
9 0.213423 0.499369 0.031960 0.061869
21 0.682173 0.065657 0.070312 0.085859
20 0.243608 0.588384 0.032670 0.058081
3 0.298651 0.823864 0.066051 0.087121
16 0.525568 0.703283 0.038352 0.058081
13 0.256392 0.356061 0.024148 0.047980
27 0.132812 0.335859 0.068182 0.080808
10 0.962003 0.158460 0.039062 0.079545
26 0.820312 0.291035 0.068182 0.082071
14 0.598011 0.101010 0.032670 0.058081
24 0.022727 0.065025 0.035511 0.061869
25 0.362571 0.966540 0.033381 0.059343
4 0.708807 0.168561 0.035511 0.056818
15 0.643821 0.304293 0.068892 0.085859
1 0.457741 0.591540 0.034801 0.061869