18 0.375710 0.484217 0.031250 0.054293
8 0.603693 0.236111 0.034091 0.065657
6 0.382812 0.595960 0.326705 0.126263
11 0.884233 0.883838 0.038352 0.078283
17 0.503906 0.151515 0.031960 0.047980
22 0.710582 0.511995 0.081676 0.099747
13 0.203125 0.817551 0.028409 0.046717
17 0.764560 0.311869 0.040483 0.060606
16 0.963068 0.436869 0.066761 0.083333
16 0.623935 0.824495 0.074574 0.093434
20 0.058949 0.401515 0.039773 0.078283
9 0.115412 0.800505 0.036222 0.073232
14 0.131037 0.498106 0.023438 0.046717
11 0.196023 0.534722 0.041193 0.084596
14 0.803977 0.912879 0.021307 0.042929
21 0.263139 0.962753 0.036222 0.064394
28 0.842685 0.375631 0.075994 0.089646
8 0.510653 0.361742 0.036932 0.071970
11 0.939986 0.849116 0.040483 0.082071
17 0.770597 0.696970 0.041193 0.063131
12 0.169744 0.295455 0.038352 0.070707
15 0.835582 0.123106 0.033381 0.059343
27 0.389205 0.184975 0.075284 0.089646
25 0.447088 0.823232 0.030540 0.053030
2 0.280540 0.715278 0.065341 0.089646
27 0.872159 0.049242 0.062500 0.075758
22 0.623935 0.925505 0.078835 0.095960