28 0.544034 0.818182 0.066761 0.078283
26 0.555753 0.279672 0.036222 0.064394
16 0.589134 0.675505 0.067472 0.083333
21 0.198864 0.366162 0.032670 0.058081
0 0.351207 0.431818 0.037642 0.063131
4 0.958097 0.837753 0.039773 0.064394
8 0.710227 0.090909 0.029830 0.058081
24 0.430043 0.174874 0.030540 0.054293
12 0.415128 0.628788 0.030540 0.055556
9 0.840199 0.404040 0.031250 0.063131
24 0.969105 0.475379 0.029119 0.051768
5 0.120384 0.092803 0.027699 0.051768
24 0.699219 0.803662 0.027699 0.049242
28 0.041548 0.079545 0.078835 0.093434
25 0.773793 0.744949 0.039062 0.068182