8 0.169744 0.845960 0.032670 0.065657
7 0.705611 0.903409 0.031960 0.061869
9 0.529474 0.903409 0.031960 0.061869
2 0.057528 0.301768 0.062500 0.085859
4 0.134943 0.760732 0.035511 0.056818
13 0.251420 0.558081 0.024148 0.047980
5 0.451349 0.044823 0.033381 0.061869
10 0.268111 0.125631 0.039062 0.079545
3 0.052202 0.886995 0.066051 0.087121
12 0.101207 0.097222 0.029119 0.047980
22 0.860085 0.068182 0.034091 0.058081
27 0.159801 0.329545 0.068182 0.080808
0 0.389205 0.823232 0.032670 0.055556
15 0.924361 0.837121 0.068892 0.085859
23 0.445312 0.164141 0.032670 0.058081
24 0.168324 0.254419 0.035511 0.061869
11 0.599432 0.139520 0.032670 0.059343
1 0.778764 0.265783 0.034801 0.061869
19 0.704190 0.577020 0.034801 0.068182
17 0.483665 0.967803 0.035511 0.061869
16 0.205256 0.703283 0.038352 0.058081
6 0.587358 0.814394 0.049716 0.085859
26 0.262784 0.808712 0.068182 0.082071
14 0.267045 0.231061 0.032670 0.058081
21 0.358310 0.289141 0.070312 0.085859
18 0.113281 0.475379 0.033381 0.059343