0 0.655540 0.165404 0.032670 0.055556
12 0.686435 0.551768 0.029119 0.047980
9 0.542259 0.379419 0.031960 0.061869
1 0.488281 0.173611 0.034801 0.061869
2 0.860085 0.381313 0.062500 0.085859
7 0.286577 0.076389 0.031960 0.061869
19 0.107599 0.118687 0.034801 0.068182
5 0.146662 0.342803 0.033381 0.061869
16 0.154830 0.212121 0.038352 0.058081
8 0.655540 0.829545 0.032670 0.065657
17 0.392045 0.590278 0.035511 0.061869
22 0.826705 0.207071 0.034091 0.058081
24 0.790483 0.551136 0.035511 0.061869
14 0.939631 0.424242 0.032670 0.058081
3 0.114702 0.833965 0.066051 0.087121
13 0.827415 0.885101 0.024148 0.047980
4 0.921165 0.716540 0.035511 0.056818
15 0.623224 0.367424 0.068892 0.085859
11 0.161222 0.724116 0.032670 0.059343