13 0.235085 0.642045 0.028409 0.046717
28 0.117898 0.526515 0.072443 0.085859
10 0.583452 0.283460 0.037642 0.071970
24 0.976207 0.100379 0.034801 0.061869
26 0.058949 0.777778 0.029830 0.053030
16 0.285156 0.460227 0.075994 0.094697
2 0.041903 0.228535 0.069602 0.095960
18 0.611506 0.660985 0.031250 0.054293
11 0.313920 0.165404 0.039773 0.080808
23 0.124290 0.732323 0.026989 0.045455
27 0.322088 0.847222 0.073153 0.088384
7 0.851918 0.183712 0.043324 0.074495
26 0.145952 0.794823 0.027699 0.049242
21 0.233310 0.066288 0.034801 0.061869
27 0.951705 0.664773 0.059659 0.071970
6 0.643466 0.144571 0.316761 0.122475
17 0.560369 0.765783 0.042614 0.064394
11 0.841264 0.580808 0.041903 0.085859
21 0.707741 0.042298 0.031960 0.056818
6 0.675781 0.912879 0.378551 0.146465
8 0.204545 0.421717 0.032670 0.063131
11 0.483665 0.479167 0.034091 0.069444
19 0.509588 0.687500 0.029119 0.051768
14 0.329901 0.687500 0.022017 0.044192
2 0.140270 0.138258 0.067472 0.092172
18 0.198509 0.956439 0.030540 0.054293
17 0.758523 0.773359 0.045455 0.069444