3 0.484020 0.754419 0.066051 0.087121
20 0.949219 0.077652 0.033381 0.059343
23 0.569247 0.835859 0.070312 0.085859
22 0.075284 0.070707 0.032670 0.058081
9 0.020952 0.499369 0.031960 0.061869
14 0.833452 0.281566 0.029119 0.047980
7 0.672940 0.203914 0.033381 0.061869
11 0.471946 0.455177 0.031960 0.061869
29 0.924716 0.320707 0.068182 0.080808
28 0.657670 0.437500 0.068182 0.082071
10 0.127841 0.304293 0.032670 0.065657
25 0.617898 0.058081 0.032670 0.058081
16 0.143466 0.852273 0.032670 0.058081
26 0.117898 0.416035 0.035511 0.061869
8 0.192472 0.398990 0.049716 0.085859
18 0.909801 0.507576 0.038352 0.058081