7 0.838423 0.417298 0.044744 0.077020
16 0.460938 0.070707 0.056818 0.070707
14 0.244318 0.625631 0.026989 0.054293
8 0.974432 0.945707 0.028409 0.055556
10 0.556818 0.059975 0.036932 0.071970
8 0.704190 0.751263 0.026278 0.050505
25 0.160156 0.102904 0.037642 0.064394
24 0.062855 0.673611 0.030540 0.054293
12 0.971236 0.123737 0.037642 0.068182
24 0.133523 0.463384 0.034091 0.060606
15 0.462003 0.457702 0.029119 0.051768
5 0.553267 0.719697 0.029830 0.055556
28 0.490767 0.356692 0.073864 0.087121
25 0.401634 0.680556 0.033381 0.058081
12 0.837713 0.252525 0.036222 0.065657
2 0.628196 0.962753 0.051847 0.071970
2 0.522017 0.265783 0.058239 0.079545
7 0.901278 0.556818 0.056818 0.098485
28 0.785511 0.436237 0.056818 0.066919
0 0.077770 0.488636 0.037642 0.063131
8 0.247514 0.563131 0.026278 0.050505