15 0.621449 0.236111 0.024148 0.047980
25 0.933949 0.410354 0.032670 0.058081
9 0.880327 0.263258 0.031960 0.061869
5 0.969815 0.222222 0.026278 0.050505
14 0.371804 0.448232 0.029119 0.047980
1 0.165838 0.506944 0.034801 0.061869
24 0.481534 0.347222 0.034091 0.058081
16 0.455966 0.430556 0.032670 0.058081
13 0.962358 0.860480 0.032670 0.059343
26 0.916193 0.792298 0.035511 0.061869
17 0.505327 0.808081 0.068892 0.085859
3 0.719815 0.912247 0.066051 0.087121
22 0.940341 0.934343 0.032670 0.058081
12 0.839844 0.808712 0.039062 0.079545
10 0.869318 0.329545 0.032670 0.065657
20 0.684304 0.238005 0.033381 0.059343
0 0.414062 0.613636 0.032670 0.055556
27 0.486151 0.509470 0.033381 0.059343