2 0.716619 0.738636 0.062500 0.085859
26 0.726562 0.942551 0.068182 0.082071
0 0.385653 0.493687 0.032670 0.055556
19 0.979759 0.940657 0.034801 0.068182
8 0.577415 0.433081 0.032670 0.065657
5 0.293679 0.596591 0.033381 0.061869
14 0.656960 0.382576 0.032670 0.058081
4 0.325284 0.053662 0.035511 0.056818
18 0.839134 0.354167 0.033381 0.059343
27 0.355114 0.790404 0.068182 0.080808
6 0.053267 0.502525 0.049716 0.085859
13 0.973722 0.705808 0.024148 0.047980
3 0.658026 0.139520 0.066051 0.087121
9 0.122514 0.596591 0.031960 0.061869
24 0.591619 0.908460 0.035511 0.061869