11 0.020597 0.248106 0.032670 0.059343
8 0.960938 0.734848 0.032670 0.065657
0 0.495028 0.598485 0.032670 0.055556
27 0.354403 0.433081 0.068182 0.080808
12 0.565696 0.891414 0.029119 0.047980
10 0.282315 0.884470 0.039062 0.079545
26 0.276278 0.480429 0.068182 0.082071
19 0.364702 0.251263 0.034801 0.068182
9 0.168679 0.285985 0.031960 0.061869
15 0.039418 0.844697 0.068892 0.085859
18 0.384588 0.346591 0.033381 0.059343
24 0.284091 0.106692 0.035511 0.061869
6 0.416193 0.806818 0.049716 0.085859
22 0.080966 0.630051 0.034091 0.058081
13 0.482955 0.147727 0.024148 0.047980
20 0.476562 0.534091 0.032670 0.058081
17 0.223011 0.323864 0.035511 0.061869
4 0.437500 0.721591 0.035511 0.056818
1 0.795810 0.090278 0.034801 0.061869
5 0.020952 0.760732 0.033381 0.061869
2 0.838068 0.239899 0.062500 0.085859
25 0.281605 0.662247 0.033381 0.059343
14 0.049716 0.439394 0.032670 0.058081
3 0.911577 0.166035 0.066051 0.087121
7 0.586293 0.648359 0.031960 0.061869
23 0.747869 0.243687 0.032670 0.058081
16 0.421165 0.114899 0.038352 0.058081