3 0.289773 0.808712 0.069602 0.092172
23 0.798651 0.058712 0.030540 0.051768
19 0.756392 0.876263 0.032670 0.058081
11 0.087713 0.256944 0.039062 0.079545
21 0.236151 0.953914 0.027699 0.049242
15 0.315696 0.256944 0.030540 0.054293
16 0.764560 0.246212 0.074574 0.093434
11 0.963068 0.382576 0.032670 0.065657
28 0.174361 0.662247 0.080256 0.094697
18 0.462003 0.162879 0.039062 0.068182
24 0.773438 0.491162 0.028409 0.050505
14 0.183949 0.892677 0.024148 0.047980
18 0.109730 0.338384 0.029119 0.050505
14 0.040838 0.455808 0.024858 0.050505
5 0.564631 0.161616 0.031250 0.058081
12 0.329901 0.686237 0.026278 0.046717
17 0.834872 0.946970 0.040483 0.060606
6 0.587713 0.629419 0.343040 0.132576
11 0.296165 0.336490 0.044034 0.089646
15 0.328835 0.518939 0.036932 0.065657
26 0.459872 0.058712 0.037642 0.066919