0 0.679688 0.348485 0.032670 0.055556
19 0.790128 0.282828 0.034801 0.068182
21 0.238281 0.308081 0.070312 0.085859
20 0.710938 0.200758 0.032670 0.058081
5 0.471236 0.464015 0.033381 0.061869
17 0.835938 0.750631 0.035511 0.061869
1 0.043679 0.056187 0.034801 0.061869
24 0.351562 0.212753 0.035511 0.061869
23 0.111506 0.968434 0.032670 0.058081
12 0.974077 0.761364 0.029119 0.047980
18 0.593395 0.107955 0.033381 0.059343
14 0.281960 0.857323 0.032670 0.058081
22 0.173295 0.888889 0.034091 0.058081
6 0.464489 0.920455 0.049716 0.085859
16 0.704545 0.943182 0.038352 0.058081
3 0.188565 0.480429 0.066051 0.087121
15 0.957031 0.141414 0.068892 0.085859
13 0.919034 0.277778 0.024148 0.047980
9 0.976207 0.596591 0.031960 0.061869
4 0.288352 0.188763 0.035511 0.056818
7 0.606889 0.413510 0.031960 0.061869