8 0.673295 0.912879 0.032670 0.065657
2 0.896307 0.662879 0.062500 0.085859
10 0.594815 0.881944 0.039062 0.079545
0 0.536222 0.318182 0.032670 0.055556
16 0.603693 0.582071 0.038352 0.058081
24 0.152699 0.793561 0.035511 0.061869
13 0.176847 0.530303 0.024148 0.047980
18 0.388849 0.173611 0.033381 0.059343
3 0.649503 0.445076 0.066051 0.087121
9 0.741832 0.147096 0.031960 0.061869
22 0.791903 0.902778 0.034091 0.058081
17 0.220881 0.812500 0.035511 0.061869
15 0.655895 0.784091 0.068892 0.085859
11 0.035511 0.962753 0.032670 0.059343
14 0.854403 0.258838 0.032670 0.058081
23 0.521307 0.767677 0.032670 0.058081
4 0.308949 0.101641 0.035511 0.056818