12 0.820668 0.890783 0.039062 0.079545
7 0.445668 0.390783 0.033381 0.061869
20 0.743253 0.376894 0.033381 0.059343
28 0.232955 0.846591 0.068182 0.082071
13 0.299716 0.572601 0.032670 0.059343
16 0.183949 0.678030 0.032670 0.058081
6 0.559304 0.525884 0.081676 0.137626
27 0.114702 0.669823 0.033381 0.059343
2 0.497159 0.661616 0.062500 0.085859
22 0.776989 0.287879 0.032670 0.058081
25 0.184659 0.430556 0.032670 0.058081
3 0.939276 0.734217 0.066051 0.087121
19 0.735085 0.613005 0.035511 0.061869
29 0.811790 0.131313 0.068182 0.080808
8 0.659091 0.407828 0.049716 0.085859
26 0.422585 0.549874 0.035511 0.061869
9 0.945668 0.299874 0.031960 0.061869
23 0.108310 0.140152 0.070312 0.085859
15 0.795455 0.420455 0.024148 0.047980
1 0.900923 0.169823 0.034801 0.061869
5 0.111151 0.849747 0.026278 0.050505
0 0.080256 0.765152 0.032670 0.055556
4 0.610795 0.125631 0.035511 0.056818
14 0.576349 0.078283 0.029119 0.047980
11 0.658736 0.187500 0.031960 0.061869