5 0.664418 0.861111 0.026278 0.050505
8 0.809659 0.167929 0.049716 0.085859
3 0.679332 0.308712 0.066051 0.087121
26 0.634943 0.966540 0.035511 0.061869
2 0.950284 0.944444 0.062500 0.085859
29 0.739347 0.486111 0.068182 0.080808
10 0.571733 0.089646 0.032670 0.065657
20 0.956321 0.639520 0.033381 0.059343
13 0.600142 0.289773 0.032670 0.059343
14 0.364702 0.440657 0.029119 0.047980
7 0.791548 0.796086 0.033381 0.061869
17 0.064276 0.583333 0.068892 0.085859
25 0.710938 0.782828 0.032670 0.058081
27 0.145952 0.261995 0.033381 0.059343
15 0.632812 0.186869 0.024148 0.047980
11 0.229048 0.120581 0.031960 0.061869
9 0.018821 0.384470 0.031960 0.061869
16 0.354403 0.893939 0.032670 0.058081
19 0.117188 0.114268 0.035511 0.061869
0 0.360795 0.094697 0.032670 0.055556
6 0.878196 0.239268 0.081676 0.137626
4 0.354403 0.341540 0.035511 0.056818
12 0.466264 0.265783 0.039062 0.079545
1 0.898082 0.828914 0.034801 0.061869
24 0.416193 0.284091 0.034091 0.058081