5 0.472656 0.301136 0.030540 0.056818
24 0.219815 0.178662 0.031960 0.056818
12 0.789418 0.380051 0.027699 0.050505
22 0.619673 0.066919 0.078835 0.095960
18 0.391335 0.125631 0.039773 0.069444
26 0.157670 0.703283 0.034091 0.060606
26 0.715199 0.393939 0.034091 0.060606
23 0.881037 0.803662 0.033381 0.056818
11 0.082031 0.893939 0.044744 0.090909
8 0.184304 0.849116 0.033381 0.064394
23 0.380682 0.886364 0.036932 0.063131
8 0.865057 0.676768 0.032670 0.063131
14 0.425781 0.972854 0.024858 0.049242
6 0.561080 0.530303 0.298295 0.116162
3 0.766690 0.085227 0.066051 0.087121
25 0.978693 0.041667 0.028409 0.050505