4 0.509943 0.647727 0.041193 0.065657
6 0.246804 0.479798 0.350142 0.136364
8 0.799006 0.159722 0.026989 0.051768
9 0.665838 0.368687 0.031960 0.063131
11 0.392401 0.679924 0.041903 0.084596
14 0.269176 0.902778 0.024148 0.047980
20 0.467330 0.762626 0.032670 0.063131
2 0.839134 0.691919 0.053267 0.073232
3 0.847301 0.886995 0.073864 0.097222
9 0.665838 0.847854 0.029119 0.059343
19 0.676491 0.927399 0.029119 0.051768
19 0.587358 0.487374 0.038352 0.068182
13 0.827415 0.159722 0.024148 0.039141
23 0.248580 0.282828 0.039773 0.068182
9 0.859730 0.327652 0.036222 0.071970
23 0.257457 0.761995 0.036222 0.061869
1 0.938565 0.706439 0.033381 0.059343
13 0.209872 0.314394 0.023438 0.037879
3 0.089844 0.230429 0.058949 0.077020
6 0.529119 0.229798 0.376420 0.146465
10 0.042614 0.789141 0.034091 0.065657
14 0.559304 0.727904 0.024858 0.049242
20 0.267756 0.582702 0.034091 0.066919
8 0.551136 0.651515 0.031250 0.060606
19 0.041193 0.219697 0.026989 0.047980
21 0.915128 0.067551 0.033381 0.059343