23 0.544034 0.551768 0.032670 0.058081
9 0.158736 0.392045 0.031960 0.061869
18 0.104759 0.657197 0.033381 0.059343
13 0.124290 0.948232 0.024148 0.047980
12 0.985440 0.218434 0.029119 0.047980
20 0.312500 0.112374 0.032670 0.058081
1 0.174361 0.705177 0.034801 0.061869
8 0.243608 0.385101 0.032670 0.065657
2 0.073864 0.809343 0.062500 0.085859
26 0.928977 0.863005 0.068182 0.082071
6 0.708097 0.842172 0.049716 0.085859
14 0.159091 0.833333 0.032670 0.058081
21 0.841264 0.498737 0.070312 0.085859
7 0.858310 0.870581 0.031960 0.061869
5 0.193537 0.293561 0.033381 0.061869
27 0.733665 0.226010 0.068182 0.080808
15 0.959162 0.665404 0.068892 0.085859
19 0.236861 0.568182 0.034801 0.068182
4 0.064631 0.053662 0.035511 0.056818
10 0.709162 0.724116 0.039062 0.079545
25 0.505327 0.357955 0.033381 0.059343
3 0.925071 0.484217 0.066051 0.087121
11 0.248580 0.471591 0.032670 0.059343
22 0.875710 0.059343 0.034091 0.058081
17 0.323864 0.042298 0.035511 0.061869
24 0.287642 0.691288 0.035511 0.061869
16 0.409801 0.690657 0.038352 0.058081