22 0.681108 0.185606 0.034091 0.058081
2 0.542614 0.351010 0.062500 0.085859
4 0.975142 0.539773 0.035511 0.056818
27 0.548295 0.868687 0.068182 0.080808
5 0.207741 0.594066 0.033381 0.061869
9 0.840554 0.854167 0.031960 0.061869
21 0.153764 0.640152 0.070312 0.085859
6 0.522017 0.734848 0.049716 0.085859
8 0.300426 0.599747 0.032670 0.065657
11 0.884233 0.769571 0.032670 0.059343
18 0.776634 0.525884 0.033381 0.059343
14 0.117188 0.744949 0.032670 0.058081
15 0.390980 0.814394 0.068892 0.085859
10 0.029474 0.855429 0.039062 0.079545
19 0.898793 0.068182 0.034801 0.068182
12 0.406605 0.084596 0.029119 0.047980
17 0.181108 0.048611 0.035511 0.061869
7 0.207741 0.865530 0.031960 0.061869
24 0.662642 0.839015 0.035511 0.061869
25 0.265980 0.116793 0.033381 0.059343
20 0.524148 0.652778 0.032670 0.058081
16 0.369318 0.462121 0.038352 0.058081
23 0.717330 0.931818 0.032670 0.058081
13 0.414062 0.232323 0.024148 0.047980
1 0.305043 0.485480 0.034801 0.061869
26 0.825994 0.243056 0.068182 0.082071
0 0.070312 0.945707 0.032670 0.055556
3 0.885298 0.548611 0.066051 0.087121