25 0.942827 0.205177 0.033381 0.059343
14 0.071733 0.261364 0.032670 0.058081
10 0.200639 0.836490 0.039062 0.079545
13 0.953125 0.892677 0.024148 0.047980
5 0.090554 0.523359 0.033381 0.061869
1 0.192827 0.514520 0.034801 0.061869
22 0.190341 0.145202 0.034091 0.058081
17 0.129972 0.157197 0.035511 0.061869
21 0.351207 0.506313 0.070312 0.085859
19 0.180043 0.066919 0.034801 0.068182
20 0.284091 0.416667 0.032670 0.058081
6 0.589489 0.392677 0.049716 0.085859
23 0.600142 0.936869 0.032670 0.058081
8 0.423295 0.635101 0.032670 0.065657
18 0.829190 0.720328 0.033381 0.059343
2 0.775568 0.925505 0.062500 0.085859
9 0.712713 0.226641 0.031960 0.061869
4 0.436790 0.572601 0.035511 0.056818
26 0.958807 0.581439 0.068182 0.082071
7 0.333452 0.322601 0.031960 0.061869
16 0.280540 0.075758 0.038352 0.058081
3 0.412287 0.082702 0.066051 0.087121
12 0.032315 0.848485 0.029119 0.047980
15 0.207031 0.640152 0.068892 0.085859
27 0.372869 0.417929 0.068182 0.080808
0 0.264915 0.967172 0.032670 0.055556