3 0.249290 0.265783 0.073864 0.097222
26 0.782315 0.835227 0.039062 0.069444
18 0.911932 0.195076 0.029830 0.051768
23 0.815696 0.767045 0.030540 0.051768
21 0.133878 0.528409 0.029119 0.051768
24 0.182528 0.636364 0.038352 0.068182
17 0.424361 0.299242 0.043324 0.065657
26 0.496094 0.852904 0.029119 0.051768
3 0.577415 0.214646 0.078125 0.103535
20 0.490412 0.617424 0.036222 0.070707
7 0.660866 0.433712 0.046165 0.079545
20 0.547230 0.340909 0.033381 0.065657
16 0.610795 0.796717 0.065341 0.080808
22 0.735440 0.707071 0.068892 0.083333
12 0.683594 0.789141 0.029119 0.053030
4 0.952415 0.542929 0.028409 0.045455
8 0.933239 0.898990 0.034091 0.065657
25 0.023082 0.386364 0.033381 0.058081
19 0.241122 0.490530 0.033381 0.059343