1 0.611861 0.144571 0.033381 0.059343
7 0.860795 0.250000 0.049716 0.085859
20 0.154830 0.277778 0.028409 0.055556
4 0.731179 0.813763 0.039062 0.061869
1 0.446733 0.200758 0.038352 0.068182
28 0.601918 0.494949 0.066051 0.078283
24 0.082741 0.499369 0.036222 0.064394
4 0.283381 0.922980 0.041193 0.065657
6 0.612571 0.383207 0.328835 0.127525
13 0.834162 0.746843 0.031960 0.051768
22 0.079545 0.619318 0.062500 0.077020
8 0.395952 0.417298 0.037642 0.071970
17 0.944602 0.369318 0.042614 0.064394
15 0.625355 0.028409 0.029119 0.051768
23 0.216264 0.638258 0.039062 0.066919