13 0.878551 0.758838 0.024148 0.047980
27 0.074574 0.377525 0.068182 0.080808
9 0.470526 0.552399 0.031960 0.061869
26 0.279830 0.589015 0.068182 0.082071
22 0.225852 0.803030 0.034091 0.058081
3 0.756747 0.280934 0.066051 0.087121
25 0.803622 0.418561 0.033381 0.059343
4 0.914062 0.460227 0.035511 0.056818
23 0.109375 0.287879 0.032670 0.058081
7 0.658736 0.528409 0.031960 0.061869
20 0.320312 0.256313 0.032670 0.058081
2 0.192472 0.400253 0.062500 0.085859
0 0.968040 0.690657 0.032670 0.055556
11 0.099432 0.524621 0.032670 0.059343
24 0.575284 0.032197 0.035511 0.061869
10 0.557173 0.582702 0.039062 0.079545
8 0.311790 0.357323 0.032670 0.065657
14 0.631392 0.364899 0.032670 0.058081
6 0.073153 0.950758 0.049716 0.085859
15 0.213423 0.700758 0.068892 0.085859
17 0.440341 0.484217 0.035511 0.061869
1 0.884588 0.078914 0.034801 0.061869
16 0.725142 0.655303 0.038352 0.058081
12 0.862571 0.933081 0.029119 0.047980
18 0.020952 0.833965 0.033381 0.059343
19 0.051491 0.037879 0.034801 0.068182
5 0.381037 0.263258 0.033381 0.061869
21 0.958452 0.383838 0.070312 0.085859