5 0.754972 0.340909 0.038352 0.070707
11 0.310724 0.095328 0.037642 0.077020
11 0.278054 0.493687 0.034801 0.070707
0 0.526278 0.825126 0.028409 0.049242
7 0.180398 0.285354 0.049716 0.085859
11 0.628196 0.731692 0.046165 0.094697
12 0.113636 0.208965 0.029830 0.054293
13 0.331676 0.736742 0.028409 0.046717
22 0.752486 0.255051 0.060369 0.073232
2 0.498935 0.904672 0.050426 0.069444
11 0.612926 0.917929 0.036932 0.075758
3 0.550426 0.580177 0.073864 0.097222
13 0.202415 0.461490 0.034091 0.056818
4 0.237926 0.071970 0.039773 0.063131
7 0.146662 0.634470 0.047585 0.082071
10 0.408736 0.471591 0.030540 0.059343
15 0.075639 0.039773 0.033381 0.059343
2 0.895241 0.333965 0.050426 0.069444
8 0.438210 0.531566 0.025568 0.050505
25 0.607244 0.265152 0.041193 0.070707
4 0.359730 0.902778 0.033381 0.053030