14 0.473366 0.475379 0.024858 0.049242
0 0.449929 0.657197 0.027699 0.046717
24 0.650568 0.127525 0.035511 0.063131
16 0.065341 0.622475 0.065341 0.080808
17 0.588778 0.898990 0.038352 0.058081
6 0.724432 0.557449 0.303977 0.117424
16 0.064631 0.352904 0.078125 0.097222
0 0.213423 0.489268 0.037642 0.064394
22 0.067827 0.842172 0.068892 0.083333
23 0.341264 0.511995 0.030540 0.051768
4 0.659446 0.712753 0.029119 0.046717
9 0.116477 0.181187 0.036932 0.074495
7 0.297940 0.714015 0.049006 0.084596
4 0.775213 0.441288 0.040483 0.064394
21 0.490412 0.855429 0.030540 0.054293
7 0.520597 0.347222 0.042614 0.073232
28 0.537287 0.580177 0.067472 0.079545
16 0.854048 0.224747 0.070312 0.088384
13 0.936080 0.140783 0.028409 0.046717
13 0.810369 0.962753 0.031250 0.051768
26 0.870739 0.332071 0.029830 0.053030
19 0.268821 0.529672 0.030540 0.054293
27 0.698509 0.818813 0.078835 0.094697
15 0.570312 0.179293 0.036932 0.065657
11 0.700994 0.143308 0.035511 0.071970