20 0.415483 0.361111 0.032670 0.058081
0 0.483665 0.342172 0.032670 0.055556
6 0.468750 0.864899 0.049716 0.085859
7 0.837713 0.220328 0.031960 0.061869
18 0.687145 0.288510 0.033381 0.059343
19 0.396662 0.468434 0.034801 0.068182
16 0.320312 0.691919 0.038352 0.058081
10 0.910156 0.114268 0.039062 0.079545
14 0.784801 0.901515 0.032670 0.058081
8 0.529119 0.339646 0.032670 0.065657
1 0.525923 0.744318 0.034801 0.061869
21 0.948509 0.215909 0.070312 0.085859
2 0.078835 0.498737 0.062500 0.085859
17 0.361506 0.267045 0.035511 0.061869
25 0.437145 0.493056 0.033381 0.059343
12 0.464844 0.239899 0.029119 0.047980
23 0.051136 0.851010 0.032670 0.058081
4 0.396307 0.952652 0.035511 0.056818
22 0.588068 0.226010 0.034091 0.058081
27 0.674006 0.381313 0.068182 0.080808
5 0.411577 0.828914 0.033381 0.061869
26 0.634233 0.474116 0.068182 0.082071
13 0.805398 0.843434 0.024148 0.047980
24 0.282670 0.275884 0.035511 0.061869
9 0.272372 0.780934 0.031960 0.061869
11 0.781960 0.774621 0.032670 0.059343
15 0.607599 0.593434 0.068892 0.085859
3 0.683594 0.148359 0.066051 0.087121