6 0.656605 0.847222 0.389915 0.151515
9 0.886364 0.284722 0.035511 0.071970
9 0.969815 0.059343 0.034801 0.070707
18 0.307173 0.767045 0.040483 0.069444
9 0.470881 0.198864 0.026989 0.054293
28 0.622159 0.451389 0.078125 0.092172
17 0.213068 0.338384 0.045455 0.068182
8 0.948153 0.952652 0.026989 0.051768
15 0.404830 0.790404 0.036932 0.065657
19 0.439276 0.956439 0.027699 0.049242
5 0.584517 0.261995 0.026989 0.049242
4 0.082741 0.415404 0.036222 0.058081
10 0.370028 0.523990 0.031250 0.060606
12 0.592685 0.318182 0.029119 0.053030
28 0.523793 0.087121 0.064631 0.075758
13 0.906250 0.424242 0.034091 0.055556
12 0.838068 0.130682 0.036932 0.066919
28 0.207031 0.256944 0.075994 0.089646