7 0.125355 0.755682 0.031960 0.061869
24 0.930398 0.777146 0.035511 0.061869
10 0.976207 0.582702 0.039062 0.079545
17 0.129261 0.933712 0.035511 0.061869
15 0.043679 0.675505 0.068892 0.085859
14 0.132102 0.603535 0.032670 0.058081
13 0.196023 0.895202 0.024148 0.047980
25 0.074219 0.941288 0.033381 0.059343
3 0.837003 0.128157 0.066051 0.087121
22 0.786222 0.571970 0.034091 0.058081
26 0.644886 0.150884 0.068182 0.082071
6 0.801136 0.922980 0.049716 0.085859
11 0.740767 0.225379 0.032670 0.059343
12 0.623935 0.034091 0.029119 0.047980
18 0.763139 0.495581 0.033381 0.059343
19 0.180753 0.185606 0.034801 0.068182
0 0.529119 0.174242 0.032670 0.055556
9 0.329190 0.609217 0.031960 0.061869
5 0.854048 0.431187 0.033381 0.061869
21 0.369673 0.901515 0.070312 0.085859
2 0.193892 0.428030 0.062500 0.085859
20 0.465199 0.412879 0.032670 0.058081
1 0.721946 0.808712 0.034801 0.061869
23 0.913352 0.337121 0.032670 0.058081
8 0.296875 0.203283 0.032670 0.065657
16 0.221591 0.237374 0.038352 0.058081
4 0.288352 0.910985 0.035511 0.056818
27 0.550426 0.321970 0.068182 0.080808