13 0.581676 0.155934 0.034091 0.056818
24 0.687145 0.196338 0.027699 0.049242
1 0.442116 0.530934 0.040483 0.071970
28 0.744673 0.301136 0.075994 0.089646
9 0.940696 0.137626 0.026278 0.053030
1 0.460227 0.046717 0.039773 0.070707
16 0.258168 0.053030 0.073153 0.090909
15 0.940341 0.689394 0.036932 0.065657
2 0.452415 0.220328 0.061080 0.084596
10 0.156605 0.098485 0.036222 0.070707
15 0.885653 0.852273 0.036932 0.065657
27 0.351207 0.626894 0.071733 0.087121
12 0.313565 0.746212 0.026278 0.047980
26 0.123935 0.164773 0.030540 0.054293
5 0.183594 0.365530 0.039062 0.071970
6 0.759233 0.618687 0.318182 0.123737
1 0.958807 0.573232 0.036932 0.065657
25 0.382102 0.163510 0.036932 0.064394
10 0.203125 0.901515 0.025568 0.050505
18 0.816406 0.778409 0.029119 0.051768
3 0.890270 0.722854 0.060369 0.079545
17 0.810724 0.496843 0.039062 0.059343
18 0.643111 0.289141 0.037642 0.065657
23 0.274503 0.378157 0.036222 0.061869
28 0.669034 0.412247 0.065341 0.077020
6 0.588778 0.815025 0.336648 0.130051
28 0.211648 0.549874 0.056818 0.066919
11 0.537287 0.616162 0.033381 0.068182
2 0.745028 0.201389 0.066761 0.092172
7 0.028054 0.245581 0.043324 0.074495