15 0.604403 0.959596 0.031250 0.055556
27 0.593395 0.702020 0.063210 0.075758
14 0.952415 0.458333 0.024148 0.047980
19 0.312855 0.368056 0.029119 0.051768
19 0.173295 0.279040 0.036932 0.065657
16 0.079190 0.630682 0.080256 0.099747
27 0.491832 0.464015 0.074574 0.089646
27 0.343040 0.827020 0.059659 0.070707
26 0.887784 0.712121 0.031250 0.055556
2 0.108665 0.904040 0.068182 0.093434
5 0.034091 0.077020 0.039773 0.073232
23 0.040483 0.381313 0.035511 0.060606
14 0.740412 0.614268 0.020597 0.041667
9 0.265980 0.523359 0.026278 0.051768
6 0.307173 0.632576 0.340199 0.131313
24 0.540483 0.761364 0.031250 0.055556
7 0.185014 0.853535 0.046165 0.080808