7 0.264560 0.130682 0.031960 0.061869
24 0.665483 0.471591 0.035511 0.061869
25 0.202770 0.839015 0.033381 0.059343
17 0.069602 0.764520 0.035511 0.061869
2 0.497159 0.713384 0.062500 0.085859
26 0.578835 0.381944 0.068182 0.082071
16 0.580256 0.064394 0.038352 0.058081
8 0.462358 0.603535 0.032670 0.065657
0 0.084517 0.208333 0.032670 0.055556
23 0.543324 0.478535 0.032670 0.058081
5 0.645241 0.119318 0.033381 0.061869
4 0.232244 0.488005 0.035511 0.056818
12 0.864702 0.348485 0.029119 0.047980
6 0.429688 0.275253 0.049716 0.085859
1 0.907315 0.822601 0.034801 0.061869
10 0.712713 0.950126 0.039062 0.079545
27 0.355824 0.123737 0.068182 0.080808