0 0.465554 0.787247 0.034801 0.059343
8 0.169389 0.494949 0.037642 0.073232
15 0.100142 0.494949 0.029830 0.053030
11 0.363991 0.145833 0.037642 0.077020
6 0.340554 0.434343 0.273438 0.106061
12 0.609375 0.775884 0.029830 0.054293
1 0.483665 0.301768 0.039773 0.070707
5 0.804688 0.212121 0.031250 0.058081
15 0.767401 0.778409 0.027699 0.049242
13 0.566051 0.511995 0.026989 0.044192
28 0.221591 0.076389 0.073864 0.087121
3 0.623935 0.471591 0.070312 0.092172
0 0.706676 0.542929 0.038352 0.065657
1 0.056463 0.594066 0.037642 0.066919
0 0.292969 0.344066 0.027699 0.046717
24 0.096236 0.422348 0.033381 0.059343
5 0.640980 0.802399 0.030540 0.056818
8 0.584517 0.156566 0.031250 0.060606
26 0.526278 0.646465 0.028409 0.050505
18 0.044744 0.886995 0.038352 0.066919
22 0.077770 0.082071 0.064631 0.078283
9 0.791903 0.330177 0.036932 0.074495
28 0.151989 0.678662 0.069602 0.082071
0 0.628906 0.556818 0.029119 0.050505
27 0.330256 0.261995 0.075284 0.089646
10 0.053267 0.515152 0.029830 0.058081
21 0.833452 0.368056 0.029119 0.051768
14 0.011364 0.655934 0.022727 0.044192
15 0.778054 0.570076 0.036222 0.064394