2 0.078835 0.815657 0.062500 0.085859
16 0.105114 0.532828 0.038352 0.058081
13 0.571733 0.857323 0.024148 0.047980
8 0.155540 0.726010 0.032670 0.065657
1 0.164418 0.400884 0.034801 0.061869
11 0.266335 0.265783 0.032670 0.059343
19 0.116122 0.390152 0.034801 0.068182
17 0.066051 0.937500 0.035511 0.061869
20 0.881392 0.878788 0.032670 0.058081
0 0.122159 0.286616 0.032670 0.055556
9 0.572798 0.316288 0.031960 0.061869
15 0.261009 0.589646 0.068892 0.085859
12 0.337003 0.580808 0.029119 0.047980
4 0.598011 0.128157 0.035511 0.056818
10 0.511719 0.498106 0.039062 0.079545
25 0.244673 0.341540 0.033381 0.059343
5 0.980469 0.514520 0.033381 0.061869
7 0.040838 0.114268 0.031960 0.061869
24 0.720170 0.628157 0.035511 0.061869