26 0.351562 0.477273 0.035511 0.063131
3 0.623580 0.342803 0.052557 0.069444
2 0.074219 0.520202 0.064631 0.088384
16 0.840909 0.883838 0.072443 0.090909
26 0.340909 0.751263 0.028409 0.050505
15 0.975497 0.969066 0.026278 0.046717
17 0.374645 0.182449 0.037642 0.056818
1 0.723366 0.943813 0.039062 0.069444
20 0.560369 0.947601 0.039773 0.077020
7 0.103693 0.169192 0.042614 0.073232
0 0.144176 0.242424 0.031250 0.053030
5 0.562855 0.594066 0.033381 0.061869
21 0.985795 0.236111 0.028409 0.050505
22 0.290483 0.211490 0.065341 0.079545
17 0.457741 0.117424 0.033381 0.050505
13 0.563210 0.695076 0.024148 0.039141