10 0.077060 0.222854 0.027699 0.054293
21 0.859020 0.605429 0.037642 0.066919
20 0.969460 0.486111 0.031250 0.060606
7 0.722656 0.035985 0.040483 0.069444
12 0.155895 0.823232 0.027699 0.050505
23 0.094460 0.075126 0.026989 0.046717
16 0.801491 0.614899 0.067472 0.083333
9 0.280540 0.203914 0.029830 0.059343
13 0.038707 0.892677 0.031960 0.053030
16 0.362926 0.951389 0.069602 0.087121
4 0.788352 0.158460 0.035511 0.056818
22 0.647372 0.919823 0.063210 0.077020
3 0.554332 0.407197 0.070312 0.092172
5 0.311790 0.167929 0.028409 0.053030
13 0.481534 0.692551 0.034091 0.056818
13 0.887784 0.375631 0.026989 0.044192
21 0.398438 0.618687 0.036932 0.065657
18 0.128196 0.546717 0.034801 0.060606
22 0.701349 0.373106 0.063210 0.077020
1 0.429688 0.243687 0.038352 0.068182
26 0.707031 0.923611 0.034801 0.061869
19 0.621094 0.533460 0.030540 0.054293
20 0.443537 0.561869 0.036222 0.070707
11 0.407315 0.804293 0.033381 0.068182
16 0.849432 0.187500 0.059659 0.074495
6 0.169389 0.328283 0.287642 0.111111