0 0.661932 0.251263 0.032670 0.055556
23 0.585582 0.337121 0.070312 0.085859
15 0.436080 0.488636 0.024148 0.047980
4 0.379261 0.708965 0.035511 0.056818
2 0.682528 0.055556 0.062500 0.085859
1 0.972656 0.043561 0.034801 0.061869
6 0.155895 0.405934 0.081676 0.137626
29 0.277699 0.689394 0.068182 0.080808
28 0.675426 0.918561 0.068182 0.082071
24 0.073864 0.717172 0.034091 0.058081
12 0.398793 0.270833 0.039062 0.079545
26 0.446023 0.794823 0.035511 0.061869
7 0.683594 0.326389 0.033381 0.061869
9 0.741122 0.934975 0.031960 0.061869
19 0.774148 0.311237 0.035511 0.061869
22 0.970170 0.585859 0.032670 0.058081
11 0.194247 0.804924 0.031960 0.061869
14 0.871094 0.887626 0.029119 0.047980
17 0.808594 0.184343 0.068892 0.085859
27 0.512429 0.432449 0.033381 0.059343
25 0.918324 0.690657 0.032670 0.058081
18 0.490767 0.510101 0.038352 0.058081
13 0.732955 0.610480 0.032670 0.059343
20 0.547230 0.553662 0.033381 0.059343
21 0.169389 0.106061 0.034801 0.068182
8 0.427557 0.928030 0.049716 0.085859
5 0.269531 0.327020 0.026278 0.050505
10 0.595881 0.770202 0.032670 0.065657
3 0.448509 0.082702 0.066051 0.087121
16 0.436080 0.594697 0.032670 0.058081