9 0.176136 0.258838 0.036932 0.073232
6 0.398438 0.119318 0.291193 0.112374
7 0.881747 0.850379 0.054688 0.094697
24 0.475852 0.406566 0.028409 0.050505
3 0.869673 0.326389 0.054688 0.071970
16 0.099787 0.150253 0.077415 0.095960
0 0.075994 0.598485 0.036932 0.063131
23 0.656250 0.762626 0.036932 0.063131
10 0.420810 0.559975 0.031960 0.061869
19 0.080966 0.775253 0.032670 0.058081
7 0.752841 0.561869 0.046875 0.080808
6 0.780185 0.128788 0.398438 0.154040
14 0.123935 0.422348 0.022017 0.044192
21 0.275568 0.535354 0.026989 0.047980
23 0.441406 0.244318 0.039062 0.066919
15 0.871094 0.658460 0.030540 0.054293
28 0.630682 0.441288 0.061080 0.071970
0 0.521662 0.964015 0.030540 0.051768
4 0.207741 0.734848 0.031960 0.050505
12 0.389205 0.789773 0.038352 0.069444
8 0.943537 0.564394 0.026278 0.050505