27 0.072088 0.626894 0.033381 0.059343
14 0.684304 0.896465 0.029119 0.047980
13 0.863636 0.966540 0.032670 0.059343
20 0.636009 0.355429 0.033381 0.059343
19 0.230114 0.126894 0.035511 0.061869
2 0.758523 0.294192 0.062500 0.085859
1 0.291548 0.643308 0.034801 0.061869
5 0.522372 0.777778 0.026278 0.050505
12 0.670099 0.769571 0.039062 0.079545
7 0.337713 0.541035 0.033381 0.061869
9 0.696378 0.663510 0.031960 0.061869
11 0.195668 0.464015 0.031960 0.061869
23 0.680753 0.516414 0.070312 0.085859
8 0.928977 0.601010 0.049716 0.085859
3 0.354048 0.264520 0.066051 0.087121
6 0.458452 0.434975 0.081676 0.137626
4 0.777699 0.481692 0.035511 0.056818
16 0.500000 0.656566 0.032670 0.058081