24 0.969460 0.352904 0.035511 0.061869
6 0.319602 0.142677 0.049716 0.085859
12 0.962713 0.507576 0.029119 0.047980
7 0.910866 0.414773 0.031960 0.061869
26 0.495028 0.957702 0.068182 0.082071
11 0.433239 0.743056 0.032670 0.059343
13 0.365767 0.680556 0.024148 0.047980
23 0.534091 0.866162 0.032670 0.058081
21 0.256037 0.393939 0.070312 0.085859
18 0.051491 0.547348 0.033381 0.059343
15 0.726918 0.637626 0.068892 0.085859
9 0.069247 0.283460 0.031960 0.061869
20 0.042614 0.344697 0.032670 0.058081
5 0.131037 0.630682 0.033381 0.061869
3 0.671520 0.188763 0.066051 0.087121
1 0.407315 0.104167 0.034801 0.061869
22 0.880682 0.648990 0.034091 0.058081
19 0.094105 0.521465 0.034801 0.068182