21 0.813565 0.559343 0.070312 0.085859
23 0.825994 0.405303 0.032670 0.058081
13 0.571023 0.670455 0.024148 0.047980
26 0.053977 0.065025 0.068182 0.082071
15 0.115412 0.575758 0.068892 0.085859
9 0.950639 0.298611 0.031960 0.061869
3 0.557884 0.322601 0.066051 0.087121
16 0.083807 0.779040 0.038352 0.058081
1 0.959162 0.947601 0.034801 0.061869
19 0.392401 0.609848 0.034801 0.068182
2 0.720881 0.196970 0.062500 0.085859
4 0.904830 0.134470 0.035511 0.056818
11 0.505682 0.179924 0.032670 0.059343
12 0.880327 0.256313 0.029119 0.047980
6 0.080966 0.945707 0.049716 0.085859
27 0.144176 0.924242 0.068182 0.080808
22 0.346591 0.637626 0.034091 0.058081
17 0.424006 0.467803 0.035511 0.061869
8 0.737926 0.816919 0.032670 0.065657
10 0.187855 0.620581 0.039062 0.079545
7 0.626776 0.529672 0.031960 0.061869
20 0.348722 0.375000 0.032670 0.058081
5 0.600497 0.736742 0.033381 0.061869
25 0.714844 0.587753 0.033381 0.059343
14 0.539773 0.819444 0.032670 0.058081