13 0.352273 0.688763 0.032670 0.059343
28 0.120739 0.097854 0.068182 0.082071
22 0.905540 0.569444 0.032670 0.058081
18 0.112216 0.839646 0.038352 0.058081
2 0.163352 0.382576 0.062500 0.085859
14 0.827770 0.047980 0.029119 0.047980
20 0.792969 0.524621 0.033381 0.059343
21 0.212003 0.106061 0.034801 0.068182
4 0.457386 0.628157 0.035511 0.056818
15 0.926847 0.945707 0.024148 0.047980
5 0.466974 0.522727 0.026278 0.050505
11 0.961293 0.190025 0.031960 0.061869
26 0.256392 0.269571 0.035511 0.061869
27 0.161577 0.528409 0.033381 0.059343
12 0.939986 0.493056 0.039062 0.079545
16 0.889915 0.825758 0.032670 0.058081
29 0.066051 0.193182 0.068182 0.080808