25 0.239702 0.124369 0.033381 0.059343
26 0.492188 0.769571 0.068182 0.082071
2 0.360085 0.955808 0.062500 0.085859
1 0.152344 0.941288 0.034801 0.061869
8 0.611506 0.768939 0.032670 0.065657
10 0.318537 0.845328 0.039062 0.079545
5 0.856179 0.811237 0.033381 0.061869
6 0.629972 0.669192 0.049716 0.085859
11 0.222301 0.442551 0.032670 0.059343
22 0.088778 0.919192 0.034091 0.058081
12 0.374645 0.376263 0.029119 0.047980
17 0.220881 0.186237 0.035511 0.061869
21 0.332741 0.092172 0.070312 0.085859
23 0.696023 0.599747 0.032670 0.058081
3 0.035866 0.427399 0.066051 0.087121
15 0.716264 0.111111 0.068892 0.085859
9 0.172230 0.124369 0.031960 0.061869
19 0.485440 0.536616 0.034801 0.068182
24 0.496449 0.030934 0.035511 0.061869
20 0.961648 0.156566 0.032670 0.058081
4 0.161932 0.457702 0.035511 0.056818
0 0.792614 0.948232 0.032670 0.055556
7 0.770241 0.866793 0.031960 0.061869
27 0.857244 0.681818 0.068182 0.080808
16 0.648438 0.382576 0.038352 0.058081
13 0.811080 0.845960 0.024148 0.047980
18 0.271662 0.421086 0.033381 0.059343
14 0.833097 0.133838 0.032670 0.058081