13 0.883523 0.406566 0.024148 0.047980
17 0.583097 0.551136 0.035511 0.061869
23 0.788352 0.202020 0.032670 0.058081
26 0.063210 0.880682 0.068182 0.082071
25 0.069247 0.581439 0.033381 0.059343
3 0.310724 0.883207 0.066051 0.087121
2 0.279830 0.733586 0.062500 0.085859
8 0.359375 0.550505 0.032670 0.065657
12 0.853338 0.160354 0.029119 0.047980
14 0.718750 0.792929 0.032670 0.058081
4 0.053977 0.956439 0.035511 0.056818
16 0.620028 0.193182 0.038352 0.058081
5 0.488991 0.154672 0.033381 0.061869
1 0.158736 0.741793 0.034801 0.061869
10 0.694957 0.523359 0.039062 0.079545
9 0.898793 0.501894 0.031960 0.061869
7 0.746094 0.051136 0.031960 0.061869
11 0.361506 0.754419 0.032670 0.059343
20 0.101562 0.164141 0.032670 0.058081
18 0.189276 0.044823 0.033381 0.059343
27 0.328125 0.630051 0.068182 0.080808
19 0.535156 0.878788 0.034801 0.068182
21 0.699219 0.169192 0.070312 0.085859
6 0.806108 0.102273 0.049716 0.085859
24 0.477983 0.287247 0.035511 0.061869
15 0.528764 0.750000 0.068892 0.085859
0 0.943182 0.823232 0.032670 0.055556
22 0.433949 0.645202 0.034091 0.058081