11 0.523438 0.073864 0.032670 0.059343
19 0.058594 0.789141 0.034801 0.068182
23 0.392045 0.527778 0.032670 0.058081
15 0.506747 0.425505 0.068892 0.085859
26 0.134233 0.720328 0.068182 0.082071
20 0.943892 0.824495 0.032670 0.058081
14 0.746449 0.595960 0.032670 0.058081
8 0.468040 0.925505 0.032670 0.065657
16 0.615767 0.039141 0.038352 0.058081
5 0.645952 0.518308 0.033381 0.061869
22 0.378551 0.420455 0.034091 0.058081
10 0.161577 0.086490 0.039062 0.079545
7 0.503906 0.570076 0.031960 0.061869
25 0.541548 0.648359 0.033381 0.059343
2 0.724432 0.382576 0.062500 0.085859
1 0.548651 0.864268 0.034801 0.061869
3 0.167969 0.364268 0.066051 0.087121
6 0.601562 0.914141 0.049716 0.085859
9 0.924361 0.177399 0.031960 0.061869
12 0.572798 0.167929 0.029119 0.047980