7 0.427912 0.559343 0.054688 0.093434
6 0.235085 0.879419 0.367898 0.142677
16 0.839489 0.944444 0.080966 0.101010
23 0.620739 0.891414 0.038352 0.065657
15 0.240767 0.164141 0.031250 0.055556
22 0.124290 0.294192 0.063920 0.078283
13 0.525568 0.166035 0.025568 0.041667
7 0.580256 0.655934 0.056818 0.097222
26 0.400213 0.068813 0.033381 0.059343
23 0.086648 0.186869 0.038352 0.065657
26 0.075994 0.510101 0.034091 0.060606
1 0.938920 0.726010 0.034091 0.060606
14 0.245739 0.527778 0.025568 0.050505
20 0.764560 0.524621 0.031960 0.061869
18 0.517756 0.366793 0.035511 0.061869
15 0.926847 0.305556 0.034091 0.060606
5 0.177912 0.333965 0.033381 0.061869
25 0.650568 0.410354 0.028409 0.050505
6 0.811435 0.186869 0.364347 0.141414
3 0.844105 0.486111 0.057528 0.075758
13 0.915483 0.474116 0.026989 0.044192
22 0.170455 0.054924 0.079545 0.097222
0 0.452060 0.136995 0.026278 0.044192
9 0.050071 0.648990 0.029119 0.058081
23 0.475852 0.630682 0.038352 0.064394