7 0.927912 0.894571 0.031960 0.061869
23 0.527699 0.613636 0.032670 0.058081
15 0.428622 0.433081 0.068892 0.085859
18 0.422940 0.191288 0.033381 0.059343
24 0.366477 0.349116 0.035511 0.061869
1 0.408026 0.755682 0.034801 0.061869
0 0.326705 0.827020 0.032670 0.055556
3 0.834872 0.434975 0.066051 0.087121
11 0.460227 0.539773 0.032670 0.059343
25 0.801491 0.344066 0.033381 0.059343
16 0.092330 0.053030 0.038352 0.058081
27 0.531960 0.724747 0.068182 0.080808
5 0.237571 0.172348 0.033381 0.061869
9 0.503196 0.043561 0.031960 0.061869
6 0.387074 0.856061 0.049716 0.085859
4 0.311080 0.167298 0.035511 0.056818
14 0.948864 0.287879 0.032670 0.058081
22 0.814631 0.681818 0.034091 0.058081
13 0.795455 0.279040 0.024148 0.047980
12 0.979759 0.739899 0.029119 0.047980
2 0.954545 0.097222 0.062500 0.085859
10 0.587713 0.774621 0.039062 0.079545
21 0.694247 0.128788 0.070312 0.085859
19 0.203480 0.818182 0.034801 0.068182
17 0.277699 0.081439 0.035511 0.061869
8 0.729403 0.707071 0.032670 0.065657
26 0.115057 0.720328 0.068182 0.082071
20 0.018466 0.705808 0.032670 0.058081