4 0.143821 0.525884 0.031960 0.051768
28 0.512784 0.592803 0.065341 0.077020
23 0.160866 0.136364 0.030540 0.053030
16 0.821378 0.945076 0.060369 0.074495
24 0.678977 0.603535 0.029830 0.053030
20 0.262784 0.312500 0.032670 0.064394
6 0.751776 0.757576 0.389915 0.151515
1 0.045810 0.642045 0.029119 0.051768
2 0.506037 0.824495 0.071733 0.098485
20 0.215199 0.276515 0.041193 0.080808
2 0.333097 0.191919 0.051136 0.070707
5 0.884943 0.329545 0.031250 0.058081
6 0.605824 0.207702 0.309659 0.119949
9 0.232244 0.691919 0.036932 0.073232
9 0.329901 0.465909 0.030540 0.060606
21 0.741477 0.965909 0.035511 0.063131
27 0.946023 0.150253 0.073864 0.088384
11 0.759943 0.404672 0.036932 0.074495
0 0.963068 0.483586 0.031250 0.053030
10 0.520597 0.429924 0.032670 0.064394
10 0.280895 0.479167 0.033381 0.064394
21 0.403409 0.556818 0.032670 0.058081
24 0.897727 0.393939 0.035511 0.063131
17 0.627486 0.107955 0.039062 0.059343
10 0.125355 0.607955 0.026278 0.051768
24 0.399148 0.036616 0.038352 0.068182