1 0.507102 0.858586 0.039773 0.070707
26 0.920455 0.594697 0.026989 0.047980
4 0.318537 0.770202 0.034801 0.055556
20 0.606889 0.517677 0.034801 0.068182
24 0.900568 0.910354 0.038352 0.068182
28 0.811435 0.494318 0.080256 0.094697
25 0.118608 0.732955 0.035511 0.061869
21 0.736151 0.187500 0.039062 0.069444
13 0.730469 0.895202 0.030540 0.050505
0 0.421875 0.511995 0.036932 0.061869
15 0.625355 0.869318 0.027699 0.049242
22 0.436435 0.882576 0.057528 0.070707
13 0.111506 0.880051 0.025568 0.042929
7 0.395241 0.250631 0.058949 0.102273
28 0.049361 0.404672 0.054688 0.064394
26 0.236506 0.234848 0.029830 0.053030
17 0.211293 0.867424 0.034801 0.053030
10 0.160156 0.895202 0.036222 0.070707
14 0.633523 0.800505 0.019886 0.040404
26 0.388849 0.629419 0.034801 0.061869