11 0.063920 0.821338 0.032670 0.059343
6 0.207386 0.242424 0.049716 0.085859
0 0.108665 0.300505 0.032670 0.055556
25 0.890270 0.248106 0.033381 0.059343
13 0.289773 0.340909 0.024148 0.047980
4 0.315341 0.693813 0.035511 0.056818
15 0.565696 0.492424 0.068892 0.085859
5 0.062145 0.663510 0.033381 0.061869
12 0.734730 0.503788 0.029119 0.047980
27 0.139915 0.919192 0.068182 0.080808
14 0.387074 0.823232 0.032670 0.058081
21 0.324929 0.232323 0.070312 0.085859
3 0.734020 0.730429 0.066051 0.087121
2 0.441761 0.287879 0.062500 0.085859
26 0.627131 0.934975 0.068182 0.082071
23 0.497159 0.434343 0.032670 0.058081
10 0.589134 0.145833 0.039062 0.079545
18 0.402344 0.451389 0.033381 0.059343
8 0.163352 0.039141 0.032670 0.065657
24 0.872159 0.080177 0.035511 0.061869
1 0.172940 0.325126 0.034801 0.061869
7 0.770952 0.576389 0.031960 0.061869
17 0.444602 0.034722 0.035511 0.061869