23 0.771662 0.582071 0.070312 0.085859
10 0.391335 0.772727 0.032670 0.065657
8 0.051847 0.652778 0.049716 0.085859
2 0.913352 0.803030 0.062500 0.085859
7 0.587003 0.568813 0.033381 0.061869
1 0.482599 0.660985 0.034801 0.061869
25 0.278409 0.931818 0.032670 0.058081
20 0.471236 0.505682 0.033381 0.059343
16 0.596591 0.776515 0.032670 0.058081
24 0.553267 0.883838 0.034091 0.058081
12 0.606179 0.892045 0.039062 0.079545
4 0.647017 0.481692 0.035511 0.056818
21 0.629616 0.165404 0.034801 0.068182
19 0.831676 0.337753 0.035511 0.061869
0 0.931108 0.277778 0.032670 0.055556
13 0.313920 0.908460 0.032670 0.059343
5 0.741122 0.839646 0.026278 0.050505
11 0.653054 0.289773 0.031960 0.061869
22 0.691051 0.545455 0.032670 0.058081
18 0.585227 0.275253 0.038352 0.058081
28 0.524148 0.779672 0.068182 0.082071
3 0.526634 0.568813 0.066051 0.087121