20 0.198153 0.554293 0.032670 0.058081
17 0.113636 0.561237 0.035511 0.061869
14 0.792614 0.655303 0.032670 0.058081
0 0.524148 0.680556 0.032670 0.055556
19 0.713423 0.768939 0.034801 0.068182
6 0.859375 0.608586 0.049716 0.085859
8 0.455256 0.595960 0.032670 0.065657
22 0.120739 0.273990 0.034091 0.058081
13 0.537642 0.046717 0.024148 0.047980
16 0.544744 0.176768 0.038352 0.058081
7 0.538707 0.361742 0.031960 0.061869
10 0.315696 0.392045 0.039062 0.079545
5 0.280185 0.207702 0.033381 0.061869
25 0.789418 0.169823 0.033381 0.059343
3 0.808594 0.860480 0.066051 0.087121
9 0.451349 0.145833 0.031960 0.061869
26 0.670455 0.640783 0.068182 0.082071
18 0.390270 0.153409 0.033381 0.059343
27 0.102983 0.050505 0.068182 0.080808
4 0.359375 0.538510 0.035511 0.056818
15 0.773793 0.429293 0.068892 0.085859
21 0.873224 0.363636 0.070312 0.085859
11 0.169744 0.350379 0.032670 0.059343
23 0.388494 0.619949 0.032670 0.058081
24 0.576705 0.328914 0.035511 0.061869