17 0.100497 0.346591 0.044744 0.066919
6 0.417614 0.593434 0.396307 0.154040
18 0.784446 0.089646 0.029119 0.050505
14 0.598366 0.287247 0.023438 0.046717
19 0.798295 0.902778 0.035511 0.063131
24 0.873935 0.323864 0.033381 0.059343
23 0.351918 0.184975 0.030540 0.051768
11 0.045455 0.648359 0.035511 0.071970
5 0.362216 0.858586 0.038352 0.070707
14 0.633168 0.946338 0.022017 0.044192
6 0.580966 0.396465 0.370739 0.143939
15 0.236151 0.748106 0.037642 0.066919
1 0.583097 0.198232 0.031250 0.055556
10 0.095170 0.227273 0.029830 0.058081
3 0.436435 0.922348 0.071733 0.094697
8 0.758878 0.583333 0.027699 0.053030
26 0.317472 0.843434 0.034091 0.060606
28 0.171520 0.466540 0.071733 0.084596
6 0.822443 0.212753 0.296875 0.114899
19 0.599787 0.110480 0.029119 0.051768
20 0.414418 0.276515 0.033381 0.065657
19 0.671875 0.617424 0.036932 0.065657
28 0.232599 0.116793 0.054688 0.064394
1 0.936435 0.597854 0.031960 0.056818
1 0.722656 0.070076 0.039062 0.069444
24 0.812145 0.402146 0.029119 0.051768
18 0.167614 0.654672 0.032670 0.056818
27 0.115412 0.096591 0.075994 0.092172