26 0.699574 0.683081 0.036932 0.065657
23 0.644176 0.652778 0.031250 0.053030
23 0.809304 0.916035 0.034801 0.059343
9 0.445312 0.361742 0.026989 0.054293
15 0.068892 0.641414 0.026989 0.047980
6 0.569602 0.155303 0.403409 0.156566
28 0.831321 0.780934 0.080256 0.094697
8 0.844105 0.911616 0.026278 0.050505
24 0.123935 0.576389 0.036222 0.064394
19 0.128906 0.072601 0.039062 0.069444
21 0.299361 0.302399 0.031960 0.056818
15 0.721591 0.450758 0.028409 0.050505
0 0.471236 0.480429 0.037642 0.064394
5 0.851562 0.383838 0.036932 0.068182
22 0.900568 0.229798 0.066761 0.080808
22 0.147372 0.179924 0.071733 0.087121
20 0.333807 0.448232 0.028409 0.055556
4 0.877486 0.703914 0.030540 0.049242
10 0.683949 0.400253 0.032670 0.063131
15 0.366832 0.302399 0.037642 0.066919
16 0.280185 0.069444 0.068892 0.085859
14 0.156605 0.462753 0.026278 0.051768
24 0.910156 0.452652 0.031960 0.056818
1 0.417259 0.669823 0.029119 0.051768