25 0.098366 0.301136 0.033381 0.059343
7 0.425071 0.553662 0.031960 0.061869
22 0.767045 0.136364 0.034091 0.058081
3 0.768111 0.659722 0.066051 0.087121
27 0.544744 0.417929 0.068182 0.080808
21 0.286577 0.679293 0.070312 0.085859
2 0.487216 0.271465 0.062500 0.085859
5 0.257457 0.941288 0.033381 0.061869
17 0.848011 0.600379 0.035511 0.061869
14 0.511364 0.667929 0.032670 0.058081
6 0.867188 0.112374 0.049716 0.085859
1 0.859730 0.318813 0.034801 0.061869
4 0.811080 0.333965 0.035511 0.056818
9 0.221236 0.422348 0.031960 0.061869
24 0.604403 0.561237 0.035511 0.061869
16 0.857244 0.808081 0.038352 0.058081
18 0.618253 0.399621 0.033381 0.059343
0 0.495028 0.140152 0.032670 0.055556
8 0.357244 0.602273 0.032670 0.065657
23 0.203125 0.496212 0.032670 0.058081
10 0.469105 0.450126 0.039062 0.079545
26 0.140625 0.075126 0.068182 0.082071
13 0.432528 0.652778 0.024148 0.047980
11 0.448864 0.916035 0.032670 0.059343
20 0.819602 0.191919 0.032670 0.058081
15 0.259588 0.797980 0.068892 0.085859
19 0.032315 0.893939 0.034801 0.068182
12 0.980469 0.296717 0.029119 0.047980