24 0.122159 0.720328 0.035511 0.061869
16 0.083807 0.320707 0.038352 0.058081
11 0.244318 0.952652 0.032670 0.059343
0 0.233665 0.685606 0.032670 0.055556
18 0.817116 0.110480 0.033381 0.059343
22 0.475142 0.462121 0.034091 0.058081
25 0.025923 0.255682 0.033381 0.059343
7 0.657315 0.389520 0.031960 0.061869
2 0.456676 0.077020 0.062500 0.085859
5 0.674361 0.756944 0.033381 0.061869
23 0.615767 0.064394 0.032670 0.058081
3 0.104759 0.201389 0.066051 0.087121
9 0.429332 0.698864 0.031960 0.061869
15 0.869673 0.405303 0.068892 0.085859
26 0.688210 0.518308 0.068182 0.082071
14 0.423295 0.203283 0.032670 0.058081
6 0.868608 0.090909 0.049716 0.085859
21 0.321378 0.914141 0.070312 0.085859
13 0.303267 0.146465 0.024148 0.047980
12 0.772372 0.905303 0.029119 0.047980
17 0.216619 0.840278 0.035511 0.061869
1 0.581321 0.104167 0.034801 0.061869
19 0.150923 0.563131 0.034801 0.068182
8 0.543324 0.727273 0.032670 0.065657
20 0.728693 0.959596 0.032670 0.058081
4 0.796875 0.614268 0.035511 0.056818
27 0.676847 0.915404 0.068182 0.080808
10 0.293679 0.812500 0.039062 0.079545