15 0.599787 0.926136 0.033381 0.059343
25 0.020597 0.900884 0.029830 0.051768
20 0.701705 0.566288 0.039773 0.077020
11 0.222301 0.109217 0.034091 0.069444
25 0.414773 0.517045 0.035511 0.061869
23 0.501420 0.098485 0.034091 0.058081
18 0.689631 0.876263 0.041193 0.070707
12 0.968395 0.262626 0.036222 0.065657
2 0.296520 0.628157 0.054688 0.074495
15 0.031605 0.677399 0.029119 0.051768
20 0.746804 0.116162 0.037642 0.073232
11 0.356889 0.795455 0.041903 0.085859
5 0.309659 0.387626 0.036932 0.068182
18 0.723011 0.952652 0.039773 0.069444
16 0.534446 0.943813 0.080256 0.099747
14 0.825639 0.820707 0.026278 0.053030
26 0.925426 0.729798 0.038352 0.068182
24 0.542614 0.401515 0.038352 0.068182