14 0.321378 0.745581 0.026278 0.051768
3 0.536577 0.085859 0.073153 0.095960
8 0.668679 0.179924 0.026278 0.051768
3 0.494318 0.877525 0.063920 0.083333
22 0.360085 0.186869 0.071023 0.085859
27 0.252131 0.152778 0.055398 0.065657
20 0.281960 0.938763 0.036932 0.071970
17 0.433239 0.943813 0.036932 0.056818
19 0.068537 0.701389 0.030540 0.054293
14 0.839489 0.136364 0.026989 0.053030
17 0.076349 0.612374 0.036222 0.055556
20 0.185014 0.732323 0.033381 0.065657
4 0.101207 0.453283 0.030540 0.047980
13 0.160156 0.140152 0.030540 0.050505
11 0.747159 0.820707 0.031250 0.063131
28 0.582031 0.927399 0.080256 0.094697
14 0.700994 0.530934 0.026989 0.054293
21 0.744673 0.448864 0.027699 0.049242
15 0.573509 0.296086 0.030540 0.054293
5 0.710227 0.464646 0.026989 0.050505
0 0.063210 0.196338 0.028409 0.049242
8 0.366477 0.680556 0.026989 0.053030
5 0.940341 0.422980 0.029830 0.055556
8 0.422230 0.772727 0.036222 0.070707
28 0.708452 0.755051 0.056108 0.065657
2 0.931818 0.128788 0.068182 0.093434
4 0.919034 0.656566 0.038352 0.060606
10 0.872159 0.203914 0.028409 0.054293
22 0.103693 0.069444 0.071023 0.085859