4 0.269886 0.164773 0.036932 0.059343
8 0.712713 0.823864 0.034801 0.066919
2 0.487571 0.386364 0.071733 0.098485
2 0.554332 0.159091 0.071733 0.098485
27 0.742898 0.530303 0.065341 0.078283
19 0.948153 0.250000 0.032670 0.058081
9 0.782670 0.041667 0.031250 0.063131
20 0.632102 0.126263 0.028409 0.055556
25 0.177557 0.042298 0.031250 0.054293
23 0.621449 0.464015 0.039773 0.066919
2 0.443537 0.799242 0.071733 0.098485
16 0.187855 0.920455 0.074574 0.093434
22 0.959162 0.734848 0.070312 0.085859
19 0.090199 0.354798 0.031250 0.055556
5 0.928622 0.429924 0.033381 0.061869
4 0.591619 0.290404 0.036932 0.058081
21 0.224432 0.717172 0.036932 0.065657
0 0.760653 0.446970 0.031250 0.053030
0 0.069247 0.567551 0.030540 0.051768
13 0.211293 0.449495 0.033381 0.055556
27 0.156250 0.808081 0.069602 0.083333
17 0.700284 0.740530 0.034091 0.051768
17 0.899503 0.929924 0.040483 0.061869
1 0.802202 0.366793 0.040483 0.071970