7 0.629616 0.534722 0.033381 0.061869
25 0.484375 0.527778 0.032670 0.058081
6 0.648082 0.133207 0.081676 0.137626
28 0.657670 0.273359 0.068182 0.082071
20 0.385298 0.037247 0.033381 0.059343
4 0.342330 0.072601 0.035511 0.056818
26 0.036222 0.837753 0.035511 0.061869
13 0.454545 0.796086 0.032670 0.059343
27 0.572088 0.109217 0.033381 0.059343
16 0.716619 0.453283 0.032670 0.058081
12 0.097656 0.604167 0.039062 0.079545
24 0.230114 0.470960 0.034091 0.058081
0 0.572443 0.554293 0.032670 0.055556
19 0.941761 0.556187 0.035511 0.061869
21 0.580611 0.814394 0.034801 0.068182
18 0.335938 0.219697 0.038352 0.058081
5 0.738281 0.929293 0.026278 0.050505
1 0.819957 0.250631 0.034801 0.061869
2 0.265625 0.253788 0.062500 0.085859
17 0.354048 0.505051 0.068892 0.085859
22 0.911932 0.373737 0.032670 0.058081
9 0.797230 0.802399 0.031960 0.061869
8 0.633523 0.786616 0.049716 0.085859
29 0.889205 0.155303 0.068182 0.080808
15 0.474432 0.968434 0.024148 0.047980