4 0.486506 0.495581 0.036932 0.059343
13 0.850142 0.091540 0.034091 0.056818
13 0.146307 0.476641 0.029830 0.049242
3 0.513494 0.791035 0.058239 0.077020
23 0.957741 0.670455 0.027699 0.047980
9 0.355824 0.393939 0.029830 0.060606
11 0.496094 0.061869 0.037642 0.075758
11 0.904830 0.559343 0.035511 0.073232
24 0.468750 0.708333 0.038352 0.068182
22 0.108310 0.070707 0.056108 0.068182
13 0.810014 0.291667 0.026278 0.042929
12 0.325284 0.836490 0.029830 0.054293
0 0.884943 0.325758 0.031250 0.053030
19 0.205256 0.244949 0.032670 0.058081
26 0.420810 0.282197 0.039062 0.069444
9 0.339134 0.225379 0.034801 0.069444
22 0.573153 0.648990 0.073864 0.090909
15 0.713068 0.829545 0.031250 0.055556
4 0.632812 0.289141 0.032670 0.053030
0 0.069957 0.333333 0.036222 0.060606
14 0.280185 0.335859 0.026278 0.053030
28 0.746804 0.197601 0.064631 0.077020