19 0.203480 0.683081 0.034801 0.068182
15 0.677202 0.258838 0.068892 0.085859
3 0.946378 0.892045 0.066051 0.087121
10 0.109730 0.845328 0.039062 0.079545
26 0.553977 0.384470 0.068182 0.082071
9 0.332031 0.071338 0.031960 0.061869
23 0.693892 0.179293 0.032670 0.058081
2 0.342330 0.592172 0.062500 0.085859
27 0.861506 0.547980 0.068182 0.080808
13 0.745739 0.828283 0.024148 0.047980
8 0.303977 0.898990 0.032670 0.065657
12 0.470526 0.926768 0.029119 0.047980
4 0.234375 0.842803 0.035511 0.056818
22 0.269176 0.641414 0.034091 0.058081
11 0.618608 0.748106 0.032670 0.059343
0 0.072443 0.804293 0.032670 0.055556
7 0.564986 0.600379 0.031960 0.061869
18 0.795099 0.770833 0.033381 0.059343
16 0.167614 0.220960 0.038352 0.058081
25 0.743963 0.374369 0.033381 0.059343