27 0.225852 0.058081 0.068182 0.080808
20 0.061790 0.906566 0.032670 0.058081
17 0.330966 0.897096 0.035511 0.061869
4 0.612216 0.940025 0.035511 0.056818
7 0.563565 0.440025 0.031960 0.061869
13 0.180398 0.761364 0.024148 0.047980
9 0.029474 0.116793 0.031960 0.061869
25 0.952060 0.870581 0.033381 0.059343
23 0.480114 0.425505 0.032670 0.058081
26 0.208807 0.408460 0.068182 0.082071
16 0.244318 0.669192 0.038352 0.058081
0 0.471591 0.531566 0.032670 0.055556
1 0.496094 0.653409 0.034801 0.061869
6 0.867188 0.463384 0.049716 0.085859
15 0.847656 0.910354 0.068892 0.085859
21 0.921520 0.186869 0.070312 0.085859
22 0.555398 0.180556 0.034091 0.058081
24 0.565341 0.359217 0.035511 0.061869
10 0.421520 0.058712 0.039062 0.079545
18 0.811435 0.287247 0.033381 0.059343
19 0.861151 0.166667 0.034801 0.068182