1 0.883168 0.124369 0.034801 0.061869
24 0.245739 0.888889 0.034091 0.058081
20 0.257457 0.585227 0.033381 0.059343
29 0.164062 0.805556 0.068182 0.080808
27 0.403054 0.693813 0.033381 0.059343
25 0.503551 0.941919 0.032670 0.058081
2 0.329545 0.821970 0.062500 0.085859
17 0.310724 0.465909 0.068892 0.085859
28 0.455966 0.212753 0.068182 0.082071
15 0.560369 0.410354 0.024148 0.047980
9 0.745384 0.817551 0.031960 0.061869
21 0.773082 0.172980 0.034801 0.068182
22 0.378551 0.188131 0.032670 0.058081
11 0.272372 0.806187 0.031960 0.061869
8 0.623580 0.784091 0.049716 0.085859
7 0.922230 0.851641 0.033381 0.061869
23 0.831321 0.853535 0.070312 0.085859
16 0.693892 0.077020 0.032670 0.058081
12 0.118963 0.263258 0.039062 0.079545
18 0.409801 0.329545 0.038352 0.058081
3 0.701349 0.451389 0.066051 0.087121
6 0.167259 0.386995 0.081676 0.137626
4 0.816761 0.676136 0.035511 0.056818
26 0.422585 0.054924 0.035511 0.061869
10 0.160511 0.093434 0.032670 0.065657
13 0.924006 0.594066 0.032670 0.059343
14 0.334162 0.232323 0.029119 0.047980
5 0.224787 0.143939 0.026278 0.050505
19 0.339489 0.547348 0.035511 0.061869