4 0.875710 0.916035 0.035511 0.056818
20 0.119318 0.589646 0.032670 0.058081
22 0.107244 0.950758 0.034091 0.058081
25 0.439986 0.470328 0.033381 0.059343
7 0.296520 0.080177 0.031960 0.061869
6 0.397017 0.145202 0.049716 0.085859
27 0.142045 0.438131 0.068182 0.080808
10 0.323509 0.803662 0.039062 0.079545
3 0.666548 0.288510 0.066051 0.087121
2 0.034801 0.315657 0.062500 0.085859
0 0.453125 0.065657 0.032670 0.055556
24 0.644176 0.119318 0.035511 0.061869
26 0.527699 0.515783 0.068182 0.082071
1 0.192116 0.215278 0.034801 0.061869
21 0.655185 0.382576 0.070312 0.085859
15 0.768821 0.689394 0.068892 0.085859
23 0.128551 0.071970 0.032670 0.058081
19 0.741832 0.060606 0.034801 0.068182
13 0.641335 0.720960 0.024148 0.047980
8 0.460938 0.241162 0.032670 0.065657
5 0.943537 0.433712 0.033381 0.061869