23 0.656250 0.823232 0.031250 0.053030
26 0.251065 0.158460 0.034801 0.061869
16 0.451705 0.706439 0.059659 0.074495
4 0.694602 0.527146 0.035511 0.056818
12 0.067472 0.941288 0.026989 0.049242
5 0.138494 0.625631 0.028409 0.051768
15 0.965199 0.660354 0.031250 0.055556
11 0.170099 0.466540 0.040483 0.082071
28 0.588778 0.476010 0.055398 0.065657
11 0.646307 0.219697 0.041193 0.083333
26 0.941406 0.110480 0.027699 0.049242
21 0.276634 0.369318 0.030540 0.054293
24 0.587713 0.852904 0.029119 0.051768
12 0.756037 0.474747 0.037642 0.068182
20 0.110085 0.734217 0.038352 0.074495
4 0.351207 0.151515 0.033381 0.053030
14 0.709872 0.636364 0.019176 0.037879
12 0.821023 0.375631 0.031250 0.056818
8 0.522372 0.147096 0.031960 0.061869
22 0.849432 0.630682 0.079545 0.097222
23 0.628551 0.390152 0.032670 0.055556
4 0.196733 0.219066 0.034091 0.054293
25 0.129616 0.285354 0.033381 0.058081
13 0.042969 0.130051 0.024858 0.040404
26 0.964134 0.595328 0.031960 0.056818
23 0.881392 0.953283 0.034091 0.058081
12 0.743253 0.827020 0.033381 0.060606