5 0.453480 0.445076 0.033381 0.061869
19 0.047230 0.780303 0.034801 0.068182
9 0.883878 0.081439 0.031960 0.061869
10 0.067116 0.931187 0.039062 0.079545
18 0.277344 0.464015 0.033381 0.059343
17 0.034091 0.397096 0.035511 0.061869
2 0.438920 0.646465 0.062500 0.085859
6 0.436080 0.193182 0.049716 0.085859
4 0.045455 0.604167 0.035511 0.056818
8 0.512784 0.077020 0.032670 0.065657
7 0.592685 0.840278 0.031960 0.061869
24 0.899858 0.572601 0.035511 0.061869
23 0.765625 0.133838 0.032670 0.058081
12 0.442116 0.516414 0.029119 0.047980
20 0.827415 0.034091 0.032670 0.058081
14 0.221591 0.510101 0.032670 0.058081
3 0.126776 0.461490 0.066051 0.087121
25 0.778054 0.873106 0.033381 0.059343
13 0.226562 0.794192 0.024148 0.047980
27 0.547585 0.542929 0.068182 0.080808
0 0.831676 0.262626 0.032670 0.055556
1 0.603338 0.203914 0.034801 0.061869