24 0.578835 0.450758 0.034091 0.058081
4 0.035511 0.707702 0.035511 0.056818
14 0.145952 0.656566 0.029119 0.047980
17 0.300781 0.294192 0.068892 0.085859
23 0.478338 0.545455 0.070312 0.085859
10 0.188920 0.868687 0.032670 0.065657
3 0.839134 0.197601 0.066051 0.087121
27 0.607599 0.850379 0.033381 0.059343
29 0.554688 0.816919 0.068182 0.080808
7 0.838423 0.556187 0.033381 0.061869
5 0.156605 0.404040 0.026278 0.050505
11 0.209872 0.669823 0.031960 0.061869
22 0.758523 0.694444 0.032670 0.058081
19 0.660511 0.749369 0.035511 0.061869
20 0.680753 0.572601 0.033381 0.059343
28 0.732955 0.437500 0.068182 0.082071
15 0.870028 0.085859 0.024148 0.047980
21 0.080611 0.507576 0.034801 0.068182
8 0.693182 0.079545 0.049716 0.085859