14 0.483665 0.290404 0.032670 0.058081
27 0.920455 0.657828 0.068182 0.080808
23 0.475852 0.563131 0.032670 0.058081
21 0.678622 0.217172 0.070312 0.085859
25 0.787997 0.562500 0.033381 0.059343
22 0.857955 0.638889 0.034091 0.058081
3 0.403764 0.719066 0.066051 0.087121
24 0.949574 0.927399 0.035511 0.061869
26 0.710938 0.547348 0.068182 0.082071
15 0.600497 0.291667 0.068892 0.085859
0 0.963068 0.559343 0.032670 0.055556
1 0.178622 0.546086 0.034801 0.061869
17 0.786222 0.258207 0.035511 0.061869
6 0.068182 0.090909 0.049716 0.085859
13 0.636364 0.946970 0.024148 0.047980
18 0.944957 0.359217 0.033381 0.059343
11 0.263494 0.089015 0.032670 0.059343
5 0.860440 0.953914 0.033381 0.061869
2 0.164773 0.953283 0.062500 0.085859
4 0.580966 0.544823 0.035511 0.056818
16 0.786222 0.319444 0.038352 0.058081