27 0.757812 0.844697 0.068182 0.080808
12 0.185014 0.397727 0.029119 0.047980
20 0.137074 0.797980 0.032670 0.058081
19 0.867543 0.404040 0.034801 0.068182
5 0.597656 0.498106 0.033381 0.061869
25 0.814276 0.899621 0.033381 0.059343
17 0.346591 0.769571 0.035511 0.061869
22 0.553977 0.345960 0.034091 0.058081
11 0.946733 0.599116 0.032670 0.059343
1 0.694957 0.831439 0.034801 0.061869
3 0.138139 0.316288 0.066051 0.087121
26 0.767756 0.664773 0.068182 0.082071
23 0.857244 0.789141 0.032670 0.058081
7 0.493253 0.726641 0.031960 0.061869
15 0.534446 0.214646 0.068892 0.085859
21 0.571378 0.775253 0.070312 0.085859
4 0.116477 0.869318 0.035511 0.056818
16 0.528409 0.479798 0.038352 0.058081
10 0.229759 0.268308 0.039062 0.079545
6 0.601562 0.597222 0.049716 0.085859
2 0.915483 0.208333 0.062500 0.085859
9 0.663707 0.527146 0.031960 0.061869
0 0.379261 0.595960 0.032670 0.055556
13 0.695312 0.941919 0.024148 0.047980
14 0.179688 0.558081 0.032670 0.058081
8 0.036932 0.306818 0.032670 0.065657
24 0.267045 0.600379 0.035511 0.061869
18 0.082031 0.442551 0.033381 0.059343