19 0.357955 0.164773 0.035511 0.061869
21 0.750355 0.174242 0.034801 0.068182
16 0.601562 0.753788 0.032670 0.058081
23 0.052202 0.266414 0.070312 0.085859
15 0.472301 0.127525 0.024148 0.047980
4 0.932528 0.650884 0.035511 0.056818
1 0.104048 0.784722 0.034801 0.061869
13 0.137784 0.331439 0.032670 0.059343
0 0.791193 0.771465 0.032670 0.055556
17 0.773793 0.680556 0.068892 0.085859
7 0.103338 0.414773 0.033381 0.061869
3 0.572088 0.051136 0.066051 0.087121
22 0.665483 0.388889 0.032670 0.058081
29 0.095170 0.060606 0.068182 0.080808
6 0.862571 0.669823 0.081676 0.137626
27 0.123224 0.962753 0.033381 0.059343
20 0.019531 0.825126 0.033381 0.059343
11 0.089844 0.534722 0.031960 0.061869
18 0.239347 0.493687 0.038352 0.058081
9 0.616832 0.602904 0.031960 0.061869
2 0.683239 0.805556 0.062500 0.085859
28 0.145597 0.208965 0.068182 0.082071
12 0.513139 0.447601 0.039062 0.079545
14 0.891690 0.838384 0.029119 0.047980
8 0.185369 0.537879 0.049716 0.085859
5 0.614702 0.479798 0.026278 0.050505
26 0.593040 0.307449 0.035511 0.061869