19 0.517756 0.861742 0.035511 0.061869
25 0.936080 0.489899 0.032670 0.058081
29 0.491477 0.628788 0.068182 0.080808
27 0.472656 0.178662 0.033381 0.059343
14 0.140980 0.372475 0.029119 0.047980
26 0.110085 0.287247 0.035511 0.061869
0 0.307528 0.542929 0.032670 0.055556
23 0.150213 0.670455 0.070312 0.085859
1 0.790838 0.251894 0.034801 0.061869
5 0.623224 0.833333 0.026278 0.050505
22 0.561080 0.597222 0.032670 0.058081
17 0.758168 0.087121 0.068892 0.085859
11 0.258878 0.756944 0.031960 0.061869
24 0.455256 0.877525 0.034091 0.058081
7 0.827060 0.080177 0.033381 0.061869
10 0.823864 0.848485 0.032670 0.065657
15 0.930398 0.767677 0.024148 0.047980
12 0.864702 0.719066 0.039062 0.079545