15 0.118253 0.868687 0.068892 0.085859
21 0.354048 0.801768 0.070312 0.085859
6 0.385653 0.454545 0.049716 0.085859
8 0.916903 0.257576 0.032670 0.065657
27 0.774858 0.253788 0.068182 0.080808
5 0.805753 0.501894 0.033381 0.061869
1 0.260298 0.840278 0.034801 0.061869
13 0.188920 0.830808 0.024148 0.047980
19 0.219105 0.599747 0.034801 0.068182
16 0.609375 0.335859 0.038352 0.058081
12 0.645952 0.886364 0.029119 0.047980
9 0.222656 0.720328 0.031960 0.061869
11 0.750710 0.782197 0.032670 0.059343
23 0.073864 0.128788 0.032670 0.058081
2 0.459517 0.704545 0.062500 0.085859
22 0.556108 0.155303 0.034091 0.058081
25 0.488281 0.246843 0.033381 0.059343
0 0.867898 0.753788 0.032670 0.055556
3 0.139560 0.456439 0.066051 0.087121
4 0.252131 0.442551 0.035511 0.056818
20 0.517756 0.515152 0.032670 0.058081
18 0.894531 0.051136 0.033381 0.059343
14 0.762074 0.358586 0.032670 0.058081
26 0.808239 0.100379 0.068182 0.082071
17 0.097301 0.715278 0.035511 0.061869
24 0.602983 0.273359 0.035511 0.061869
10 0.355469 0.265783 0.039062 0.079545
7 0.912997 0.607955 0.031960 0.061869