1 0.391690 0.501894 0.029119 0.051768
21 0.613991 0.659722 0.030540 0.054293
27 0.791193 0.331439 0.068182 0.082071
16 0.154119 0.126894 0.059659 0.074495
28 0.357244 0.231692 0.079545 0.094697
10 0.907315 0.513258 0.031960 0.061869
10 0.594460 0.364899 0.031250 0.060606
10 0.158026 0.476641 0.033381 0.064394
1 0.746804 0.725379 0.037642 0.066919
19 0.138849 0.765783 0.031960 0.056818
17 0.381037 0.375000 0.034801 0.053030
27 0.898082 0.381944 0.078835 0.094697
23 0.466619 0.419823 0.026989 0.046717
18 0.503196 0.125000 0.030540 0.053030
26 0.837003 0.700126 0.037642 0.066919
26 0.491122 0.033460 0.037642 0.066919
23 0.171165 0.625000 0.032670 0.055556
2 0.335582 0.826389 0.067472 0.092172
19 0.685724 0.765783 0.026278 0.046717
7 0.963778 0.264520 0.058239 0.099747
21 0.076705 0.866162 0.031250 0.055556
20 0.409801 0.688131 0.041193 0.080808
28 0.400213 0.119949 0.074574 0.088384
12 0.769531 0.650253 0.029119 0.053030
12 0.159091 0.342803 0.026989 0.049242
23 0.082386 0.646465 0.028409 0.047980