0 0.112216 0.313131 0.032670 0.055556
22 0.813920 0.792929 0.032670 0.058081
29 0.409801 0.132576 0.068182 0.080808
16 0.232244 0.662879 0.032670 0.058081
4 0.573864 0.052399 0.035511 0.056818
11 0.872514 0.379419 0.031960 0.061869
18 0.838068 0.930556 0.038352 0.058081
1 0.207031 0.395833 0.034801 0.061869
3 0.513849 0.741793 0.066051 0.087121
19 0.281250 0.523359 0.035511 0.061869
12 0.580611 0.485480 0.039062 0.079545
23 0.838423 0.276515 0.070312 0.085859
13 0.490057 0.955177 0.032670 0.059343
25 0.949574 0.515152 0.032670 0.058081
8 0.672585 0.577020 0.049716 0.085859
2 0.908381 0.729798 0.062500 0.085859
17 0.659446 0.214646 0.068892 0.085859
6 0.340554 0.374369 0.081676 0.137626