3 0.383878 0.467803 0.066051 0.087121
0 0.793324 0.401515 0.032670 0.055556
6 0.358665 0.810606 0.049716 0.085859
23 0.058239 0.309343 0.032670 0.058081
8 0.274148 0.383838 0.032670 0.065657
7 0.500355 0.090278 0.031960 0.061869
11 0.625000 0.047348 0.032670 0.059343
26 0.529830 0.565025 0.068182 0.082071
27 0.088068 0.882576 0.068182 0.080808
17 0.764205 0.041035 0.035511 0.061869
13 0.090909 0.541667 0.024148 0.047980
4 0.700994 0.072601 0.035511 0.056818
25 0.452770 0.292298 0.033381 0.059343
5 0.973366 0.577652 0.033381 0.061869
15 0.733310 0.699495 0.068892 0.085859
18 0.466974 0.066288 0.033381 0.059343
9 0.359020 0.624369 0.031960 0.061869
12 0.937145 0.338384 0.029119 0.047980
19 0.150213 0.244949 0.034801 0.068182
16 0.844460 0.255051 0.038352 0.058081
22 0.497869 0.281566 0.034091 0.058081
21 0.204901 0.577020 0.070312 0.085859
20 0.658381 0.549242 0.032670 0.058081
2 0.296875 0.291667 0.062500 0.085859
14 0.468040 0.401515 0.032670 0.058081
10 0.608310 0.378157 0.039062 0.079545
24 0.875000 0.058712 0.035511 0.061869