25 0.966974 0.321338 0.033381 0.059343
21 0.435014 0.319444 0.070312 0.085859
11 0.108665 0.897096 0.032670 0.059343
9 0.636719 0.169823 0.031960 0.061869
2 0.326705 0.917929 0.062500 0.085859
23 0.457386 0.782828 0.032670 0.058081
16 0.245739 0.127525 0.038352 0.058081
8 0.496449 0.205808 0.032670 0.065657
12 0.771662 0.667929 0.029119 0.047980
26 0.262074 0.216540 0.068182 0.082071
24 0.566761 0.582702 0.035511 0.061869
20 0.911222 0.236111 0.032670 0.058081
7 0.241832 0.650884 0.031960 0.061869
13 0.397727 0.771465 0.024148 0.047980
10 0.660156 0.352904 0.039062 0.079545
4 0.355824 0.575126 0.035511 0.056818
17 0.888494 0.306187 0.035511 0.061869