27 0.054332 0.496212 0.080256 0.095960
7 0.156605 0.659091 0.056108 0.095960
6 0.799006 0.369318 0.362216 0.140152
14 0.919389 0.826389 0.019176 0.039141
24 0.041193 0.815657 0.031250 0.055556
3 0.623935 0.640152 0.057528 0.075758
13 0.153054 0.512626 0.033381 0.055556
27 0.109375 0.235480 0.076705 0.092172
19 0.437145 0.780934 0.033381 0.059343
14 0.518111 0.765152 0.022017 0.042929
27 0.694957 0.092172 0.067472 0.080808
24 0.448509 0.236742 0.037642 0.066919
13 0.197798 0.409722 0.023438 0.039141
4 0.916193 0.486111 0.031250 0.050505
8 0.677202 0.751894 0.034801 0.066919
26 0.278054 0.722854 0.031960 0.056818
11 0.312145 0.423611 0.036222 0.074495
14 0.288352 0.607323 0.025568 0.050505
17 0.367188 0.877525 0.039773 0.060606