6 0.445312 0.246212 0.049716 0.085859
24 0.261364 0.438763 0.035511 0.061869
17 0.904830 0.525884 0.035511 0.061869
21 0.357599 0.613636 0.070312 0.085859
0 0.567472 0.459596 0.032670 0.055556
5 0.109730 0.720328 0.033381 0.061869
1 0.210582 0.124369 0.034801 0.061869
22 0.550426 0.372475 0.034091 0.058081
14 0.283381 0.246212 0.032670 0.058081
26 0.163352 0.049874 0.068182 0.082071
18 0.393821 0.861742 0.033381 0.059343
13 0.842330 0.777778 0.024148 0.047980
12 0.485440 0.768939 0.029119 0.047980
25 0.888849 0.618056 0.033381 0.059343
20 0.938920 0.712121 0.032670 0.058081