10 0.747159 0.468434 0.029830 0.053030
27 0.731889 0.244318 0.034801 0.061869
20 0.511364 0.885101 0.034091 0.060606
10 0.128196 0.916035 0.029119 0.051768
29 0.205966 0.651515 0.032670 0.058081
3 0.650213 0.634470 0.027699 0.049242
18 0.429332 0.587753 0.031960 0.056818
15 0.215199 0.935606 0.036932 0.065657
1 0.693182 0.155303 0.039773 0.070707
12 0.508523 0.710859 0.036932 0.065657
23 0.261719 0.352904 0.036222 0.064394
8 0.581321 0.034722 0.031960 0.056818
29 0.258523 0.863636 0.035511 0.063131
6 0.278054 0.546086 0.040483 0.071970