18 0.178622 0.530303 0.040483 0.070707
25 0.713068 0.566288 0.041193 0.071970
0 0.221946 0.450126 0.029119 0.049242
17 0.580966 0.616793 0.039773 0.059343
4 0.334872 0.380682 0.041903 0.066919
11 0.926136 0.351010 0.034091 0.070707
28 0.631392 0.830177 0.073864 0.087121
11 0.152699 0.182449 0.031250 0.064394
18 0.469105 0.775253 0.039062 0.068182
25 0.602983 0.962753 0.036932 0.064394
27 0.123224 0.370581 0.070312 0.084596
24 0.751065 0.033460 0.031960 0.056818
13 0.960938 0.200126 0.025568 0.041667
9 0.216619 0.269571 0.038352 0.077020
5 0.546875 0.919192 0.026989 0.050505
1 0.379616 0.433712 0.036222 0.064394
2 0.397017 0.282197 0.056818 0.077020
23 0.071378 0.726641 0.034801 0.059343
18 0.648082 0.479798 0.037642 0.065657
10 0.809659 0.648990 0.032670 0.063131
27 0.805753 0.104167 0.075994 0.092172
7 0.427912 0.099116 0.050426 0.087121
9 0.759588 0.772096 0.034801 0.069444
26 0.333452 0.049874 0.034801 0.061869