18 0.240767 0.946970 0.038352 0.058081
19 0.125000 0.114268 0.035511 0.061869
11 0.878906 0.265783 0.031960 0.061869
2 0.925426 0.080808 0.062500 0.085859
15 0.065341 0.308081 0.024148 0.047980
1 0.578480 0.732955 0.034801 0.061869
5 0.508878 0.723485 0.026278 0.050505
8 0.149148 0.665404 0.049716 0.085859
3 0.587713 0.899621 0.066051 0.087121
4 0.712358 0.133207 0.035511 0.056818
14 0.540128 0.037879 0.029119 0.047980
26 0.945312 0.524621 0.035511 0.061869
16 0.276278 0.382576 0.032670 0.058081
6 0.280895 0.783460 0.081676 0.137626
23 0.559304 0.597222 0.070312 0.085859
22 0.792614 0.580808 0.032670 0.058081
12 0.181463 0.259470 0.039062 0.079545