13 0.775213 0.433081 0.030540 0.050505
7 0.806108 0.652778 0.046875 0.080808
14 0.756747 0.364268 0.019176 0.039141
16 0.551847 0.768308 0.058239 0.071970
26 0.745739 0.577020 0.038352 0.068182
10 0.047585 0.094697 0.034091 0.065657
21 0.313565 0.509470 0.030540 0.054293
19 0.968750 0.420455 0.039773 0.070707
13 0.197443 0.681187 0.028409 0.046717
8 0.386364 0.070707 0.036932 0.070707
4 0.513494 0.436237 0.036932 0.059343
7 0.374290 0.707071 0.053977 0.093434
18 0.566051 0.350379 0.038352 0.066919
11 0.818892 0.928662 0.044034 0.089646
26 0.271307 0.421717 0.031250 0.055556
28 0.571733 0.275884 0.056818 0.066919
3 0.268466 0.692551 0.063920 0.084596
21 0.330966 0.609848 0.034091 0.060606
27 0.468040 0.200758 0.079545 0.095960
13 0.115057 0.102273 0.034091 0.055556
25 0.921520 0.484848 0.029119 0.050505
28 0.773793 0.177399 0.054688 0.064394
13 0.976207 0.926768 0.030540 0.050505
21 0.660156 0.530934 0.029119 0.051768
2 0.861861 0.361111 0.057528 0.078283