11 0.800781 0.235480 0.031960 0.061869
1 0.920810 0.533460 0.034801 0.061869
25 0.260653 0.542929 0.032670 0.058081
9 0.329190 0.404672 0.031960 0.061869
29 0.255682 0.849747 0.068182 0.080808
5 0.087713 0.127525 0.026278 0.050505
12 0.942827 0.831439 0.039062 0.079545
20 0.148793 0.623106 0.033381 0.059343
24 0.410511 0.320707 0.034091 0.058081
3 0.255327 0.936237 0.066051 0.087121
16 0.794034 0.636364 0.032670 0.058081
28 0.154830 0.940025 0.068182 0.082071
14 0.367543 0.746212 0.029119 0.047980
22 0.664773 0.856061 0.032670 0.058081
8 0.085227 0.332071 0.049716 0.085859
13 0.188210 0.640783 0.032670 0.059343
26 0.360795 0.054924 0.035511 0.061869
10 0.861506 0.176768 0.032670 0.065657
6 0.344105 0.586490 0.081676 0.137626
21 0.227628 0.236111 0.034801 0.068182
17 0.514560 0.613636 0.068892 0.085859
0 0.473011 0.476010 0.032670 0.055556
4 0.978693 0.118056 0.035511 0.056818
15 0.453125 0.172980 0.024148 0.047980
2 0.744318 0.281566 0.062500 0.085859
27 0.518111 0.873106 0.033381 0.059343