29 0.865767 0.436869 0.068182 0.080808
4 0.223011 0.884470 0.035511 0.056818
19 0.259943 0.544823 0.035511 0.061869
5 0.179332 0.079545 0.026278 0.050505
12 0.616122 0.109217 0.039062 0.079545
24 0.540483 0.406566 0.034091 0.058081
22 0.435369 0.560606 0.032670 0.058081
17 0.942116 0.780303 0.068892 0.085859
13 0.930398 0.323864 0.032670 0.059343
0 0.102273 0.617424 0.032670 0.055556
18 0.850852 0.085859 0.038352 0.058081
3 0.939986 0.219066 0.066051 0.087121
27 0.169389 0.174874 0.033381 0.059343
11 0.034446 0.171086 0.031960 0.061869
10 0.693892 0.339646 0.032670 0.065657
25 0.827415 0.286616 0.032670 0.058081
21 0.435724 0.405303 0.034801 0.068182
28 0.514205 0.192551 0.068182 0.082071
23 0.303622 0.314394 0.070312 0.085859
15 0.377841 0.888889 0.024148 0.047980
9 0.484020 0.504419 0.031960 0.061869
2 0.813210 0.618687 0.062500 0.085859
6 0.258168 0.155934 0.081676 0.137626
16 0.425426 0.906566 0.032670 0.058081
8 0.203125 0.377525 0.049716 0.085859
14 0.286577 0.943182 0.029119 0.047980
1 0.317116 0.773359 0.034801 0.061869
7 0.598366 0.933712 0.033381 0.061869