25 0.876776 0.259470 0.033381 0.059343
6 0.332386 0.224747 0.049716 0.085859
21 0.919389 0.949495 0.070312 0.085859
27 0.913352 0.579545 0.068182 0.080808
12 0.628196 0.435606 0.029119 0.047980
1 0.305753 0.590278 0.034801 0.061869
5 0.363991 0.077652 0.033381 0.061869
14 0.843040 0.380051 0.032670 0.058081
13 0.299716 0.968434 0.024148 0.047980
26 0.232244 0.727904 0.068182 0.082071
16 0.129972 0.736111 0.038352 0.058081
10 0.974077 0.495581 0.039062 0.079545
24 0.034801 0.817551 0.035511 0.061869
11 0.649858 0.942551 0.032670 0.059343
9 0.649503 0.032197 0.031960 0.061869
2 0.855114 0.794192 0.062500 0.085859
20 0.107244 0.402778 0.032670 0.058081
23 0.698153 0.358586 0.032670 0.058081
8 0.419034 0.808081 0.032670 0.065657