4 0.267401 0.589015 0.029119 0.046717
17 0.343395 0.397096 0.036222 0.054293
25 0.700994 0.054924 0.036932 0.064394
1 0.178267 0.130051 0.032670 0.058081
11 0.224432 0.779040 0.039773 0.080808
16 0.293679 0.095328 0.075994 0.094697
8 0.585938 0.087121 0.032670 0.063131
25 0.743963 0.392677 0.031960 0.055556
5 0.628906 0.772096 0.036222 0.066919
7 0.936790 0.367424 0.058239 0.101010
27 0.401634 0.340278 0.078835 0.094697
24 0.727983 0.654040 0.031250 0.055556
24 0.891335 0.895202 0.034091 0.060606
4 0.878551 0.306187 0.029830 0.046717
23 0.547585 0.852273 0.031250 0.053030
27 0.693182 0.554924 0.080966 0.097222
15 0.804688 0.132576 0.031250 0.055556
13 0.537287 0.652778 0.030540 0.050505
12 0.979759 0.410354 0.026278 0.047980