11 0.926847 0.174242 0.034091 0.070707
12 0.572798 0.109848 0.039062 0.070707
27 0.684659 0.182449 0.072443 0.087121
27 0.099077 0.698864 0.078835 0.094697
19 0.306818 0.549242 0.036932 0.065657
0 0.589489 0.551768 0.036932 0.063131
4 0.519176 0.532828 0.028409 0.045455
22 0.478338 0.344697 0.070312 0.085859
28 0.084517 0.315025 0.066761 0.079545
7 0.332386 0.126263 0.052557 0.090909
27 0.273793 0.797348 0.081676 0.097222
10 0.039418 0.215909 0.027699 0.053030
14 0.763494 0.731061 0.025568 0.050505
21 0.378906 0.727904 0.034801 0.061869
14 0.285511 0.693813 0.019886 0.039141
17 0.056463 0.965909 0.034801 0.053030
25 0.564276 0.231061 0.039062 0.068182
10 0.723366 0.683081 0.036222 0.070707
18 0.725497 0.813131 0.030540 0.053030
15 0.299006 0.940657 0.026989 0.047980
27 0.753906 0.304293 0.060369 0.073232
5 0.496449 0.174242 0.031250 0.058081
20 0.182884 0.666667 0.036222 0.070707