11 0.526278 0.133838 0.032670 0.058081
1 0.618253 0.116793 0.034801 0.061869
29 0.584162 0.672348 0.030540 0.054293
19 0.219460 0.789141 0.032670 0.058081
20 0.769531 0.086490 0.033381 0.059343
0 0.056463 0.221591 0.034801 0.061869
7 0.627841 0.880051 0.026989 0.047980
27 0.421875 0.832071 0.039773 0.070707
23 0.559304 0.337753 0.040483 0.071970
10 0.672585 0.136364 0.031250 0.055556
26 0.330256 0.742424 0.038352 0.068182
10 0.207741 0.303662 0.036222 0.064394
0 0.246094 0.102904 0.039062 0.069444
20 0.205966 0.487374 0.036932 0.065657