27 0.622159 0.364899 0.068182 0.080808
24 0.191761 0.068813 0.035511 0.061869
11 0.779830 0.677399 0.032670 0.059343
4 0.144886 0.240530 0.035511 0.056818
18 0.608310 0.889520 0.033381 0.059343
2 0.257812 0.829545 0.062500 0.085859
12 0.126065 0.602273 0.029119 0.047980
16 0.519886 0.092172 0.038352 0.058081
15 0.265270 0.943182 0.068892 0.085859
9 0.417969 0.222854 0.031960 0.061869
26 0.562500 0.548611 0.068182 0.082071
22 0.485085 0.489899 0.034091 0.058081
19 0.082031 0.324495 0.034801 0.068182
21 0.873224 0.521465 0.070312 0.085859
10 0.941406 0.258207 0.039062 0.079545
17 0.333807 0.056187 0.035511 0.061869
14 0.380682 0.665404 0.032670 0.058081
7 0.182173 0.244318 0.031960 0.061869
13 0.510653 0.851010 0.024148 0.047980
0 0.078125 0.829545 0.032670 0.055556
8 0.330966 0.176768 0.032670 0.065657
1 0.535156 0.451389 0.034801 0.061869
20 0.236506 0.429293 0.032670 0.058081
5 0.584162 0.186237 0.033381 0.061869
3 0.596236 0.642045 0.066051 0.087121
25 0.890980 0.269571 0.033381 0.059343
23 0.024148 0.796717 0.032670 0.058081
6 0.078835 0.159091 0.049716 0.085859