7 0.873224 0.318813 0.040483 0.069444
17 0.582031 0.904040 0.043324 0.065657
0 0.519886 0.087121 0.029830 0.050505
25 0.279830 0.787247 0.038352 0.066919
15 0.591619 0.648990 0.032670 0.058081
24 0.765625 0.635101 0.036932 0.065657
8 0.349077 0.910354 0.026278 0.050505
13 0.633168 0.609217 0.023438 0.039141
8 0.015270 0.071338 0.029119 0.056818
11 0.848366 0.246212 0.033381 0.068182
14 0.464489 0.026515 0.025568 0.050505
0 0.658026 0.232323 0.036222 0.060606
20 0.020241 0.181187 0.027699 0.054293
7 0.289773 0.537879 0.053977 0.093434
4 0.521307 0.880051 0.041193 0.065657
17 0.185369 0.270202 0.039773 0.060606
28 0.428622 0.770202 0.074574 0.088384
27 0.182173 0.700758 0.054688 0.065657
7 0.490412 0.178030 0.057528 0.098485
23 0.387429 0.345328 0.037642 0.064394
26 0.911577 0.303662 0.031960 0.056818
24 0.082741 0.234217 0.029119 0.051768
14 0.670099 0.835227 0.023438 0.046717
13 0.897372 0.838384 0.027699 0.045455
4 0.032315 0.635101 0.031960 0.050505