18 0.709872 0.698864 0.033381 0.059343
3 0.824929 0.784722 0.066051 0.087121
14 0.425426 0.046717 0.032670 0.058081
17 0.720170 0.101641 0.035511 0.061869
2 0.397727 0.473485 0.062500 0.085859
7 0.778054 0.182449 0.031960 0.061869
20 0.519886 0.433081 0.032670 0.058081
16 0.872869 0.941919 0.038352 0.058081
5 0.496804 0.304924 0.033381 0.061869
9 0.341264 0.063763 0.031960 0.061869
22 0.727273 0.267677 0.034091 0.058081
25 0.918679 0.763258 0.033381 0.059343
0 0.248580 0.782828 0.032670 0.055556
15 0.435724 0.873737 0.068892 0.085859
23 0.801847 0.550505 0.032670 0.058081
24 0.259943 0.275884 0.035511 0.061869
6 0.084517 0.897727 0.049716 0.085859
8 0.294744 0.564394 0.032670 0.065657