8 0.891335 0.565657 0.049716 0.085859
11 0.080611 0.298611 0.031960 0.061869
10 0.172585 0.859848 0.032670 0.065657
22 0.017045 0.271465 0.032670 0.058081
7 0.090554 0.230429 0.033381 0.061869
6 0.393821 0.825126 0.081676 0.137626
28 0.288352 0.350379 0.068182 0.082071
13 0.273438 0.437500 0.032670 0.059343
26 0.973722 0.717803 0.035511 0.061869
1 0.308594 0.929924 0.034801 0.061869
27 0.599077 0.066288 0.033381 0.059343
14 0.785156 0.958333 0.029119 0.047980
12 0.759588 0.168561 0.039062 0.079545
17 0.789418 0.316919 0.068892 0.085859
2 0.514915 0.577020 0.062500 0.085859
5 0.594105 0.614899 0.026278 0.050505
19 0.223722 0.873106 0.035511 0.061869
20 0.951349 0.868056 0.033381 0.059343
18 0.231534 0.542929 0.038352 0.058081
16 0.340199 0.143939 0.032670 0.058081
3 0.408026 0.671086 0.066051 0.087121
0 0.709517 0.484848 0.032670 0.055556
21 0.441406 0.281566 0.034801 0.068182
29 0.835938 0.776515 0.068182 0.080808
25 0.806108 0.167929 0.032670 0.058081
24 0.538352 0.494949 0.034091 0.058081
9 0.621094 0.842803 0.031960 0.061869
15 0.620739 0.922980 0.024148 0.047980
4 0.800426 0.871843 0.035511 0.056818
23 0.459872 0.046717 0.070312 0.085859