16 0.860085 0.383838 0.032670 0.058081
18 0.409801 0.071970 0.038352 0.058081
22 0.481534 0.505051 0.032670 0.058081
17 0.895241 0.068182 0.068892 0.085859
10 0.527699 0.207071 0.032670 0.065657
28 0.159091 0.948864 0.068182 0.082071
20 0.807173 0.469066 0.033381 0.059343
13 0.019176 0.741793 0.032670 0.059343
26 0.838778 0.219066 0.035511 0.061869
5 0.670099 0.390152 0.026278 0.050505
24 0.122159 0.092172 0.034091 0.058081
12 0.661577 0.214015 0.039062 0.079545
3 0.300781 0.857955 0.066051 0.087121
21 0.729048 0.064394 0.034801 0.068182
2 0.178267 0.204545 0.062500 0.085859
0 0.040483 0.204545 0.032670 0.055556
7 0.129616 0.649621 0.033381 0.061869
6 0.186435 0.772096 0.081676 0.137626
23 0.408736 0.776515 0.070312 0.085859
19 0.156960 0.315025 0.035511 0.061869
4 0.583097 0.643308 0.035511 0.056818
9 0.685014 0.567551 0.031960 0.061869
1 0.099787 0.196338 0.034801 0.061869
27 0.719105 0.320076 0.033381 0.059343
25 0.456676 0.315657 0.032670 0.058081