25 0.121094 0.071338 0.040483 0.069444
1 0.649858 0.143939 0.038352 0.068182
17 0.676136 0.325126 0.039773 0.059343
10 0.198509 0.431187 0.031960 0.061869
14 0.829901 0.610480 0.024858 0.049242
26 0.251420 0.559343 0.029830 0.053030
18 0.172230 0.693182 0.034801 0.060606
7 0.321733 0.094066 0.041193 0.071970
20 0.817472 0.717803 0.035511 0.069444
21 0.340554 0.182449 0.031960 0.056818
15 0.212358 0.189394 0.038352 0.068182
16 0.870739 0.270833 0.059659 0.074495
4 0.494673 0.355429 0.041903 0.066919
28 0.770597 0.285985 0.065341 0.077020
1 0.602983 0.566919 0.032670 0.058081
27 0.317116 0.686237 0.068892 0.082071
9 0.771662 0.096591 0.031960 0.064394
5 0.964844 0.959596 0.039062 0.073232
17 0.568892 0.962121 0.036932 0.055556
15 0.861151 0.563763 0.033381 0.059343
17 0.863281 0.967172 0.030540 0.045455
4 0.954545 0.558712 0.035511 0.056818
4 0.980469 0.308081 0.034801 0.055556
6 0.593040 0.789141 0.392045 0.151515
24 0.259588 0.948864 0.026278 0.046717
21 0.373224 0.275884 0.026278 0.046717