12 0.177202 0.615530 0.039062 0.079545
8 0.263494 0.395202 0.049716 0.085859
11 0.763849 0.590278 0.031960 0.061869
4 0.048295 0.219066 0.035511 0.056818
1 0.642401 0.631944 0.034801 0.061869
15 0.497869 0.186869 0.024148 0.047980
27 0.141690 0.842803 0.033381 0.059343
17 0.503906 0.690657 0.068892 0.085859
29 0.588068 0.685606 0.068182 0.080808
23 0.582741 0.268939 0.070312 0.085859
19 0.671165 0.860480 0.035511 0.061869
28 0.678977 0.047348 0.068182 0.082071
20 0.162997 0.496843 0.033381 0.059343
25 0.858665 0.296717 0.032670 0.058081
26 0.059659 0.568813 0.035511 0.061869
5 0.032315 0.099747 0.026278 0.050505
24 0.961648 0.787879 0.034091 0.058081
21 0.167259 0.207071 0.034801 0.068182
3 0.210582 0.047348 0.066051 0.087121
0 0.018466 0.583333 0.032670 0.055556
2 0.656960 0.218434 0.062500 0.085859
14 0.621094 0.518939 0.029119 0.047980
6 0.040838 0.770833 0.081676 0.137626
9 0.593395 0.924874 0.031960 0.061869
10 0.627841 0.099747 0.032670 0.065657
13 0.430398 0.600379 0.032670 0.059343
7 0.675781 0.129419 0.033381 0.061869
22 0.037642 0.943182 0.032670 0.058081
18 0.400568 0.780303 0.038352 0.058081
16 0.502841 0.469697 0.032670 0.058081