24 0.924006 0.675505 0.034091 0.058081
12 0.908736 0.267045 0.039062 0.079545
28 0.872869 0.077652 0.068182 0.082071
6 0.763849 0.235480 0.081676 0.137626
18 0.148438 0.420455 0.038352 0.058081
29 0.269886 0.267677 0.068182 0.080808
5 0.822798 0.270202 0.026278 0.050505
27 0.303622 0.399621 0.033381 0.059343
15 0.809659 0.061869 0.024148 0.047980
4 0.934659 0.583965 0.035511 0.056818
21 0.971946 0.890152 0.034801 0.068182
8 0.156250 0.180556 0.049716 0.085859
0 0.517045 0.113636 0.032670 0.055556
7 0.158736 0.662247 0.033381 0.061869
26 0.834517 0.691288 0.035511 0.061869
22 0.537642 0.292929 0.032670 0.058081
10 0.576705 0.121212 0.032670 0.065657
25 0.245739 0.707071 0.032670 0.058081
16 0.620739 0.292929 0.032670 0.058081
20 0.109020 0.895833 0.033381 0.059343
17 0.778764 0.845960 0.068892 0.085859
23 0.878196 0.800505 0.070312 0.085859
14 0.040838 0.952020 0.029119 0.047980