12 0.940696 0.302399 0.026278 0.046717
4 0.235085 0.915404 0.029830 0.047980
23 0.207031 0.769571 0.033381 0.056818
2 0.268466 0.340909 0.066761 0.090909
20 0.590554 0.472854 0.039062 0.077020
3 0.931108 0.167298 0.068182 0.089646
3 0.056818 0.291667 0.071023 0.093434
10 0.804332 0.385732 0.030540 0.059343
2 0.906250 0.789773 0.052557 0.071970
26 0.094105 0.604167 0.033381 0.059343
19 0.549716 0.443182 0.034091 0.060606
13 0.361861 0.335859 0.031960 0.053030
17 0.384233 0.578914 0.032670 0.049242
21 0.505682 0.506313 0.036932 0.065657
1 0.843395 0.121843 0.034801 0.061869
18 0.414062 0.669823 0.036932 0.064394