28 0.694957 0.393308 0.031960 0.056818
20 0.204545 0.574495 0.034091 0.060606
6 0.209517 0.420455 0.036932 0.065657
8 0.249290 0.761364 0.034091 0.060606
27 0.509943 0.539141 0.032670 0.058081
4 0.900568 0.301768 0.034091 0.060606
19 0.489347 0.189394 0.039773 0.070707
1 0.781960 0.194444 0.032670 0.058081
12 0.225142 0.174242 0.035511 0.063131
22 0.516690 0.855429 0.040483 0.071970
28 0.727983 0.162879 0.036932 0.065657
10 0.484730 0.479167 0.029119 0.051768
15 0.151989 0.641414 0.032670 0.058081
12 0.807173 0.577652 0.039062 0.069444