6 0.610795 0.229798 0.049716 0.085859
2 0.143466 0.821970 0.062500 0.085859
1 0.857599 0.855429 0.034801 0.061869
3 0.890270 0.610480 0.066051 0.087121
23 0.116477 0.205808 0.032670 0.058081
20 0.286932 0.210859 0.032670 0.058081
25 0.966264 0.268308 0.033381 0.059343
14 0.772727 0.304293 0.032670 0.058081
15 0.297230 0.116162 0.068892 0.085859
8 0.701705 0.911616 0.032670 0.065657
11 0.830966 0.184975 0.032670 0.059343
9 0.450639 0.481692 0.031960 0.061869
12 0.537287 0.505051 0.029119 0.047980
4 0.463068 0.816288 0.035511 0.056818
22 0.774148 0.719697 0.034091 0.058081