10 0.169389 0.126894 0.039062 0.079545
3 0.063565 0.111742 0.066051 0.087121
17 0.914062 0.792298 0.035511 0.061869
4 0.694602 0.192551 0.035511 0.056818
0 0.298295 0.468434 0.032670 0.055556
14 0.544744 0.598485 0.032670 0.058081
25 0.508168 0.065025 0.033381 0.059343
16 0.384943 0.325758 0.038352 0.058081
12 0.219815 0.877525 0.029119 0.047980
18 0.646662 0.089015 0.033381 0.059343
22 0.186790 0.679293 0.034091 0.058081
1 0.596946 0.884470 0.034801 0.061869
15 0.420810 0.948232 0.068892 0.085859
9 0.804332 0.364268 0.031960 0.061869
26 0.907670 0.232955 0.068182 0.082071
19 0.396662 0.118687 0.034801 0.068182
5 0.672940 0.578914 0.033381 0.061869
20 0.241477 0.616162 0.032670 0.058081
2 0.848722 0.662879 0.062500 0.085859