19 0.680398 0.364268 0.035511 0.061869
8 0.431818 0.426768 0.049716 0.085859
23 0.567827 0.356061 0.070312 0.085859
10 0.565341 0.080808 0.032670 0.065657
28 0.794034 0.155934 0.068182 0.082071
22 0.737216 0.439394 0.032670 0.058081
1 0.570668 0.538510 0.034801 0.061869
3 0.643821 0.794823 0.066051 0.087121
6 0.865412 0.749369 0.081676 0.137626
13 0.802557 0.561237 0.032670 0.059343
2 0.515625 0.714646 0.062500 0.085859
12 0.649503 0.955177 0.039062 0.079545
16 0.948864 0.767677 0.032670 0.058081
7 0.349787 0.945076 0.033381 0.061869
0 0.845881 0.162879 0.032670 0.055556
9 0.122514 0.857955 0.031960 0.061869
5 0.932173 0.327020 0.026278 0.050505
26 0.610085 0.511995 0.035511 0.061869
11 0.534446 0.851641 0.031960 0.061869
27 0.320668 0.220328 0.033381 0.059343
4 0.151278 0.182449 0.035511 0.056818
14 0.231179 0.381313 0.029119 0.047980
24 0.612216 0.078283 0.034091 0.058081
21 0.704190 0.191919 0.034801 0.068182
18 0.279830 0.080808 0.038352 0.058081
15 0.979403 0.609848 0.024148 0.047980
17 0.531605 0.614899 0.068892 0.085859