22 0.405540 0.272727 0.032670 0.058081
6 0.518821 0.791035 0.081676 0.137626
12 0.462003 0.596591 0.039062 0.079545
0 0.595881 0.325758 0.032670 0.055556
3 0.766690 0.857955 0.066051 0.087121
26 0.423295 0.952652 0.035511 0.061869
20 0.753196 0.655934 0.033381 0.059343
9 0.837713 0.796086 0.031960 0.061869
8 0.645597 0.545455 0.049716 0.085859
7 0.889560 0.715278 0.033381 0.061869
1 0.780185 0.160985 0.034801 0.061869
16 0.871449 0.199495 0.032670 0.058081
17 0.472656 0.462121 0.068892 0.085859
27 0.096946 0.375631 0.033381 0.059343
24 0.410511 0.823232 0.034091 0.058081
21 0.322088 0.400253 0.034801 0.068182
25 0.630682 0.226010 0.032670 0.058081
10 0.248580 0.477273 0.032670 0.065657
5 0.261719 0.289141 0.026278 0.050505
4 0.605824 0.782197 0.035511 0.056818
19 0.977273 0.945076 0.035511 0.061869
18 0.887784 0.455808 0.038352 0.058081