8 0.518111 0.671717 0.034801 0.068182
24 0.432528 0.601010 0.036932 0.065657
8 0.114702 0.083965 0.033381 0.064394
2 0.398082 0.191919 0.058949 0.080808
7 0.923651 0.294823 0.058949 0.102273
17 0.905185 0.041035 0.037642 0.056818
22 0.207031 0.809975 0.080256 0.097222
7 0.244318 0.541667 0.055398 0.095960
21 0.506037 0.294823 0.034801 0.061869
3 0.366477 0.698232 0.071023 0.093434
1 0.813920 0.321970 0.032670 0.058081
20 0.455611 0.295455 0.033381 0.065657
13 0.119318 0.429293 0.032670 0.053030
10 0.330611 0.923611 0.034801 0.066919
4 0.687855 0.888258 0.041903 0.066919
18 0.876065 0.247475 0.034801 0.060606