13 0.838778 0.426136 0.032670 0.059343
2 0.264915 0.719697 0.062500 0.085859
3 0.466264 0.397096 0.066051 0.087121
25 0.729403 0.438131 0.032670 0.058081
7 0.025923 0.144571 0.033381 0.061869
12 0.483310 0.485480 0.039062 0.079545
23 0.738281 0.202020 0.070312 0.085859
28 0.870739 0.913510 0.068182 0.082071
5 0.617543 0.688131 0.026278 0.050505
22 0.501420 0.558081 0.032670 0.058081
24 0.608665 0.775253 0.034091 0.058081
20 0.529474 0.322601 0.033381 0.059343
19 0.324574 0.143308 0.035511 0.061869
9 0.580611 0.836490 0.031960 0.061869
16 0.531960 0.911616 0.032670 0.058081
8 0.248580 0.550505 0.049716 0.085859
27 0.775923 0.712753 0.033381 0.059343
26 0.936080 0.703914 0.035511 0.061869
17 0.933594 0.277778 0.068892 0.085859
6 0.182884 0.330177 0.081676 0.137626
18 0.810369 0.800505 0.038352 0.058081