3 0.455966 0.315657 0.032670 0.058081
23 0.318537 0.397096 0.039062 0.069444
21 0.583097 0.726010 0.031250 0.055556
23 0.843040 0.425505 0.038352 0.068182
10 0.337003 0.777146 0.039062 0.069444
25 0.298651 0.894571 0.030540 0.054293
16 0.513139 0.232955 0.034801 0.061869
19 0.259233 0.700758 0.028409 0.050505
20 0.471236 0.808712 0.034801 0.061869
25 0.101562 0.133838 0.039773 0.070707
12 0.345170 0.042929 0.036932 0.065657
8 0.119318 0.279040 0.039773 0.070707
6 0.728693 0.233586 0.039773 0.070707
24 0.344815 0.184975 0.027699 0.049242