19 0.546875 0.289773 0.035511 0.061869
14 0.900213 0.929293 0.029119 0.047980
29 0.208097 0.310606 0.068182 0.080808
6 0.860440 0.434975 0.081676 0.137626
10 0.573153 0.733586 0.032670 0.065657
15 0.463778 0.285354 0.024148 0.047980
16 0.862216 0.123737 0.032670 0.058081
7 0.628196 0.865530 0.033381 0.061869
5 0.490412 0.685606 0.026278 0.050505
20 0.118253 0.135732 0.033381 0.059343
18 0.653409 0.303030 0.038352 0.058081
21 0.251065 0.618687 0.034801 0.068182
0 0.745028 0.087121 0.032670 0.055556
11 0.459872 0.933712 0.031960 0.061869
28 0.696733 0.746843 0.068182 0.082071
13 0.637074 0.953914 0.032670 0.059343
25 0.115767 0.516414 0.032670 0.058081
2 0.203835 0.920455 0.062500 0.085859
17 0.083452 0.349747 0.068892 0.085859
23 0.405895 0.922980 0.070312 0.085859
22 0.575994 0.909091 0.032670 0.058081
3 0.366122 0.464015 0.066051 0.087121
1 0.188565 0.613005 0.034801 0.061869
9 0.028764 0.332702 0.031960 0.061869
27 0.602628 0.392045 0.033381 0.059343
8 0.745028 0.281566 0.049716 0.085859
12 0.895952 0.753157 0.039062 0.079545
4 0.190341 0.393308 0.035511 0.056818
24 0.134233 0.632576 0.034091 0.058081
26 0.250000 0.202652 0.035511 0.061869