7 0.872514 0.061237 0.031960 0.061869
20 0.705256 0.917929 0.032670 0.058081
6 0.767756 0.814394 0.049716 0.085859
10 0.599077 0.368056 0.039062 0.079545
22 0.512074 0.888889 0.034091 0.058081
16 0.691051 0.056818 0.038352 0.058081
18 0.555043 0.568813 0.033381 0.059343
26 0.254261 0.910985 0.068182 0.082071
3 0.893821 0.624369 0.066051 0.087121
13 0.891335 0.218434 0.024148 0.047980
25 0.023082 0.363005 0.033381 0.059343
24 0.139915 0.043561 0.035511 0.061869
4 0.919034 0.740530 0.035511 0.056818
15 0.463423 0.422980 0.068892 0.085859
14 0.831676 0.767677 0.032670 0.058081
8 0.352273 0.101010 0.032670 0.065657
27 0.783381 0.156566 0.068182 0.080808
17 0.242188 0.119318 0.035511 0.061869
12 0.387429 0.763889 0.029119 0.047980
23 0.392756 0.593434 0.032670 0.058081