26 0.112571 0.605429 0.039062 0.069444
9 0.174006 0.585227 0.038352 0.077020
7 0.530185 0.336490 0.047585 0.082071
27 0.062855 0.776515 0.071733 0.085859
9 0.887074 0.450126 0.026989 0.054293
25 0.482599 0.501263 0.031960 0.055556
27 0.170455 0.147727 0.061080 0.073232
1 0.951349 0.220328 0.040483 0.071970
10 0.538352 0.716540 0.035511 0.069444
13 0.357244 0.167298 0.026989 0.044192
5 0.791193 0.381313 0.031250 0.058081
2 0.073864 0.110480 0.052557 0.071970
10 0.866832 0.275884 0.029119 0.056818
21 0.169389 0.668561 0.029119 0.051768
11 0.213068 0.592803 0.031250 0.064394
11 0.639205 0.083333 0.036932 0.075758