1 0.680043 0.616793 0.034801 0.061869
4 0.282670 0.654672 0.035511 0.056818
26 0.899148 0.755682 0.035511 0.061869
7 0.587713 0.917298 0.033381 0.061869
6 0.825639 0.275884 0.081676 0.137626
19 0.711648 0.163510 0.035511 0.061869
10 0.127131 0.698232 0.032670 0.065657
2 0.931108 0.525253 0.062500 0.085859
14 0.959162 0.707071 0.029119 0.047980
8 0.231534 0.614899 0.049716 0.085859
0 0.585938 0.824495 0.032670 0.055556
18 0.354403 0.738636 0.038352 0.058081
24 0.552557 0.213384 0.034091 0.058081
5 0.622514 0.406566 0.026278 0.050505
28 0.304688 0.325126 0.068182 0.082071
3 0.952060 0.121843 0.066051 0.087121
17 0.329190 0.438131 0.068892 0.085859
20 0.794389 0.417298 0.033381 0.059343
15 0.549006 0.484848 0.024148 0.047980
22 0.289773 0.733586 0.032670 0.058081
16 0.177557 0.500000 0.032670 0.058081
13 0.470881 0.628157 0.032670 0.059343
23 0.862571 0.521465 0.070312 0.085859
12 0.721236 0.878157 0.039062 0.079545