7 0.377131 0.863636 0.056818 0.098485
14 0.979048 0.114899 0.026278 0.053030
20 0.787642 0.621843 0.031250 0.061869
28 0.921875 0.826389 0.062500 0.074495
3 0.774858 0.727904 0.069602 0.092172
9 0.037287 0.335859 0.034801 0.070707
12 0.485085 0.311237 0.026989 0.049242
17 0.444957 0.101010 0.041903 0.063131
28 0.595881 0.203914 0.078125 0.092172
24 0.082031 0.779672 0.034801 0.061869
7 0.504972 0.417929 0.046875 0.080808
11 0.070312 0.955177 0.032670 0.066919
24 0.717685 0.904672 0.029119 0.051768
10 0.702770 0.098485 0.033381 0.065657
18 0.264915 0.092803 0.036932 0.064394
16 0.702415 0.534722 0.079545 0.099747
25 0.513494 0.741793 0.028409 0.049242
21 0.371449 0.611111 0.036932 0.065657
23 0.841619 0.055556 0.036932 0.063131
7 0.214489 0.555556 0.055398 0.095960
14 0.187145 0.775884 0.024858 0.049242
15 0.324574 0.609848 0.028409 0.050505
25 0.302202 0.354798 0.040483 0.070707
12 0.947443 0.313763 0.032670 0.059343