15 0.694247 0.769571 0.034801 0.061869
16 0.732244 0.308081 0.028409 0.050505
21 0.912287 0.432449 0.029119 0.051768
15 0.408381 0.099747 0.029830 0.053030
27 0.725852 0.665404 0.035511 0.063131
20 0.599077 0.407197 0.033381 0.059343
8 0.477983 0.267677 0.032670 0.058081
19 0.638494 0.579545 0.031250 0.055556
3 0.679688 0.568182 0.031250 0.055556
5 0.229759 0.836490 0.033381 0.059343
12 0.779830 0.738636 0.029830 0.053030
0 0.845526 0.875631 0.037642 0.066919
27 0.143111 0.450126 0.037642 0.066919
4 0.676847 0.087121 0.039773 0.070707