26 0.836648 0.726641 0.068182 0.082071
16 0.019176 0.329545 0.038352 0.058081
1 0.367543 0.638258 0.034801 0.061869
0 0.288352 0.530303 0.032670 0.055556
13 0.192472 0.964646 0.024148 0.047980
18 0.461293 0.782197 0.033381 0.059343
3 0.077770 0.500631 0.066051 0.087121
7 0.503196 0.506944 0.031960 0.061869
20 0.353693 0.140152 0.032670 0.058081
11 0.563920 0.568813 0.032670 0.059343
4 0.370028 0.056187 0.035511 0.056818
15 0.685724 0.875000 0.068892 0.085859
27 0.066051 0.916667 0.068182 0.080808
5 0.907315 0.150884 0.033381 0.061869
6 0.220881 0.164141 0.049716 0.085859