24 0.519531 0.255682 0.026278 0.046717
0 0.636009 0.296086 0.034801 0.059343
23 0.358665 0.104798 0.031250 0.053030
15 0.080966 0.873737 0.036932 0.065657
23 0.951349 0.063131 0.040483 0.068182
7 0.595526 0.429924 0.040483 0.069444
28 0.932173 0.150253 0.057528 0.068182
24 0.735795 0.315657 0.034091 0.060606
21 0.433949 0.082071 0.031250 0.055556
6 0.454190 0.883207 0.289062 0.112374
2 0.938210 0.847222 0.055398 0.075758
7 0.032315 0.128788 0.058949 0.101010
28 0.966619 0.941288 0.065341 0.077020
26 0.684304 0.695076 0.036222 0.064394
24 0.844815 0.721591 0.026278 0.046717
0 0.092685 0.702020 0.034801 0.058081
25 0.560369 0.193813 0.034091 0.059343
7 0.263494 0.278409 0.039773 0.069444
3 0.177202 0.639520 0.053267 0.069444
24 0.760298 0.581439 0.029119 0.051768
12 0.700284 0.927399 0.028409 0.051768
27 0.102273 0.191288 0.068182 0.082071
19 0.707741 0.067551 0.039062 0.069444