7 0.692116 0.356692 0.033381 0.061869
27 0.814986 0.452652 0.033381 0.059343
6 0.221236 0.769571 0.081676 0.137626
17 0.044389 0.238636 0.068892 0.085859
21 0.511719 0.704545 0.034801 0.068182
1 0.037287 0.106692 0.034801 0.061869
9 0.528764 0.051136 0.031960 0.061869
5 0.107599 0.518939 0.026278 0.050505
11 0.304332 0.648359 0.031960 0.061869
20 0.480469 0.835227 0.033381 0.059343
14 0.933594 0.568182 0.029119 0.047980
2 0.784091 0.364899 0.062500 0.085859
4 0.286222 0.341540 0.035511 0.056818
12 0.441406 0.143308 0.039062 0.079545
15 0.585227 0.738636 0.024148 0.047980
19 0.519886 0.274621 0.035511 0.061869
16 0.678977 0.186869 0.032670 0.058081
29 0.758523 0.801768 0.068182 0.080808
25 0.018466 0.498737 0.032670 0.058081
3 0.194957 0.630682 0.066051 0.087121
28 0.036932 0.371843 0.068182 0.082071
23 0.619673 0.880051 0.070312 0.085859
10 0.969460 0.085859 0.032670 0.065657
18 0.230114 0.082071 0.038352 0.058081
0 0.125000 0.097222 0.032670 0.055556
8 0.490767 0.925505 0.049716 0.085859
22 0.568182 0.219697 0.032670 0.058081
26 0.281960 0.216540 0.035511 0.061869