2 0.294389 0.428030 0.060369 0.083333
16 0.960582 0.709596 0.054688 0.068182
22 0.218395 0.328283 0.056108 0.068182
4 0.204190 0.551136 0.039062 0.061869
5 0.405895 0.150884 0.031960 0.059343
4 0.542969 0.879419 0.041903 0.066919
21 0.890625 0.946970 0.034091 0.060606
23 0.377486 0.609217 0.034801 0.059343
21 0.915838 0.457702 0.036222 0.064394
18 0.607955 0.950126 0.041193 0.071970
8 0.328125 0.510101 0.029830 0.058081
24 0.768821 0.871843 0.033381 0.059343
26 0.694247 0.091540 0.030540 0.054293
17 0.189986 0.468434 0.039062 0.058081
18 0.247514 0.655303 0.036222 0.063131
25 0.439631 0.105429 0.034091 0.059343
4 0.205611 0.619949 0.034801 0.055556
19 0.055398 0.912879 0.029830 0.053030
2 0.727273 0.547348 0.061080 0.084596
28 0.781605 0.954545 0.064631 0.075758
7 0.799716 0.685606 0.058239 0.101010
24 0.587358 0.775253 0.028409 0.050505
5 0.475852 0.301136 0.036932 0.069444
12 0.500355 0.773990 0.030540 0.055556
5 0.302202 0.791667 0.037642 0.070707
22 0.861151 0.403409 0.071733 0.087121
18 0.513494 0.374369 0.035511 0.061869