17 0.423651 0.885732 0.037642 0.056818
3 0.291548 0.468434 0.074574 0.098485
20 0.502486 0.474747 0.033381 0.065657
17 0.509233 0.111111 0.045455 0.068182
27 0.914418 0.726010 0.054688 0.065657
19 0.616122 0.970328 0.030540 0.054293
28 0.730824 0.484848 0.059659 0.070707
4 0.683949 0.947601 0.034091 0.054293
19 0.644176 0.377525 0.038352 0.068182
27 0.259943 0.775884 0.079545 0.094697
0 0.300426 0.282828 0.032670 0.055556
19 0.391690 0.260732 0.034801 0.061869
7 0.622869 0.800505 0.049716 0.085859
21 0.165483 0.191919 0.038352 0.068182
8 0.446378 0.668561 0.031960 0.061869
13 0.948864 0.075758 0.034091 0.055556
12 0.105824 0.815657 0.029830 0.053030
19 0.350852 0.871212 0.032670 0.058081
14 0.286577 0.649621 0.026278 0.051768
7 0.177557 0.655934 0.046875 0.082071
25 0.031605 0.657828 0.033381 0.058081
8 0.155895 0.481692 0.034801 0.066919
28 0.151278 0.112374 0.072443 0.085859
19 0.715909 0.832071 0.026989 0.047980
11 0.915483 0.385101 0.036932 0.075758