27 0.791193 0.293561 0.076705 0.092172
2 0.611506 0.809343 0.072443 0.098485
26 0.368253 0.763258 0.036222 0.064394
14 0.100852 0.084596 0.024148 0.047980
17 0.493253 0.247475 0.041903 0.063131
6 0.493963 0.345328 0.321733 0.125000
24 0.381747 0.580177 0.027699 0.049242
3 0.199929 0.404040 0.064631 0.085859
15 0.846591 0.941919 0.032670 0.058081
20 0.458097 0.759470 0.038352 0.074495
2 0.285511 0.535354 0.051136 0.070707
25 0.067116 0.931818 0.034801 0.060606
10 0.803977 0.512626 0.035511 0.068182
2 0.265980 0.041667 0.060369 0.083333
0 0.938565 0.610480 0.031960 0.054293
27 0.072443 0.258207 0.058239 0.069444