3 0.862571 0.620581 0.073153 0.097222
26 0.021662 0.110480 0.030540 0.054293
26 0.665838 0.126894 0.026278 0.046717
1 0.902699 0.036616 0.035511 0.063131
27 0.798295 0.330177 0.072443 0.087121
12 0.312855 0.720960 0.039062 0.070707
17 0.663352 0.188763 0.045455 0.069444
9 0.246449 0.532828 0.029830 0.060606
2 0.101207 0.666035 0.073153 0.099747
18 0.098722 0.496843 0.029830 0.051768
28 0.072088 0.833333 0.066051 0.078283
28 0.229759 0.280303 0.070312 0.083333
17 0.170810 0.794192 0.040483 0.060606
14 0.060014 0.974747 0.024858 0.050505
27 0.753196 0.577020 0.067472 0.080808
17 0.139915 0.251894 0.032670 0.049242
19 0.929332 0.211490 0.030540 0.054293
27 0.836293 0.844066 0.077415 0.092172