28 0.579901 0.516414 0.066051 0.078283
7 0.794744 0.619949 0.045455 0.078283
24 0.746094 0.071338 0.033381 0.059343
22 0.775923 0.780934 0.063210 0.077020
5 0.727983 0.424242 0.029830 0.055556
5 0.806108 0.406566 0.035511 0.065657
8 0.903409 0.499369 0.036932 0.071970
22 0.852273 0.666667 0.062500 0.075758
10 0.448864 0.112374 0.031250 0.060606
2 0.487216 0.195076 0.065341 0.089646
26 0.846236 0.121843 0.031960 0.056818
13 0.961648 0.191919 0.032670 0.053030
27 0.669389 0.176136 0.060369 0.071970
18 0.287997 0.561869 0.030540 0.053030
20 0.164418 0.936869 0.037642 0.073232
0 0.437855 0.874369 0.031960 0.054293
5 0.175426 0.608586 0.032670 0.060606
23 0.618608 0.205808 0.032670 0.055556
1 0.558594 0.759470 0.034801 0.061869
5 0.595881 0.430556 0.034091 0.063131
8 0.337713 0.729167 0.034801 0.066919
27 0.445312 0.309975 0.071023 0.084596
0 0.241832 0.452020 0.039062 0.065657
21 0.266335 0.753788 0.038352 0.068182
9 0.919034 0.247475 0.028409 0.058081
4 0.117543 0.899621 0.040483 0.064394
14 0.051847 0.956439 0.025568 0.051768
15 0.879972 0.345960 0.034091 0.060606