10 0.617898 0.917929 0.026989 0.053030
19 0.065341 0.222222 0.039773 0.070707
15 0.226918 0.383207 0.037642 0.066919
15 0.744318 0.478535 0.038352 0.068182
23 0.609730 0.359217 0.029119 0.049242
22 0.654474 0.622475 0.060369 0.073232
4 0.878196 0.864268 0.037642 0.059343
1 0.439276 0.714015 0.030540 0.054293
4 0.142756 0.214646 0.038352 0.060606
18 0.150923 0.558081 0.037642 0.065657
14 0.807884 0.351641 0.026278 0.051768
4 0.150213 0.662247 0.029119 0.046717
25 0.287642 0.469697 0.032670 0.058081
8 0.288707 0.282197 0.030540 0.059343
22 0.648438 0.457071 0.068182 0.083333
22 0.333097 0.092172 0.075284 0.090909
5 0.022372 0.294823 0.039062 0.071970
26 0.210227 0.938131 0.029830 0.053030
11 0.584162 0.487374 0.043324 0.088384
1 0.346591 0.492424 0.035511 0.063131
25 0.822798 0.964646 0.031960 0.055556