13 0.796875 0.042298 0.031250 0.051768
9 0.600852 0.949495 0.032670 0.065657
23 0.769531 0.453914 0.031960 0.054293
26 0.175426 0.126263 0.039773 0.070707
25 0.817116 0.657828 0.036222 0.063131
6 0.531605 0.551136 0.304688 0.117424
5 0.048651 0.058712 0.031960 0.059343
22 0.728693 0.087121 0.068182 0.083333
5 0.342330 0.101010 0.032670 0.060606
23 0.297230 0.871843 0.029119 0.049242
23 0.655895 0.193813 0.030540 0.051768
12 0.178267 0.777146 0.026989 0.049242
26 0.766690 0.660985 0.030540 0.054293
7 0.613281 0.061237 0.049006 0.084596
15 0.722656 0.840278 0.027699 0.049242
5 0.118253 0.437500 0.031960 0.059343
11 0.899503 0.085227 0.037642 0.077020
16 0.931108 0.399621 0.068182 0.084596
8 0.592685 0.448864 0.034801 0.066919
3 0.616477 0.362374 0.071023 0.093434
13 0.784091 0.284091 0.031250 0.050505
7 0.926491 0.800505 0.046165 0.080808
26 0.813210 0.401515 0.032670 0.058081
21 0.848366 0.788510 0.026278 0.046717
10 0.366122 0.652146 0.031960 0.061869
7 0.291548 0.518308 0.051847 0.089646
2 0.938565 0.571970 0.054688 0.075758