26 0.177557 0.085227 0.068182 0.082071
27 0.259233 0.910354 0.068182 0.080808
9 0.584162 0.639520 0.031960 0.061869
19 0.932173 0.803030 0.034801 0.068182
14 0.057528 0.460859 0.032670 0.058081
2 0.294034 0.282828 0.062500 0.085859
1 0.373224 0.352904 0.034801 0.061869
13 0.314631 0.604798 0.024148 0.047980
25 0.528764 0.791035 0.033381 0.059343
6 0.071023 0.155303 0.049716 0.085859
12 0.634588 0.565657 0.029119 0.047980
5 0.493253 0.068813 0.033381 0.061869
0 0.894886 0.530303 0.032670 0.055556
3 0.230469 0.741793 0.066051 0.087121
15 0.136009 0.416667 0.068892 0.085859
16 0.656960 0.308081 0.038352 0.058081
11 0.243608 0.506944 0.032670 0.059343
18 0.800071 0.577652 0.033381 0.059343
7 0.694957 0.051136 0.031960 0.061869
24 0.107244 0.698864 0.035511 0.061869
10 0.617543 0.320076 0.039062 0.079545
4 0.318182 0.893308 0.035511 0.056818
23 0.223722 0.827020 0.032670 0.058081
20 0.250000 0.082071 0.032670 0.058081
8 0.654830 0.488636 0.032670 0.065657
22 0.308949 0.082071 0.034091 0.058081
21 0.055043 0.320707 0.070312 0.085859
17 0.540483 0.409722 0.035511 0.061869