10 0.701349 0.946338 0.039062 0.079545
26 0.936790 0.094066 0.068182 0.082071
24 0.697443 0.594066 0.035511 0.061869
9 0.449929 0.616793 0.031960 0.061869
23 0.307528 0.796717 0.032670 0.058081
21 0.435014 0.799242 0.070312 0.085859
14 0.709517 0.443182 0.032670 0.058081
7 0.829901 0.918561 0.031960 0.061869
19 0.263139 0.698232 0.034801 0.068182
17 0.311080 0.467803 0.035511 0.061869
1 0.634588 0.955177 0.034801 0.061869
8 0.415483 0.273990 0.032670 0.065657
27 0.409091 0.959596 0.068182 0.080808
15 0.927202 0.622475 0.068892 0.085859
5 0.722656 0.667298 0.033381 0.061869
3 0.309304 0.871843 0.066051 0.087121
16 0.730114 0.262626 0.038352 0.058081
20 0.399858 0.040404 0.032670 0.058081
6 0.441051 0.127525 0.049716 0.085859
18 0.200639 0.429924 0.033381 0.059343
25 0.091974 0.409722 0.033381 0.059343
12 0.111861 0.297980 0.029119 0.047980
2 0.581676 0.780303 0.062500 0.085859
13 0.468750 0.031566 0.024148 0.047980
11 0.148438 0.191288 0.032670 0.059343
22 0.500000 0.690657 0.034091 0.058081