10 0.136364 0.434343 0.032670 0.065657
17 0.414418 0.724747 0.068892 0.085859
4 0.301847 0.394571 0.035511 0.056818
29 0.239347 0.828283 0.068182 0.080808
22 0.163352 0.270202 0.032670 0.058081
7 0.854759 0.900884 0.033381 0.061869
9 0.587713 0.534722 0.031960 0.061869
5 0.223366 0.558081 0.026278 0.050505
21 0.437145 0.851010 0.034801 0.068182
16 0.102273 0.273990 0.032670 0.058081
12 0.956321 0.534722 0.039062 0.079545
13 0.465909 0.769571 0.032670 0.059343
3 0.765980 0.489268 0.066051 0.087121
26 0.296875 0.739268 0.035511 0.061869
18 0.092330 0.806818 0.038352 0.058081
27 0.358310 0.509470 0.033381 0.059343
25 0.862926 0.815657 0.032670 0.058081
24 0.181818 0.157828 0.034091 0.058081
6 0.579901 0.320076 0.081676 0.137626