14 0.572088 0.303030 0.027699 0.055556
12 0.163707 0.618687 0.036222 0.065657
19 0.703835 0.444444 0.038352 0.068182
20 0.188920 0.143939 0.038352 0.075758
21 0.296875 0.946970 0.031250 0.055556
5 0.528764 0.426136 0.029119 0.054293
0 0.389205 0.724747 0.038352 0.065657
24 0.032670 0.619949 0.029830 0.053030
23 0.460227 0.461490 0.039773 0.066919
25 0.168324 0.393308 0.039773 0.069444
18 0.906250 0.246843 0.032670 0.056818
10 0.067827 0.696970 0.026278 0.050505
0 0.325284 0.422348 0.036932 0.061869
8 0.946378 0.584596 0.037642 0.073232
3 0.952770 0.051768 0.056108 0.073232
18 0.782670 0.881944 0.032670 0.056818
27 0.833452 0.064394 0.067472 0.080808
25 0.159801 0.889520 0.028409 0.049242
9 0.860085 0.484217 0.029830 0.059343
18 0.874645 0.358586 0.036222 0.063131
7 0.454901 0.883207 0.044744 0.077020
17 0.658026 0.066288 0.040483 0.061869
19 0.235440 0.878157 0.036222 0.064394
13 0.494673 0.712753 0.026278 0.044192
11 0.294034 0.504419 0.034091 0.069444
2 0.327770 0.233586 0.073153 0.101010
14 0.326705 0.770202 0.026989 0.053030
9 0.947798 0.258838 0.029119 0.058081