13 0.264205 0.676136 0.032670 0.059343
23 0.307173 0.585859 0.070312 0.085859
19 0.806108 0.863005 0.035511 0.061869
21 0.787287 0.486111 0.034801 0.068182
8 0.440341 0.936869 0.049716 0.085859
28 0.600142 0.601641 0.068182 0.082071
9 0.454901 0.383207 0.031960 0.061869
7 0.625355 0.677399 0.033381 0.061869
20 0.041548 0.235480 0.033381 0.059343
10 0.625000 0.823232 0.032670 0.065657
29 0.172585 0.348485 0.068182 0.080808
22 0.333807 0.492424 0.032670 0.058081
24 0.566051 0.146465 0.034091 0.058081
11 0.607599 0.179924 0.031960 0.061869
1 0.116122 0.919823 0.034801 0.061869