24 0.491832 0.440025 0.027699 0.049242
25 0.026278 0.284722 0.035511 0.061869
16 0.264205 0.664773 0.078125 0.097222
11 0.656250 0.348485 0.036932 0.075758
3 0.390270 0.857323 0.063210 0.083333
15 0.194247 0.436237 0.034801 0.061869
23 0.809659 0.723485 0.034091 0.058081
22 0.867898 0.544192 0.071023 0.085859
21 0.335582 0.106692 0.036222 0.064394
12 0.737571 0.337121 0.029119 0.053030
26 0.439631 0.794192 0.026989 0.047980
8 0.394886 0.248737 0.031250 0.060606
20 0.071378 0.318182 0.036222 0.070707
8 0.203835 0.662879 0.026989 0.053030
10 0.678977 0.184343 0.032670 0.063131
28 0.473722 0.703283 0.055398 0.065657
10 0.434659 0.561869 0.028409 0.055556
13 0.814986 0.159091 0.031960 0.053030
25 0.778764 0.589015 0.037642 0.064394