3 0.879616 0.662247 0.066051 0.087121
10 0.523438 0.876263 0.032670 0.065657
8 0.969460 0.612374 0.049716 0.085859
21 0.182173 0.313131 0.034801 0.068182
0 0.119318 0.070707 0.032670 0.055556
15 0.772727 0.241162 0.024148 0.047980
22 0.151989 0.172980 0.032670 0.058081
14 0.638139 0.220960 0.029119 0.047980
25 0.976562 0.728535 0.032670 0.058081
1 0.957741 0.438763 0.034801 0.061869
6 0.532315 0.738005 0.081676 0.137626
4 0.879972 0.577652 0.035511 0.056818
24 0.769886 0.103535 0.034091 0.058081
2 0.434659 0.234848 0.062500 0.085859
29 0.683949 0.349747 0.068182 0.080808
26 0.253551 0.364268 0.035511 0.061869
28 0.443892 0.577652 0.068182 0.082071
18 0.908381 0.944444 0.038352 0.058081
7 0.731179 0.135732 0.033381 0.061869
13 0.333097 0.628157 0.032670 0.059343