3 0.424006 0.873106 0.063920 0.084596
27 0.357955 0.243056 0.066761 0.079545
5 0.753906 0.904672 0.031960 0.059343
8 0.771662 0.562500 0.036222 0.069444
10 0.937855 0.949495 0.036222 0.070707
6 0.511009 0.693813 0.281960 0.109848
27 0.869318 0.320707 0.069602 0.083333
23 0.028054 0.912247 0.030540 0.051768
2 0.042614 0.589015 0.052557 0.071970
19 0.450284 0.435606 0.034091 0.060606
11 0.497869 0.289141 0.031250 0.063131
5 0.606179 0.035985 0.036222 0.066919
10 0.198864 0.166035 0.032670 0.064394
3 0.771662 0.210227 0.060369 0.079545
12 0.447443 0.540404 0.035511 0.065657
7 0.489702 0.392045 0.041903 0.071970
21 0.231534 0.112374 0.029830 0.053030
18 0.952770 0.522727 0.036222 0.063131
23 0.129616 0.041035 0.037642 0.064394
13 0.375710 0.048611 0.032670 0.054293
8 0.923295 0.340909 0.031250 0.060606
4 0.287642 0.198232 0.041193 0.065657
0 0.724432 0.806818 0.028409 0.047980
7 0.083452 0.683081 0.040483 0.070707
11 0.191761 0.854798 0.031250 0.063131