27 0.924716 0.465278 0.076705 0.092172
26 0.342685 0.846591 0.027699 0.049242
15 0.694957 0.797348 0.034801 0.061869
10 0.622159 0.165404 0.025568 0.050505
28 0.664418 0.670455 0.081676 0.095960
25 0.771307 0.110480 0.031250 0.054293
12 0.421520 0.083333 0.030540 0.055556
23 0.593395 0.366793 0.036222 0.061869
3 0.554332 0.702020 0.070312 0.093434
2 0.808239 0.375631 0.052557 0.071970
0 0.765270 0.503157 0.027699 0.046717
26 0.766690 0.664773 0.037642 0.066919
19 0.672585 0.334596 0.028409 0.050505
16 0.236151 0.270202 0.081676 0.101010
1 0.947798 0.801136 0.037642 0.066919
15 0.482955 0.310606 0.031250 0.055556