28 0.409801 0.041035 0.068182 0.082071
5 0.624645 0.205808 0.026278 0.050505
24 0.533381 0.848485 0.034091 0.058081
12 0.932884 0.288510 0.039062 0.079545
14 0.983310 0.369949 0.029119 0.047980
22 0.622159 0.491162 0.032670 0.058081
25 0.696733 0.296717 0.032670 0.058081
2 0.817472 0.717172 0.062500 0.085859
17 0.869673 0.896465 0.068892 0.085859
1 0.890980 0.321338 0.034801 0.061869
9 0.611151 0.042298 0.031960 0.061869
29 0.463068 0.864899 0.068182 0.080808
3 0.043679 0.140783 0.066051 0.087121
21 0.366122 0.681818 0.034801 0.068182
10 0.072443 0.577020 0.032670 0.065657
7 0.386009 0.114268 0.033381 0.061869
6 0.188565 0.549874 0.081676 0.137626
15 0.091619 0.741162 0.024148 0.047980
27 0.100497 0.164773 0.033381 0.059343
8 0.272727 0.455808 0.049716 0.085859
26 0.325994 0.929924 0.035511 0.061869
20 0.101207 0.080177 0.033381 0.059343
16 0.076705 0.684343 0.032670 0.058081
4 0.673295 0.611742 0.035511 0.056818
18 0.030540 0.952020 0.038352 0.058081
0 0.774858 0.949495 0.032670 0.055556
11 0.417259 0.360480 0.031960 0.061869