16 0.507812 0.773990 0.038352 0.058081
12 0.567116 0.508838 0.029119 0.047980
26 0.524858 0.577652 0.068182 0.082071
14 0.218040 0.353535 0.032670 0.058081
25 0.447088 0.808712 0.033381 0.059343
3 0.336293 0.909722 0.066051 0.087121
0 0.921165 0.720960 0.032670 0.055556
13 0.960227 0.121212 0.024148 0.047980
19 0.972656 0.513889 0.034801 0.068182
11 0.771307 0.159722 0.032670 0.059343
5 0.158736 0.722854 0.033381 0.061869
23 0.019176 0.364899 0.032670 0.058081
2 0.800426 0.877525 0.062500 0.085859
15 0.948509 0.868687 0.068892 0.085859
4 0.293324 0.354167 0.035511 0.056818
9 0.641690 0.952652 0.031960 0.061869
18 0.484020 0.458965 0.033381 0.059343
24 0.908381 0.544823 0.035511 0.061869