2 0.049006 0.761364 0.062500 0.085859
8 0.411222 0.404040 0.032670 0.065657
6 0.471591 0.811869 0.049716 0.085859
7 0.034446 0.669823 0.031960 0.061869
13 0.122869 0.832071 0.024148 0.047980
1 0.855469 0.465278 0.034801 0.061869
24 0.518466 0.034722 0.035511 0.061869
17 0.696733 0.609217 0.035511 0.061869
16 0.525568 0.729798 0.038352 0.058081
27 0.575994 0.272727 0.068182 0.080808
15 0.206321 0.818182 0.068892 0.085859
4 0.602273 0.717803 0.035511 0.056818
23 0.892045 0.503788 0.032670 0.058081
5 0.118253 0.053662 0.033381 0.061869
11 0.816761 0.155934 0.032670 0.059343
21 0.457741 0.696970 0.070312 0.085859