27 0.323509 0.210227 0.074574 0.089646
22 0.340909 0.532197 0.062500 0.077020
18 0.349077 0.420455 0.034801 0.060606
24 0.960227 0.409091 0.029830 0.053030
10 0.967330 0.693182 0.032670 0.063131
1 0.501776 0.490530 0.034801 0.061869
19 0.166548 0.873106 0.034801 0.061869
19 0.918324 0.544192 0.029830 0.053030
9 0.831676 0.120581 0.031250 0.061869
10 0.763849 0.501894 0.027699 0.054293
3 0.877131 0.742424 0.078125 0.103535
11 0.068892 0.710859 0.036932 0.075758
9 0.682884 0.458333 0.030540 0.060606
7 0.766335 0.936869 0.058239 0.101010
2 0.570312 0.715909 0.056818 0.078283
1 0.280895 0.818813 0.037642 0.066919