16 0.926491 0.861742 0.071733 0.089646
5 0.938920 0.481061 0.028409 0.053030
11 0.776634 0.282197 0.041903 0.084596
16 0.109730 0.645202 0.064631 0.080808
16 0.760653 0.840909 0.075284 0.093434
7 0.681818 0.224747 0.051136 0.088384
1 0.531605 0.726641 0.033381 0.059343
4 0.829901 0.402146 0.039062 0.061869
11 0.467330 0.446970 0.045455 0.093434
10 0.115767 0.168561 0.028409 0.054293
24 0.046875 0.357323 0.036932 0.065657
4 0.156960 0.886995 0.032670 0.051768
25 0.310724 0.839646 0.036222 0.063131
1 0.873935 0.059975 0.033381 0.059343
27 0.678977 0.533460 0.066761 0.079545
2 0.274148 0.744949 0.073864 0.101010
15 0.572443 0.396465 0.034091 0.060606
24 0.559304 0.634470 0.026278 0.046717