4 0.523438 0.221591 0.035511 0.056818
2 0.227983 0.369949 0.062500 0.085859
24 0.941761 0.392677 0.034091 0.058081
17 0.705611 0.419192 0.068892 0.085859
25 0.685369 0.646465 0.032670 0.058081
10 0.970170 0.556818 0.032670 0.065657
20 0.790838 0.426136 0.033381 0.059343
16 0.799716 0.502525 0.032670 0.058081
15 0.439631 0.931818 0.024148 0.047980
18 0.658381 0.506313 0.038352 0.058081
13 0.776989 0.893308 0.032670 0.059343
28 0.058949 0.861742 0.068182 0.082071
29 0.334517 0.174242 0.068182 0.080808
26 0.910511 0.578914 0.035511 0.061869
14 0.218395 0.119949 0.029119 0.047980
11 0.584872 0.886995 0.031960 0.061869
7 0.576349 0.034722 0.033381 0.061869
0 0.416903 0.357323 0.032670 0.055556
9 0.937145 0.488005 0.031960 0.061869
6 0.910866 0.767045 0.081676 0.137626
21 0.599787 0.316919 0.034801 0.068182
5 0.779474 0.290404 0.026278 0.050505