3 0.660511 0.748737 0.065341 0.085859
10 0.967685 0.215278 0.029119 0.056818
19 0.617543 0.378157 0.031960 0.056818
4 0.459517 0.320076 0.031250 0.049242
27 0.157315 0.719066 0.073153 0.087121
12 0.653054 0.970960 0.027699 0.050505
21 0.557884 0.061237 0.037642 0.066919
8 0.032315 0.614268 0.030540 0.059343
21 0.951705 0.946970 0.031250 0.055556
27 0.302912 0.854798 0.071733 0.085859
21 0.901989 0.148990 0.038352 0.068182
18 0.068892 0.874369 0.028409 0.049242
25 0.493963 0.477273 0.034801 0.060606
14 0.341619 0.109217 0.022727 0.044192
8 0.046165 0.482955 0.031250 0.059343
18 0.861151 0.729798 0.029119 0.050505
28 0.381392 0.735480 0.079545 0.094697
5 0.982244 0.282828 0.034091 0.063131
6 0.763139 0.627525 0.311790 0.121212