14 0.682884 0.810606 0.029119 0.047980
21 0.922940 0.202020 0.034801 0.068182
19 0.759943 0.596591 0.035511 0.061869
28 0.122159 0.383207 0.068182 0.082071
0 0.375710 0.366162 0.032670 0.055556
27 0.933594 0.542298 0.033381 0.059343
4 0.618608 0.852904 0.035511 0.056818
20 0.591264 0.118056 0.033381 0.059343
9 0.473366 0.548611 0.031960 0.061869
13 0.953125 0.918561 0.032670 0.059343
11 0.124645 0.888258 0.031960 0.061869
5 0.460582 0.916667 0.026278 0.050505
6 0.358310 0.489268 0.081676 0.137626
10 0.225142 0.178030 0.032670 0.065657
12 0.273793 0.220328 0.039062 0.079545
26 0.294034 0.750631 0.035511 0.061869
16 0.269176 0.309343 0.032670 0.058081
7 0.226207 0.535985 0.033381 0.061869
25 0.328125 0.219697 0.032670 0.058081
2 0.079545 0.130051 0.062500 0.085859
8 0.546875 0.059343 0.049716 0.085859
17 0.342685 0.952020 0.068892 0.085859
29 0.899858 0.380051 0.068182 0.080808
24 0.737926 0.343434 0.034091 0.058081
18 0.770597 0.938131 0.038352 0.058081
15 0.017045 0.962121 0.024148 0.047980
3 0.612571 0.381944 0.066051 0.087121