14 0.048295 0.698232 0.032670 0.058081
26 0.731534 0.274621 0.068182 0.082071
7 0.084162 0.083965 0.031960 0.061869
21 0.196378 0.801768 0.070312 0.085859
17 0.553977 0.648359 0.035511 0.061869
0 0.158381 0.181818 0.032670 0.055556
27 0.229403 0.640152 0.068182 0.080808
11 0.725142 0.460227 0.032670 0.059343
13 0.637074 0.669192 0.024148 0.047980
20 0.018466 0.830808 0.032670 0.058081
5 0.345526 0.388258 0.033381 0.061869
3 0.860440 0.208965 0.066051 0.087121
6 0.669034 0.069444 0.049716 0.085859
2 0.851562 0.455808 0.062500 0.085859
23 0.169034 0.486111 0.032670 0.058081
24 0.593040 0.210227 0.035511 0.061869
1 0.797940 0.402146 0.034801 0.061869
9 0.861861 0.571338 0.031960 0.061869
19 0.120384 0.851010 0.034801 0.068182
25 0.836293 0.735480 0.033381 0.059343
16 0.443892 0.907828 0.038352 0.058081
8 0.048295 0.534091 0.032670 0.065657
10 0.966264 0.844066 0.039062 0.079545
18 0.460582 0.466540 0.033381 0.059343