16 0.604403 0.404040 0.038352 0.058081
9 0.202060 0.697601 0.031960 0.061869
12 0.949219 0.577020 0.029119 0.047980
0 0.837358 0.236111 0.032670 0.055556
21 0.192827 0.229798 0.070312 0.085859
17 0.173295 0.952652 0.035511 0.061869
27 0.719460 0.467172 0.068182 0.080808
6 0.643466 0.162879 0.049716 0.085859
11 0.247159 0.865530 0.032670 0.059343
13 0.085938 0.651515 0.024148 0.047980
14 0.680398 0.957071 0.032670 0.058081
7 0.081321 0.519571 0.031960 0.061869
23 0.479403 0.666667 0.032670 0.058081
18 0.686435 0.702652 0.033381 0.059343
3 0.494673 0.066288 0.066051 0.087121
26 0.776278 0.280934 0.068182 0.082071
24 0.380682 0.674874 0.035511 0.061869
20 0.502841 0.594697 0.032670 0.058081
10 0.844815 0.892045 0.039062 0.079545
19 0.485440 0.910354 0.034801 0.068182
2 0.676847 0.819444 0.062500 0.085859
15 0.627486 0.564394 0.068892 0.085859
25 0.358310 0.035985 0.033381 0.059343
22 0.591619 0.756313 0.034091 0.058081
4 0.956676 0.893308 0.035511 0.056818
8 0.711648 0.273990 0.032670 0.065657
5 0.754616 0.090278 0.033381 0.061869
1 0.877486 0.543561 0.034801 0.061869