6 0.453835 0.794192 0.274148 0.106061
23 0.626776 0.510101 0.037642 0.063131
26 0.556818 0.213384 0.026989 0.047980
13 0.650213 0.046717 0.026278 0.042929
17 0.090554 0.367424 0.043324 0.065657
17 0.584872 0.712121 0.036222 0.055556
22 0.614702 0.411616 0.061790 0.075758
4 0.763849 0.328283 0.033381 0.053030
20 0.178622 0.136995 0.031960 0.061869
19 0.066051 0.549242 0.032670 0.058081
13 0.927202 0.195707 0.024858 0.040404
6 0.468395 0.087753 0.277699 0.107323
9 0.627131 0.216540 0.038352 0.077020
9 0.860440 0.838384 0.026278 0.053030
8 0.386009 0.652146 0.029119 0.056818
16 0.692827 0.857955 0.061790 0.077020
17 0.248935 0.696338 0.037642 0.056818
4 0.084517 0.284722 0.038352 0.061869
4 0.422230 0.431187 0.040483 0.064394
12 0.284446 0.849747 0.031960 0.058081
15 0.881747 0.639520 0.034801 0.061869
20 0.606534 0.336490 0.034091 0.066919
9 0.197088 0.217172 0.036222 0.073232
22 0.634588 0.944444 0.061790 0.075758
28 0.294744 0.605429 0.079545 0.094697
11 0.713778 0.171717 0.036932 0.075758
3 0.145952 0.642677 0.077415 0.101010