13 0.387074 0.270833 0.026989 0.044192
26 0.693182 0.929293 0.026989 0.047980
1 0.952415 0.834596 0.036932 0.065657
19 0.246804 0.754419 0.030540 0.054293
10 0.732955 0.967803 0.025568 0.049242
4 0.519531 0.913510 0.040483 0.064394
6 0.768821 0.187500 0.392756 0.152778
0 0.380327 0.390783 0.033381 0.056818
23 0.786222 0.632576 0.032670 0.055556
18 0.088778 0.765783 0.032670 0.056818
15 0.653054 0.758207 0.036222 0.064394
24 0.626065 0.448864 0.033381 0.059343
20 0.114347 0.594066 0.031250 0.061869
10 0.348011 0.565025 0.025568 0.049242
17 0.061080 0.614268 0.042614 0.064394
3 0.965554 0.053662 0.054688 0.071970
22 0.587003 0.061237 0.073153 0.089646
14 0.225142 0.932449 0.028409 0.056818
20 0.610085 0.873737 0.036932 0.073232
25 0.713423 0.069444 0.030540 0.053030
1 0.393111 0.797348 0.036222 0.064394