4 0.511719 0.741793 0.030540 0.049242
5 0.541903 0.421717 0.032670 0.060606
16 0.285866 0.493687 0.068892 0.085859
24 0.861506 0.492424 0.031250 0.055556
14 0.025568 0.952020 0.021307 0.042929
27 0.216974 0.327020 0.075994 0.090909
11 0.064276 0.695707 0.036222 0.073232
20 0.368608 0.544192 0.035511 0.070707
2 0.105824 0.780934 0.051136 0.069444
21 0.307884 0.610480 0.033381 0.059343
25 0.589489 0.639520 0.038352 0.066919
22 0.941406 0.440025 0.073153 0.089646
20 0.378551 0.420455 0.038352 0.075758
28 0.297585 0.744949 0.058239 0.068182
2 0.462003 0.563131 0.067472 0.093434
22 0.681463 0.556187 0.080256 0.097222
19 0.206321 0.214015 0.037642 0.066919
3 0.318537 0.046086 0.054688 0.071970
26 0.213423 0.525884 0.039062 0.069444
10 0.094815 0.279672 0.026278 0.051768
27 0.447798 0.368687 0.064631 0.078283
8 0.486506 0.145202 0.029830 0.058081
4 0.568892 0.936237 0.036932 0.059343
13 0.269886 0.577652 0.025568 0.041667
9 0.636009 0.835859 0.030540 0.060606