18 0.592330 0.222222 0.038352 0.058081
19 0.353693 0.395833 0.035511 0.061869
4 0.407670 0.162247 0.035511 0.056818
0 0.644176 0.324495 0.032670 0.055556
27 0.029474 0.082702 0.033381 0.059343
29 0.281960 0.575758 0.068182 0.080808
15 0.075994 0.707071 0.024148 0.047980
16 0.533381 0.046717 0.032670 0.058081
21 0.211293 0.805556 0.034801 0.068182
26 0.491477 0.354167 0.035511 0.061869
11 0.552202 0.517045 0.031960 0.061869
22 0.051847 0.239899 0.032670 0.058081
12 0.744673 0.417298 0.039062 0.079545
20 0.953480 0.527146 0.033381 0.059343
23 0.217685 0.270202 0.070312 0.085859
3 0.371094 0.614268 0.066051 0.087121
8 0.420455 0.305556 0.049716 0.085859
24 0.959517 0.146465 0.034091 0.058081
13 0.063210 0.539773 0.032670 0.059343
10 0.104403 0.178030 0.032670 0.065657
2 0.655540 0.816919 0.062500 0.085859
9 0.672230 0.721591 0.031960 0.061869
28 0.589489 0.698864 0.068182 0.082071
7 0.236861 0.482955 0.033381 0.061869
17 0.942827 0.957071 0.068892 0.085859
6 0.415128 0.774621 0.081676 0.137626