14 0.933239 0.717172 0.032670 0.058081
6 0.948864 0.892677 0.049716 0.085859
16 0.258523 0.094697 0.038352 0.058081
4 0.414773 0.544823 0.035511 0.056818
19 0.774503 0.281566 0.034801 0.068182
20 0.634943 0.854798 0.032670 0.058081
2 0.178267 0.747475 0.062500 0.085859
25 0.621804 0.480429 0.033381 0.059343
5 0.044389 0.462753 0.033381 0.061869
26 0.040483 0.816288 0.068182 0.082071
18 0.556463 0.767045 0.033381 0.059343
23 0.556108 0.422980 0.032670 0.058081
7 0.361151 0.431187 0.031960 0.061869
11 0.840909 0.861742 0.032670 0.059343
3 0.837003 0.698864 0.066051 0.087121
0 0.748580 0.805556 0.032670 0.055556
13 0.941051 0.402778 0.024148 0.047980
27 0.695312 0.248737 0.068182 0.080808
10 0.222656 0.562500 0.039062 0.079545
12 0.086293 0.133838 0.029119 0.047980
8 0.906960 0.479798 0.032670 0.065657
15 0.396662 0.064394 0.068892 0.085859
21 0.679332 0.426768 0.070312 0.085859
9 0.341264 0.174874 0.031960 0.061869
22 0.637074 0.733586 0.034091 0.058081
17 0.378551 0.304924 0.035511 0.061869
1 0.539418 0.883207 0.034801 0.061869