3 0.144886 0.729798 0.069602 0.090909
3 0.821023 0.206439 0.078125 0.102273
1 0.610085 0.736111 0.034091 0.060606
22 0.509588 0.585227 0.063210 0.077020
22 0.257102 0.755051 0.059659 0.073232
15 0.742543 0.937500 0.034801 0.061869
9 0.296520 0.455808 0.037642 0.075758
22 0.962358 0.742424 0.068182 0.083333
27 0.456676 0.710227 0.068182 0.082071
20 0.064986 0.752525 0.037642 0.073232
28 0.390980 0.183081 0.066051 0.078283
18 0.454545 0.552399 0.038352 0.066919
5 0.838423 0.048611 0.039062 0.071970
25 0.543324 0.721591 0.035511 0.061869
16 0.104403 0.061237 0.062500 0.077020
9 0.628906 0.345960 0.037642 0.075758
27 0.965909 0.581439 0.059659 0.071970
18 0.814631 0.680556 0.028409 0.050505
17 0.076349 0.484848 0.043324 0.065657
21 0.729403 0.137626 0.026989 0.047980
8 0.916193 0.510101 0.031250 0.060606
23 0.172230 0.854798 0.036222 0.060606
26 0.709872 0.389520 0.037642 0.066919
22 0.247159 0.936237 0.069602 0.084596
21 0.689276 0.577652 0.033381 0.059343
2 0.822088 0.842172 0.051847 0.070707
25 0.433949 0.048611 0.034091 0.059343
1 0.039418 0.077652 0.040483 0.071970