24 0.499290 0.379419 0.035511 0.061869
4 0.416903 0.845328 0.035511 0.056818
27 0.362216 0.603535 0.068182 0.080808
2 0.216619 0.424242 0.062500 0.085859
22 0.716619 0.209596 0.034091 0.058081
17 0.218040 0.818813 0.035511 0.061869
8 0.783381 0.862374 0.032670 0.065657
19 0.319247 0.193182 0.034801 0.068182
21 0.062145 0.638889 0.070312 0.085859
23 0.659091 0.244949 0.032670 0.058081
9 0.633878 0.530934 0.031960 0.061869
6 0.331676 0.806818 0.049716 0.085859
16 0.892045 0.551768 0.038352 0.058081
5 0.812855 0.683712 0.033381 0.061869
13 0.012074 0.181818 0.024148 0.047980
15 0.661577 0.377525 0.068892 0.085859
25 0.402344 0.076389 0.033381 0.059343
18 0.404474 0.774621 0.033381 0.059343
11 0.583807 0.532197 0.032670 0.059343
0 0.856534 0.474747 0.032670 0.055556
26 0.154830 0.297348 0.068182 0.082071
10 0.764560 0.119318 0.039062 0.079545