16 0.579901 0.190025 0.061790 0.077020
14 0.492188 0.729798 0.022727 0.045455
1 0.660156 0.142045 0.031960 0.056818
2 0.263494 0.660985 0.069602 0.094697
18 0.091619 0.217803 0.038352 0.066919
5 0.029474 0.797348 0.031960 0.059343
15 0.763139 0.169823 0.036222 0.064394
22 0.240767 0.524621 0.056818 0.069444
28 0.077415 0.640152 0.079545 0.093434
19 0.747159 0.868687 0.032670 0.058081
15 0.210938 0.204545 0.031250 0.055556
19 0.417259 0.464015 0.029119 0.051768
20 0.034091 0.220328 0.035511 0.069444
9 0.965909 0.163510 0.029830 0.059343
23 0.479048 0.247475 0.037642 0.063131
7 0.188210 0.919192 0.044034 0.075758
12 0.974787 0.880051 0.029119 0.053030
5 0.687500 0.803030 0.032670 0.060606
3 0.387784 0.533460 0.058239 0.077020
17 0.150213 0.121843 0.030540 0.046717
3 0.811790 0.077020 0.059659 0.078283
2 0.912997 0.873737 0.060369 0.083333
20 0.632102 0.231692 0.035511 0.069444
12 0.783381 0.914773 0.038352 0.069444
7 0.307173 0.272096 0.054688 0.094697
20 0.844815 0.469066 0.040483 0.079545
12 0.643821 0.655303 0.033381 0.060606
19 0.580256 0.515152 0.028409 0.050505