14 0.603338 0.272727 0.029119 0.047980
12 0.424361 0.654672 0.039062 0.079545
18 0.235795 0.425505 0.038352 0.058081
23 0.145952 0.174242 0.070312 0.085859
16 0.614347 0.122475 0.032670 0.058081
29 0.926847 0.837121 0.068182 0.080808
2 0.610085 0.492424 0.062500 0.085859
19 0.710938 0.285985 0.035511 0.061869
20 0.037287 0.970328 0.033381 0.059343
26 0.696023 0.673611 0.035511 0.061869
21 0.895952 0.656566 0.034801 0.068182
27 0.949219 0.181187 0.033381 0.059343
17 0.339844 0.645202 0.068892 0.085859
28 0.668324 0.937500 0.068182 0.082071
8 0.811080 0.401515 0.049716 0.085859
9 0.082031 0.919823 0.031960 0.061869
13 0.519886 0.885732 0.032670 0.059343
6 0.898082 0.438763 0.081676 0.137626
11 0.263139 0.037247 0.031960 0.061869
15 0.025568 0.893939 0.024148 0.047980
24 0.480114 0.590909 0.034091 0.058081
4 0.244318 0.299874 0.035511 0.056818
25 0.720881 0.794192 0.032670 0.058081
5 0.243963 0.505051 0.026278 0.050505
7 0.775213 0.587753 0.033381 0.061869
0 0.154119 0.085859 0.032670 0.055556
3 0.626776 0.629419 0.066051 0.087121
1 0.908026 0.923611 0.034801 0.061869