20 0.750710 0.308081 0.041193 0.080808
10 0.089844 0.918561 0.036222 0.069444
19 0.798295 0.655303 0.036932 0.065657
9 0.602983 0.518939 0.035511 0.070707
14 0.219460 0.097854 0.026989 0.054293
15 0.916903 0.266414 0.036932 0.065657
5 0.087713 0.708333 0.039062 0.073232
17 0.817472 0.244318 0.031250 0.046717
10 0.419744 0.790404 0.035511 0.068182
21 0.058239 0.359848 0.029830 0.053030
19 0.468040 0.800505 0.038352 0.068182
15 0.523793 0.090278 0.034801 0.061869
25 0.455611 0.559343 0.031960 0.055556
19 0.374290 0.303030 0.028409 0.050505
18 0.338068 0.913510 0.038352 0.066919
10 0.970170 0.727904 0.036932 0.071970
13 0.400923 0.659722 0.023438 0.039141
19 0.526989 0.420455 0.031250 0.055556
5 0.880682 0.145202 0.031250 0.058081
12 0.849787 0.450758 0.031960 0.058081
17 0.036222 0.074495 0.038352 0.058081
0 0.684304 0.812500 0.027699 0.046717
10 0.383878 0.590278 0.029119 0.056818
12 0.670455 0.264520 0.029830 0.054293
7 0.516335 0.312500 0.058239 0.099747
10 0.314986 0.327020 0.036222 0.070707
21 0.682884 0.717803 0.030540 0.054293
16 0.290838 0.419823 0.080256 0.099747