8 0.079901 0.713384 0.027699 0.053030
26 0.253906 0.222854 0.039062 0.069444
18 0.556108 0.203914 0.036932 0.064394
5 0.057173 0.251894 0.036222 0.066919
18 0.827060 0.320707 0.041903 0.073232
3 0.589489 0.484848 0.075284 0.098485
10 0.259943 0.691288 0.034091 0.066919
12 0.542614 0.109217 0.031250 0.056818
17 0.090554 0.044192 0.041903 0.063131
11 0.878906 0.281566 0.033381 0.068182
9 0.563565 0.808712 0.030540 0.061869
6 0.462713 0.686869 0.294744 0.113636
20 0.426847 0.250631 0.032670 0.064394
9 0.420455 0.356692 0.038352 0.077020
23 0.705966 0.896465 0.029830 0.050505
5 0.335582 0.432449 0.034801 0.064394
23 0.045099 0.509470 0.031960 0.054293
17 0.151989 0.434975 0.039773 0.059343
22 0.888139 0.650253 0.060369 0.073232
10 0.208097 0.263889 0.029830 0.058081
2 0.506037 0.304293 0.073153 0.101010
24 0.230114 0.458333 0.028409 0.050505
15 0.983310 0.758207 0.033381 0.059343