8 0.688210 0.231061 0.049716 0.085859
28 0.639915 0.873106 0.068182 0.082071
0 0.756392 0.421717 0.032670 0.055556
3 0.939276 0.551136 0.066051 0.087121
9 0.859730 0.250631 0.031960 0.061869
14 0.732599 0.556818 0.029119 0.047980
13 0.122869 0.904672 0.032670 0.059343
24 0.596591 0.421717 0.034091 0.058081
26 0.250000 0.169823 0.035511 0.061869
11 0.157315 0.788510 0.031960 0.061869
15 0.084517 0.178030 0.024148 0.047980
7 0.620384 0.706439 0.033381 0.061869
27 0.911577 0.399621 0.033381 0.059343
5 0.131747 0.053030 0.026278 0.050505
29 0.468040 0.217172 0.068182 0.080808
22 0.439631 0.454545 0.032670 0.058081
18 0.594460 0.612374 0.038352 0.058081
17 0.278764 0.407828 0.068892 0.085859
19 0.351562 0.620581 0.035511 0.061869