18 0.110795 0.936869 0.038352 0.058081
17 0.157315 0.145202 0.068892 0.085859
20 0.574929 0.539773 0.033381 0.059343
1 0.753906 0.664773 0.034801 0.061869
12 0.042969 0.802399 0.039062 0.079545
24 0.335227 0.133838 0.034091 0.058081
10 0.683949 0.523990 0.032670 0.065657
5 0.060724 0.049242 0.026278 0.050505
29 0.093750 0.637626 0.068182 0.080808
15 0.726562 0.401515 0.024148 0.047980
11 0.952770 0.837753 0.031960 0.061869
27 0.565696 0.936237 0.033381 0.059343
22 0.872869 0.286616 0.032670 0.058081
14 0.614702 0.044192 0.029119 0.047980
6 0.830611 0.703914 0.081676 0.137626
2 0.285511 0.662879 0.062500 0.085859
8 0.754972 0.472222 0.049716 0.085859
28 0.954545 0.394571 0.068182 0.082071
25 0.536932 0.498737 0.032670 0.058081
21 0.584872 0.845960 0.034801 0.068182
19 0.594460 0.297348 0.035511 0.061869
16 0.370739 0.479798 0.032670 0.058081
26 0.973011 0.677399 0.035511 0.061869
23 0.751065 0.087121 0.070312 0.085859
0 0.436790 0.630051 0.032670 0.055556