17 0.877131 0.522096 0.035511 0.061869
9 0.592685 0.313763 0.031960 0.061869
2 0.816051 0.047980 0.062500 0.085859
11 0.462358 0.533460 0.032670 0.059343
12 0.552202 0.412879 0.029119 0.047980
3 0.890270 0.432449 0.066051 0.087121
6 0.656960 0.667929 0.049716 0.085859
15 0.175071 0.946970 0.068892 0.085859
16 0.686080 0.470960 0.038352 0.058081
18 0.425071 0.841540 0.033381 0.059343
13 0.752841 0.636364 0.024148 0.047980
23 0.867898 0.743687 0.032670 0.058081
27 0.372159 0.681818 0.068182 0.080808
21 0.944957 0.136364 0.070312 0.085859
4 0.706676 0.623106 0.035511 0.056818