21 0.883878 0.371212 0.034801 0.068182
24 0.603693 0.803030 0.034091 0.058081
1 0.108310 0.576389 0.034801 0.061869
16 0.653409 0.488636 0.032670 0.058081
29 0.121449 0.929293 0.068182 0.080808
14 0.763139 0.094697 0.029119 0.047980
10 0.129972 0.152778 0.032670 0.065657
20 0.473366 0.323864 0.033381 0.059343
19 0.049716 0.485480 0.035511 0.061869
9 0.072798 0.408460 0.031960 0.061869
6 0.204901 0.681187 0.081676 0.137626
25 0.969460 0.694444 0.032670 0.058081
26 0.890625 0.259470 0.035511 0.061869
3 0.290128 0.621843 0.066051 0.087121
0 0.961648 0.492424 0.032670 0.055556
5 0.333452 0.340909 0.026278 0.050505
27 0.261719 0.179924 0.033381 0.059343
28 0.961648 0.914773 0.068182 0.082071
2 0.142045 0.280303 0.062500 0.085859
4 0.974432 0.774621 0.035511 0.056818