4 0.087358 0.104167 0.035511 0.056818
2 0.454545 0.233586 0.062500 0.085859
29 0.579545 0.481061 0.068182 0.080808
25 0.275568 0.700758 0.032670 0.058081
6 0.270241 0.404672 0.081676 0.137626
24 0.043324 0.741162 0.034091 0.058081
5 0.875355 0.731061 0.026278 0.050505
10 0.319602 0.116162 0.032670 0.065657
15 0.411932 0.160354 0.024148 0.047980
13 0.388494 0.532197 0.032670 0.059343
21 0.582741 0.691919 0.034801 0.068182
11 0.933594 0.631944 0.031960 0.061869
19 0.331676 0.803662 0.035511 0.061869
20 0.915838 0.947601 0.033381 0.059343
9 0.640270 0.171086 0.031960 0.061869
17 0.222656 0.703283 0.068892 0.085859
3 0.471946 0.827652 0.066051 0.087121
18 0.075284 0.194444 0.038352 0.058081