25 0.705966 0.400884 0.041193 0.071970
1 0.610085 0.906566 0.038352 0.068182
26 0.746804 0.123106 0.027699 0.049242
22 0.074219 0.561869 0.056108 0.068182
4 0.029474 0.263258 0.029119 0.046717
9 0.137784 0.799242 0.034091 0.068182
14 0.958097 0.056187 0.025568 0.051768
20 0.024858 0.434975 0.028409 0.056818
25 0.100497 0.867424 0.031960 0.055556
8 0.239702 0.270202 0.027699 0.053030
17 0.021662 0.673611 0.039062 0.059343
15 0.764560 0.048611 0.033381 0.059343
4 0.337358 0.590909 0.038352 0.060606
14 0.924716 0.523359 0.028409 0.056818
18 0.383168 0.243687 0.041903 0.073232
25 0.484375 0.078914 0.035511 0.061869
19 0.527699 0.430556 0.038352 0.068182
12 0.431463 0.047980 0.037642 0.068182
9 0.335938 0.732955 0.025568 0.051768