14 0.561790 0.785354 0.032670 0.058081
27 0.277699 0.448232 0.068182 0.080808
18 0.094105 0.113005 0.033381 0.059343
5 0.165128 0.888258 0.033381 0.061869
1 0.819957 0.738005 0.034801 0.061869
3 0.915128 0.839015 0.066051 0.087121
9 0.374645 0.796086 0.031960 0.061869
15 0.205611 0.529040 0.068892 0.085859
22 0.634943 0.553030 0.034091 0.058081
23 0.796165 0.534091 0.032670 0.058081
2 0.337358 0.222222 0.062500 0.085859
12 0.515270 0.232323 0.029119 0.047980
8 0.860795 0.555556 0.032670 0.065657
17 0.222301 0.822601 0.035511 0.061869
16 0.960938 0.465909 0.038352 0.058081
6 0.595881 0.066919 0.049716 0.085859
26 0.546875 0.428662 0.068182 0.082071
21 0.893111 0.362374 0.070312 0.085859
11 0.637074 0.739268 0.032670 0.059343
24 0.977273 0.674874 0.035511 0.061869
19 0.712713 0.407828 0.034801 0.068182
10 0.490412 0.796086 0.039062 0.079545
4 0.153409 0.682449 0.035511 0.056818
7 0.122514 0.845328 0.031960 0.061869
13 0.529830 0.069444 0.024148 0.047980
20 0.673295 0.280303 0.032670 0.058081
0 0.530540 0.890152 0.032670 0.055556
25 0.074929 0.830177 0.033381 0.059343