20 0.300781 0.803662 0.039062 0.069444
7 0.624290 0.262626 0.026989 0.047980
9 0.691051 0.647727 0.029830 0.053030
9 0.207031 0.724116 0.030540 0.054293
28 0.821023 0.054293 0.028409 0.050505
5 0.955256 0.891414 0.028409 0.050505
28 0.184304 0.969066 0.033381 0.059343
29 0.681463 0.272096 0.031960 0.056818
28 0.442472 0.838384 0.028409 0.050505
2 0.417614 0.452020 0.038352 0.068182
11 0.547940 0.109217 0.031960 0.056818
19 0.559659 0.660354 0.034091 0.060606
1 0.526989 0.327020 0.029830 0.053030