11 0.935724 0.037247 0.031960 0.061869
7 0.457031 0.755682 0.033381 0.061869
9 0.336293 0.696338 0.031960 0.061869
22 0.705256 0.522727 0.032670 0.058081
13 0.130682 0.779672 0.032670 0.059343
16 0.773438 0.568182 0.032670 0.058081
0 0.189631 0.502525 0.032670 0.055556
29 0.457386 0.434343 0.068182 0.080808
27 0.901634 0.664773 0.033381 0.059343
20 0.212713 0.668561 0.033381 0.059343
23 0.126776 0.873737 0.070312 0.085859
24 0.810369 0.277778 0.034091 0.058081
26 0.448153 0.176136 0.035511 0.061869
15 0.750000 0.693182 0.024148 0.047980
28 0.685369 0.133207 0.068182 0.082071
2 0.878551 0.505051 0.062500 0.085859
21 0.544389 0.435606 0.034801 0.068182
10 0.089489 0.381313 0.032670 0.065657
12 0.696378 0.042298 0.039062 0.079545
17 0.592685 0.698232 0.068892 0.085859
1 0.515980 0.946338 0.034801 0.061869
14 0.234020 0.054293 0.029119 0.047980
3 0.891690 0.394571 0.066051 0.087121
19 0.578125 0.234217 0.035511 0.061869
6 0.760298 0.900884 0.081676 0.137626
4 0.754972 0.390783 0.035511 0.056818