18 0.585227 0.603535 0.038352 0.058081
0 0.721591 0.939394 0.032670 0.055556
27 0.640980 0.554924 0.033381 0.059343
6 0.163707 0.590278 0.081676 0.137626
3 0.148793 0.219066 0.066051 0.087121
15 0.964489 0.815657 0.024148 0.047980
1 0.028054 0.514520 0.034801 0.061869
20 0.939276 0.647096 0.033381 0.059343
28 0.332386 0.481692 0.068182 0.082071
13 0.397017 0.618056 0.032670 0.059343
25 0.875710 0.965909 0.032670 0.058081
24 0.205966 0.113636 0.034091 0.058081
5 0.238281 0.234848 0.026278 0.050505
4 0.700994 0.041035 0.035511 0.056818
14 0.596946 0.333333 0.029119 0.047980
7 0.748224 0.404672 0.033381 0.061869
23 0.329190 0.368687 0.070312 0.085859
16 0.492188 0.611111 0.032670 0.058081
21 0.258878 0.428030 0.034801 0.068182
19 0.953125 0.964015 0.035511 0.061869
29 0.080966 0.537879 0.068182 0.080808
22 0.862926 0.531566 0.032670 0.058081
11 0.914418 0.859217 0.031960 0.061869
12 0.606179 0.850379 0.039062 0.079545
17 0.825639 0.688131 0.068892 0.085859
2 0.032670 0.771465 0.062500 0.085859
9 0.761009 0.481692 0.031960 0.061869