8 0.215909 0.642677 0.049716 0.085859
14 0.824219 0.140152 0.029119 0.047980
6 0.545099 0.903409 0.081676 0.137626
15 0.794744 0.071970 0.024148 0.047980
7 0.796520 0.682449 0.033381 0.061869
3 0.555753 0.503157 0.066051 0.087121
11 0.126776 0.301136 0.031960 0.061869
4 0.262784 0.496843 0.035511 0.056818
25 0.138494 0.223485 0.032670 0.058081
10 0.639915 0.131313 0.032670 0.065657
12 0.626776 0.562500 0.039062 0.079545
18 0.702415 0.332071 0.038352 0.058081
23 0.153054 0.640152 0.070312 0.085859
24 0.294744 0.089646 0.034091 0.058081
27 0.387429 0.160985 0.033381 0.059343
20 0.459872 0.138258 0.033381 0.059343
5 0.230469 0.116162 0.026278 0.050505
29 0.562500 0.237374 0.068182 0.080808
0 0.711648 0.459596 0.032670 0.055556
28 0.212358 0.232955 0.068182 0.082071
9 0.035866 0.523359 0.031960 0.061869
26 0.863636 0.388258 0.035511 0.061869
16 0.901989 0.555556 0.032670 0.058081
1 0.134588 0.092803 0.034801 0.061869
13 0.709517 0.966540 0.032670 0.059343
2 0.813920 0.867424 0.062500 0.085859
19 0.606534 0.316288 0.035511 0.061869