15 0.099432 0.856061 0.024148 0.047980
6 0.378196 0.394571 0.081676 0.137626
0 0.843040 0.957071 0.032670 0.055556
9 0.390270 0.614268 0.031960 0.061869
27 0.431463 0.162247 0.033381 0.059343
21 0.602628 0.608586 0.034801 0.068182
14 0.175071 0.833333 0.029119 0.047980
26 0.156960 0.494318 0.035511 0.061869
18 0.914773 0.484848 0.038352 0.058081
1 0.339134 0.770833 0.034801 0.061869
17 0.537997 0.630051 0.068892 0.085859
12 0.767401 0.881944 0.039062 0.079545
13 0.537642 0.296086 0.032670 0.059343
20 0.425071 0.941288 0.033381 0.059343
16 0.120028 0.207071 0.032670 0.058081
22 0.676136 0.839646 0.032670 0.058081
24 0.289773 0.795455 0.034091 0.058081