4 0.342330 0.198232 0.041193 0.065657
12 0.556463 0.962121 0.033381 0.060606
8 0.770241 0.437500 0.029119 0.056818
16 0.115767 0.826389 0.073864 0.092172
15 0.851207 0.876894 0.027699 0.049242
5 0.097301 0.527778 0.028409 0.053030
10 0.678622 0.033460 0.030540 0.059343
14 0.281605 0.797980 0.019176 0.037879
21 0.392401 0.528409 0.033381 0.059343
28 0.598011 0.682449 0.073864 0.087121
24 0.945312 0.753788 0.028409 0.050505
20 0.952415 0.308081 0.029830 0.058081
9 0.809659 0.186869 0.029830 0.060606
15 0.906960 0.352273 0.038352 0.068182
6 0.834162 0.663510 0.316051 0.122475
5 0.077060 0.101641 0.027699 0.051768
17 0.548295 0.379419 0.042614 0.064394
12 0.107955 0.934975 0.035511 0.064394
4 0.750355 0.544192 0.034801 0.055556
27 0.832031 0.099747 0.054688 0.065657
14 0.958452 0.442551 0.024858 0.049242
26 0.912287 0.797348 0.036222 0.064394
14 0.460582 0.067551 0.027699 0.054293
28 0.567827 0.051136 0.068892 0.082071
19 0.837358 0.412879 0.026989 0.047980
21 0.638849 0.821338 0.034801 0.061869