15 0.562145 0.878788 0.068892 0.085859
1 0.487571 0.053662 0.034801 0.061869
0 0.277699 0.748737 0.032670 0.055556
7 0.247514 0.071338 0.031960 0.061869
27 0.877131 0.082071 0.068182 0.080808
26 0.085227 0.727904 0.068182 0.082071
18 0.333452 0.224116 0.033381 0.059343
10 0.830611 0.854167 0.039062 0.079545
6 0.691051 0.128788 0.049716 0.085859
25 0.145952 0.836490 0.033381 0.059343
5 0.195668 0.936237 0.033381 0.061869
11 0.568892 0.571338 0.032670 0.059343
2 0.159091 0.568182 0.062500 0.085859
3 0.630327 0.171086 0.066051 0.087121
20 0.866477 0.525253 0.032670 0.058081
24 0.938920 0.230429 0.035511 0.061869
22 0.465909 0.154040 0.034091 0.058081
17 0.903409 0.380682 0.035511 0.061869
16 0.331676 0.904040 0.038352 0.058081