20 0.055043 0.357955 0.031960 0.056818
1 0.408736 0.032197 0.036222 0.064394
13 0.198153 0.284091 0.039773 0.070707
22 0.713068 0.844697 0.029830 0.053030
23 0.138139 0.236742 0.037642 0.066919
7 0.362926 0.382576 0.028409 0.050505
6 0.641335 0.382576 0.026989 0.047980
22 0.848011 0.559343 0.035511 0.063131
11 0.855469 0.916035 0.029119 0.051768
23 0.692472 0.180556 0.032670 0.058081
10 0.974787 0.897096 0.030540 0.054293
19 0.806818 0.531566 0.034091 0.060606
10 0.097656 0.184975 0.034801 0.061869
0 0.444602 0.357323 0.036932 0.065657