9 0.491832 0.243056 0.031960 0.061869
20 0.799716 0.277778 0.032670 0.058081
12 0.947798 0.839646 0.029119 0.047980
4 0.193892 0.558712 0.035511 0.056818
23 0.107955 0.898990 0.032670 0.058081
17 0.851562 0.556187 0.035511 0.061869
0 0.709517 0.420455 0.032670 0.055556
18 0.184304 0.230429 0.033381 0.059343
21 0.317116 0.667929 0.070312 0.085859
27 0.391335 0.246212 0.068182 0.080808
10 0.452060 0.515783 0.039062 0.079545
8 0.083807 0.210859 0.032670 0.065657
19 0.676491 0.170455 0.034801 0.068182
3 0.303622 0.259470 0.066051 0.087121
24 0.344460 0.922348 0.035511 0.061869
7 0.663707 0.256944 0.031960 0.061869
16 0.201705 0.299242 0.038352 0.058081
14 0.032670 0.184343 0.032670 0.058081
6 0.902699 0.478535 0.049716 0.085859
1 0.900923 0.809975 0.034801 0.061869
5 0.690696 0.918561 0.033381 0.061869
11 0.911932 0.232955 0.032670 0.059343
15 0.106179 0.727273 0.068892 0.085859
22 0.809659 0.503788 0.034091 0.058081
2 0.425426 0.098485 0.062500 0.085859
25 0.916548 0.727904 0.033381 0.059343
13 0.771307 0.220960 0.024148 0.047980
26 0.318182 0.562500 0.068182 0.082071