3 0.104048 0.359217 0.066051 0.087121
13 0.726562 0.193182 0.024148 0.047980
27 0.671875 0.742424 0.068182 0.080808
25 0.713423 0.586490 0.033381 0.059343
23 0.606534 0.371212 0.032670 0.058081
22 0.129261 0.608586 0.034091 0.058081
15 0.547940 0.454545 0.068892 0.085859
12 0.670099 0.137626 0.029119 0.047980
8 0.382102 0.789141 0.032670 0.065657
2 0.313920 0.558081 0.062500 0.085859
4 0.455966 0.056187 0.035511 0.056818
26 0.237216 0.929924 0.068182 0.082071
9 0.908026 0.380682 0.031960 0.061869
19 0.240412 0.715909 0.034801 0.068182
11 0.517045 0.346591 0.032670 0.059343
10 0.400213 0.477904 0.039062 0.079545
24 0.555398 0.169823 0.035511 0.061869