4 0.566051 0.375631 0.035511 0.056818
16 0.245028 0.166667 0.038352 0.058081
13 0.772727 0.335859 0.024148 0.047980
11 0.235795 0.860480 0.032670 0.059343
19 0.606179 0.750000 0.034801 0.068182
9 0.852628 0.364268 0.031960 0.061869
14 0.757102 0.571970 0.032670 0.058081
25 0.069247 0.154672 0.033381 0.059343
15 0.137429 0.275253 0.068892 0.085859
20 0.919744 0.208333 0.032670 0.058081
2 0.536222 0.856061 0.062500 0.085859
6 0.324574 0.464646 0.049716 0.085859
21 0.302202 0.146465 0.070312 0.085859
27 0.635653 0.130051 0.068182 0.080808
5 0.904474 0.782197 0.033381 0.061869
0 0.796165 0.077020 0.032670 0.055556
1 0.378196 0.105429 0.034801 0.061869
7 0.763849 0.498106 0.031960 0.061869
26 0.293324 0.751894 0.068182 0.082071
12 0.925071 0.886364 0.029119 0.047980
24 0.134233 0.884470 0.035511 0.061869
3 0.288707 0.955177 0.066051 0.087121
10 0.346946 0.325126 0.039062 0.079545
22 0.943892 0.686869 0.034091 0.058081
17 0.198864 0.145833 0.035511 0.061869
8 0.143466 0.550505 0.032670 0.065657
23 0.867188 0.612374 0.032670 0.058081
18 0.849787 0.953914 0.033381 0.059343