16 0.656250 0.555556 0.038352 0.058081
9 0.937855 0.032197 0.031960 0.061869
1 0.924361 0.202652 0.034801 0.061869
13 0.595170 0.467172 0.024148 0.047980
3 0.248935 0.116793 0.066051 0.087121
19 0.513849 0.507576 0.034801 0.068182
2 0.111506 0.940657 0.062500 0.085859
12 0.229759 0.936869 0.029119 0.047980
27 0.389915 0.320707 0.068182 0.080808
0 0.219460 0.280303 0.032670 0.055556
10 0.579190 0.770833 0.039062 0.079545
25 0.111861 0.048611 0.033381 0.059343
17 0.559659 0.886995 0.035511 0.061869
8 0.110085 0.181818 0.032670 0.065657
24 0.865767 0.666035 0.035511 0.061869
14 0.308949 0.488636 0.032670 0.058081
23 0.075284 0.304293 0.032670 0.058081
21 0.126776 0.718434 0.070312 0.085859
22 0.264915 0.763889 0.034091 0.058081
5 0.778764 0.205177 0.033381 0.061869
11 0.757812 0.467803 0.032670 0.059343
20 0.345170 0.949495 0.032670 0.058081
26 0.775568 0.381944 0.068182 0.082071
4 0.747159 0.839015 0.035511 0.056818
7 0.408736 0.493056 0.031960 0.061869
15 0.960582 0.483586 0.068892 0.085859