8 0.180398 0.371212 0.032670 0.065657
22 0.808239 0.273990 0.034091 0.058081
1 0.399503 0.133207 0.034801 0.061869
21 0.767401 0.545455 0.070312 0.085859
10 0.317116 0.784722 0.039062 0.079545
18 0.123224 0.638258 0.033381 0.059343
14 0.777699 0.142677 0.032670 0.058081
24 0.395597 0.658460 0.035511 0.061869
7 0.430043 0.647096 0.031960 0.061869
6 0.135653 0.946970 0.049716 0.085859
17 0.029830 0.471591 0.035511 0.061869
26 0.296165 0.217803 0.068182 0.082071
13 0.517756 0.108586 0.024148 0.047980
0 0.031250 0.195707 0.032670 0.055556
25 0.596236 0.595328 0.033381 0.059343