13 0.367898 0.913510 0.032670 0.059343
7 0.871094 0.748106 0.033381 0.061869
5 0.349077 0.345960 0.026278 0.050505
17 0.091974 0.472222 0.068892 0.085859
26 0.690341 0.339015 0.035511 0.061869
20 0.556463 0.490530 0.033381 0.059343
23 0.454190 0.808081 0.070312 0.085859
6 0.904474 0.347854 0.081676 0.137626
27 0.254616 0.282197 0.033381 0.059343
21 0.966264 0.577020 0.034801 0.068182
25 0.209517 0.712121 0.032670 0.058081
11 0.746804 0.423611 0.031960 0.061869
10 0.207386 0.089646 0.032670 0.065657
18 0.092330 0.553030 0.038352 0.058081
22 0.572443 0.387626 0.032670 0.058081
24 0.970881 0.830808 0.034091 0.058081
8 0.678267 0.929293 0.049716 0.085859
4 0.102983 0.672348 0.035511 0.056818
1 0.268821 0.847854 0.034801 0.061869
12 0.076349 0.308712 0.039062 0.079545
15 0.035511 0.311869 0.024148 0.047980
0 0.517045 0.208333 0.032670 0.055556
2 0.844460 0.578283 0.062500 0.085859
9 0.412287 0.534722 0.031960 0.061869
14 0.045810 0.922980 0.029119 0.047980
29 0.487926 0.305556 0.068182 0.080808
28 0.272017 0.389520 0.068182 0.082071
3 0.460582 0.107955 0.066051 0.087121
16 0.639915 0.106061 0.032670 0.058081