1 0.863991 0.725379 0.034801 0.061869
18 0.482599 0.472854 0.033381 0.059343
7 0.176491 0.048611 0.031960 0.061869
14 0.196023 0.720960 0.032670 0.058081
6 0.247869 0.059343 0.049716 0.085859
10 0.285156 0.611742 0.039062 0.079545
0 0.024148 0.510101 0.032670 0.055556
2 0.728693 0.585859 0.062500 0.085859
4 0.154119 0.510732 0.035511 0.056818
22 0.043324 0.888889 0.034091 0.058081
5 0.689276 0.897096 0.033381 0.061869
17 0.960938 0.924874 0.035511 0.061869
8 0.840909 0.232323 0.032670 0.065657
11 0.637784 0.200126 0.032670 0.059343
12 0.242543 0.780303 0.029119 0.047980
13 0.848722 0.371212 0.024148 0.047980
9 0.676491 0.480429 0.031960 0.061869
23 0.213778 0.217172 0.032670 0.058081
26 0.808239 0.080177 0.068182 0.082071
19 0.409446 0.723485 0.034801 0.068182
3 0.160866 0.246843 0.066051 0.087121
15 0.170810 0.128788 0.068892 0.085859
24 0.260653 0.385732 0.035511 0.061869
20 0.488636 0.818182 0.032670 0.058081
25 0.094815 0.615530 0.033381 0.059343
16 0.416193 0.035354 0.038352 0.058081