7 0.039418 0.224116 0.033381 0.061869
11 0.740412 0.054924 0.031960 0.061869
9 0.079190 0.445076 0.031960 0.061869
29 0.542614 0.856061 0.068182 0.080808
8 0.357955 0.638889 0.049716 0.085859
0 0.860795 0.510101 0.032670 0.055556
13 0.941761 0.745581 0.032670 0.059343
20 0.667969 0.672348 0.033381 0.059343
1 0.477628 0.214015 0.034801 0.061869
26 0.644886 0.558712 0.035511 0.061869
16 0.594460 0.535354 0.032670 0.058081
19 0.272727 0.456439 0.035511 0.061869
6 0.883168 0.652146 0.081676 0.137626
3 0.602628 0.734217 0.066051 0.087121
18 0.342330 0.279040 0.038352 0.058081
23 0.076349 0.675505 0.070312 0.085859
21 0.536577 0.582071 0.034801 0.068182
22 0.198864 0.414141 0.032670 0.058081
24 0.286222 0.125000 0.034091 0.058081
27 0.307884 0.716540 0.033381 0.059343
15 0.583807 0.161616 0.024148 0.047980
12 0.523793 0.505682 0.039062 0.079545
17 0.043679 0.772727 0.068892 0.085859
4 0.719460 0.370581 0.035511 0.056818
28 0.740057 0.638258 0.068182 0.082071
10 0.240057 0.150253 0.032670 0.065657
2 0.257102 0.051768 0.062500 0.085859
25 0.134233 0.148990 0.032670 0.058081