13 0.196023 0.553662 0.032670 0.059343
7 0.152344 0.181187 0.033381 0.061869
11 0.555043 0.408460 0.031960 0.061869
18 0.166903 0.078283 0.038352 0.058081
17 0.635298 0.686869 0.068892 0.085859
4 0.435369 0.716540 0.035511 0.056818
16 0.467330 0.866162 0.032670 0.058081
29 0.656250 0.198232 0.068182 0.080808
5 0.162287 0.488636 0.026278 0.050505
20 0.962003 0.857955 0.033381 0.059343
2 0.742188 0.827020 0.062500 0.085859
9 0.849077 0.690025 0.031960 0.061869
0 0.794034 0.625000 0.032670 0.055556
3 0.591264 0.572601 0.066051 0.087121
22 0.918324 0.128788 0.032670 0.058081
6 0.119673 0.712753 0.081676 0.137626
21 0.199219 0.219697 0.034801 0.068182
10 0.739347 0.198232 0.032670 0.065657
25 0.531250 0.066919 0.032670 0.058081
19 0.245028 0.311237 0.035511 0.061869
12 0.336293 0.278409 0.039062 0.079545
27 0.610440 0.811237 0.033381 0.059343
26 0.033381 0.046086 0.035511 0.061869