8 0.421875 0.895202 0.049716 0.085859
14 0.899503 0.087121 0.029119 0.047980
6 0.863281 0.816288 0.081676 0.137626
12 0.821378 0.384470 0.039062 0.079545
28 0.813920 0.936237 0.068182 0.082071
4 0.504261 0.784722 0.035511 0.056818
20 0.704190 0.864268 0.033381 0.059343
15 0.899858 0.657828 0.024148 0.047980
7 0.150923 0.186237 0.033381 0.061869
1 0.154474 0.552399 0.034801 0.061869
21 0.452770 0.473485 0.034801 0.068182
0 0.644886 0.650253 0.032670 0.055556
5 0.737571 0.930556 0.026278 0.050505
17 0.639560 0.186869 0.068892 0.085859
10 0.549716 0.286616 0.032670 0.065657
24 0.327415 0.512626 0.034091 0.058081
18 0.342330 0.320707 0.038352 0.058081
27 0.109020 0.205177 0.033381 0.059343