10 0.895597 0.597222 0.032670 0.065657
15 0.162642 0.670455 0.024148 0.047980
24 0.855114 0.642677 0.034091 0.058081
7 0.745384 0.164773 0.033381 0.061869
4 0.031960 0.936237 0.035511 0.056818
19 0.315341 0.807449 0.035511 0.061869
6 0.708452 0.465278 0.081676 0.137626
27 0.136009 0.479167 0.033381 0.059343
2 0.286932 0.513889 0.062500 0.085859
8 0.466619 0.597222 0.049716 0.085859
16 0.677557 0.628788 0.032670 0.058081
28 0.626420 0.859217 0.068182 0.082071
26 0.641335 0.285985 0.035511 0.061869
12 0.555043 0.705177 0.039062 0.079545
14 0.703480 0.789141 0.029119 0.047980
20 0.222656 0.532197 0.033381 0.059343
18 0.619318 0.117424 0.038352 0.058081
3 0.153054 0.200126 0.066051 0.087121
21 0.504616 0.337121 0.034801 0.068182
22 0.152699 0.808081 0.032670 0.058081
5 0.825639 0.094697 0.026278 0.050505
17 0.902344 0.390152 0.068892 0.085859
0 0.227983 0.796717 0.032670 0.055556
1 0.286577 0.924874 0.034801 0.061869
25 0.227983 0.219697 0.032670 0.058081
9 0.132457 0.097854 0.031960 0.061869
13 0.352273 0.443813 0.032670 0.059343
11 0.449219 0.168561 0.031960 0.061869
29 0.213778 0.616162 0.068182 0.080808
23 0.466974 0.508838 0.070312 0.085859