9 0.610085 0.311237 0.036932 0.074495
19 0.090199 0.344697 0.036932 0.065657
9 0.337713 0.771465 0.027699 0.055556
26 0.839134 0.510732 0.034801 0.061869
1 0.965199 0.869949 0.036932 0.065657
11 0.922940 0.371212 0.031960 0.065657
22 0.040128 0.157828 0.057528 0.070707
3 0.751065 0.131944 0.070312 0.092172
10 0.218395 0.621843 0.031960 0.061869
6 0.328835 0.093434 0.299716 0.116162
16 0.065341 0.053030 0.061080 0.075758
8 0.320668 0.224116 0.034801 0.066919
0 0.270952 0.220328 0.030540 0.051768
22 0.889560 0.676136 0.071733 0.087121
9 0.758523 0.286616 0.034091 0.068182
27 0.122159 0.466540 0.068182 0.082071
15 0.318182 0.670455 0.029830 0.053030
6 0.743963 0.859217 0.381392 0.147727
28 0.502131 0.376894 0.069602 0.082071
25 0.098366 0.790404 0.036222 0.063131
25 0.846946 0.059343 0.030540 0.053030
20 0.528409 0.715909 0.039773 0.078283