7 0.647372 0.268308 0.033381 0.061869
25 0.338068 0.623737 0.032670 0.058081
21 0.497514 0.525253 0.034801 0.068182
5 0.270952 0.183081 0.026278 0.050505
11 0.888139 0.558712 0.031960 0.061869
6 0.694957 0.466540 0.081676 0.137626
8 0.963068 0.314394 0.049716 0.085859
26 0.498580 0.445076 0.035511 0.061869
24 0.888494 0.926768 0.034091 0.058081
20 0.778054 0.124369 0.033381 0.059343
28 0.377131 0.748106 0.068182 0.082071
29 0.693892 0.736111 0.068182 0.080808
15 0.200284 0.722222 0.024148 0.047980
19 0.327415 0.186237 0.035511 0.061869
14 0.215554 0.637626 0.029119 0.047980
23 0.137429 0.655303 0.070312 0.085859
2 0.515625 0.089646 0.062500 0.085859