26 0.921165 0.603535 0.031250 0.055556
28 0.828835 0.895833 0.069602 0.082071
9 0.352273 0.683081 0.035511 0.070707
28 0.320668 0.537879 0.066051 0.078283
7 0.823153 0.339646 0.046875 0.080808
2 0.339134 0.915404 0.058949 0.080808
15 0.245028 0.893939 0.035511 0.063131
1 0.953480 0.129419 0.039062 0.069444
11 0.431108 0.869949 0.031250 0.063131
0 0.806463 0.784722 0.036222 0.061869
25 0.937145 0.239899 0.033381 0.058081
15 0.780895 0.034722 0.037642 0.066919
3 0.759233 0.171717 0.066761 0.088384
12 0.305398 0.330177 0.038352 0.069444
4 0.406605 0.687500 0.029119 0.046717
26 0.890270 0.506944 0.037642 0.066919
24 0.501065 0.039773 0.036222 0.064394
12 0.349432 0.239268 0.025568 0.046717
7 0.787287 0.625631 0.050426 0.087121
27 0.397727 0.436237 0.076705 0.092172
20 0.588068 0.261995 0.029830 0.059343
9 0.584162 0.862374 0.036222 0.073232
24 0.601918 0.326389 0.031960 0.056818