8 0.769886 0.835859 0.025568 0.050505
13 0.445312 0.901515 0.034091 0.055556
13 0.236506 0.569444 0.022727 0.037879
11 0.589489 0.186237 0.036932 0.074495
26 0.357599 0.855429 0.037642 0.066919
25 0.940341 0.212753 0.031250 0.054293
6 0.357599 0.195076 0.368608 0.142677
20 0.977983 0.129419 0.034091 0.066919
4 0.305043 0.911616 0.037642 0.060606
19 0.848722 0.098485 0.031250 0.055556
6 0.600497 0.558081 0.391335 0.151515
24 0.285156 0.095328 0.030540 0.054293
3 0.284446 0.634470 0.060369 0.079545
9 0.904474 0.409722 0.036222 0.071970
19 0.773793 0.086490 0.037642 0.066919
19 0.195312 0.789141 0.034091 0.060606
20 0.544389 0.373106 0.037642 0.074495
1 0.244318 0.726010 0.031250 0.055556
15 0.296520 0.297348 0.030540 0.054293
12 0.054688 0.923611 0.029830 0.054293
26 0.882457 0.145833 0.033381 0.059343
12 0.339489 0.604167 0.032670 0.059343
9 0.634943 0.725379 0.026989 0.054293
11 0.335582 0.760101 0.043324 0.088384
10 0.083807 0.080808 0.031250 0.060606
15 0.180398 0.902778 0.026989 0.047980
21 0.545455 0.084596 0.032670 0.058081
13 0.263494 0.385101 0.031250 0.050505