15 0.328125 0.088384 0.024148 0.047980
13 0.612926 0.626894 0.032670 0.059343
18 0.458097 0.669192 0.038352 0.058081
12 0.953480 0.105429 0.039062 0.079545
25 0.921165 0.691919 0.032670 0.058081
23 0.814276 0.260101 0.070312 0.085859
20 0.949219 0.482955 0.033381 0.059343
17 0.511719 0.954545 0.068892 0.085859
5 0.243253 0.133838 0.026278 0.050505
7 0.883168 0.472854 0.033381 0.061869
21 0.349787 0.476010 0.034801 0.068182
11 0.093395 0.722854 0.031960 0.061869
9 0.436435 0.285985 0.031960 0.061869
27 0.856889 0.587753 0.033381 0.059343
0 0.916903 0.082071 0.032670 0.055556
16 0.809659 0.469697 0.032670 0.058081
22 0.640625 0.214646 0.032670 0.058081
10 0.642045 0.122475 0.032670 0.065657
29 0.291903 0.723485 0.068182 0.080808
28 0.845170 0.726641 0.068182 0.082071