14 0.904830 0.097222 0.032670 0.058081
12 0.702060 0.640152 0.029119 0.047980
27 0.861506 0.659091 0.068182 0.080808
18 0.305043 0.100379 0.033381 0.059343
4 0.283381 0.450126 0.035511 0.056818
16 0.450994 0.838384 0.038352 0.058081
8 0.120739 0.068182 0.032670 0.065657
5 0.599077 0.106692 0.033381 0.061869
1 0.473366 0.335227 0.034801 0.061869
9 0.961293 0.116793 0.031960 0.061869
7 0.018111 0.174874 0.031960 0.061869
20 0.208097 0.804293 0.032670 0.058081
17 0.502131 0.793561 0.035511 0.061869
19 0.805043 0.337121 0.034801 0.068182
21 0.263849 0.675505 0.070312 0.085859
15 0.088423 0.761364 0.068892 0.085859
2 0.541193 0.450758 0.062500 0.085859
23 0.950994 0.421717 0.032670 0.058081
11 0.155540 0.346591 0.032670 0.059343
6 0.298295 0.353535 0.049716 0.085859
13 0.979403 0.310606 0.024148 0.047980
25 0.310014 0.759470 0.033381 0.059343
3 0.069247 0.370581 0.066051 0.087121
22 0.237216 0.339646 0.034091 0.058081
26 0.578125 0.613005 0.068182 0.082071
0 0.515625 0.244949 0.032670 0.055556
10 0.917969 0.534722 0.039062 0.079545