16 0.298295 0.939394 0.038352 0.058081
15 0.052912 0.690657 0.068892 0.085859
3 0.420810 0.657197 0.066051 0.087121
0 0.916903 0.676768 0.032670 0.055556
8 0.465199 0.419192 0.032670 0.065657
13 0.900568 0.751263 0.024148 0.047980
12 0.160866 0.657828 0.029119 0.047980
23 0.115767 0.290404 0.032670 0.058081
26 0.865057 0.578914 0.068182 0.082071
1 0.466264 0.503157 0.034801 0.061869
27 0.524148 0.372475 0.068182 0.080808
9 0.488281 0.142045 0.031960 0.061869
6 0.860085 0.207071 0.049716 0.085859
22 0.795455 0.294192 0.034091 0.058081
18 0.192116 0.302399 0.033381 0.059343
19 0.719105 0.811869 0.034801 0.068182
5 0.275923 0.337753 0.033381 0.061869
25 0.344105 0.505682 0.033381 0.059343
21 0.112571 0.438131 0.070312 0.085859
7 0.071378 0.250631 0.031960 0.061869
17 0.278409 0.587753 0.035511 0.061869
4 0.595170 0.846591 0.035511 0.056818
20 0.742188 0.457071 0.032670 0.058081