25 0.103693 0.428662 0.031250 0.054293
28 0.638494 0.918561 0.079545 0.094697
4 0.211293 0.834596 0.036222 0.058081
10 0.756747 0.926768 0.027699 0.053030
5 0.781960 0.199495 0.029830 0.055556
9 0.828835 0.077652 0.038352 0.077020
7 0.115412 0.510732 0.046165 0.079545
21 0.472301 0.782828 0.031250 0.055556
14 0.055043 0.966540 0.027699 0.054293
6 0.311435 0.191288 0.399858 0.155303
0 0.966619 0.698232 0.032670 0.055556
3 0.567472 0.037879 0.055398 0.073232
20 0.278054 0.772096 0.039062 0.077020
2 0.620739 0.297348 0.071023 0.097222
26 0.281250 0.852273 0.038352 0.068182
26 0.778054 0.832702 0.031960 0.056818
5 0.507812 0.070707 0.039773 0.073232
22 0.710938 0.081439 0.062500 0.077020
17 0.331321 0.863636 0.041903 0.063131
1 0.940341 0.232323 0.032670 0.058081
12 0.865057 0.284722 0.026989 0.049242
14 0.197443 0.452652 0.022727 0.044192
20 0.596946 0.746212 0.040483 0.078283
13 0.031960 0.785985 0.024148 0.039141
25 0.115057 0.839015 0.035511 0.061869
22 0.216264 0.320076 0.075994 0.092172
24 0.511364 0.489899 0.034091 0.060606
2 0.648793 0.526515 0.057528 0.078283