10 0.692116 0.400884 0.036222 0.069444
1 0.544744 0.069444 0.039773 0.070707
23 0.072443 0.897727 0.036932 0.063131
28 0.230824 0.922348 0.078125 0.092172
1 0.797230 0.458965 0.031960 0.056818
26 0.572088 0.565025 0.033381 0.059343
6 0.329901 0.083965 0.347301 0.135101
24 0.834517 0.547980 0.026989 0.047980
1 0.059659 0.598485 0.028409 0.050505
16 0.550071 0.202020 0.073153 0.090909
11 0.860085 0.940025 0.042614 0.087121
18 0.413352 0.586490 0.036932 0.064394
21 0.150213 0.735480 0.030540 0.054293
0 0.365412 0.446970 0.034801 0.058081
3 0.763849 0.098485 0.070312 0.093434
0 0.750000 0.684975 0.025568 0.044192
5 0.571378 0.785985 0.030540 0.056818
3 0.360795 0.768939 0.059659 0.078283
24 0.331321 0.601641 0.037642 0.066919
23 0.144176 0.372475 0.039773 0.068182
1 0.974787 0.606692 0.029119 0.051768