25 0.291903 0.073232 0.032670 0.058081
7 0.745384 0.219066 0.033381 0.061869
0 0.411932 0.891414 0.032670 0.055556
8 0.706676 0.385101 0.049716 0.085859
12 0.273082 0.870581 0.039062 0.079545
28 0.340199 0.631944 0.068182 0.082071
11 0.811435 0.355429 0.031960 0.061869
26 0.208097 0.538510 0.035511 0.061869
20 0.476207 0.128157 0.033381 0.059343
10 0.457386 0.205808 0.032670 0.065657
22 0.236506 0.684343 0.032670 0.058081
24 0.904119 0.108586 0.034091 0.058081
29 0.171875 0.444444 0.068182 0.080808
21 0.971946 0.109848 0.034801 0.068182
13 0.411932 0.731692 0.032670 0.059343
9 0.257457 0.294823 0.031960 0.061869
23 0.476207 0.891414 0.070312 0.085859
1 0.279474 0.517045 0.034801 0.061869
15 0.594460 0.669192 0.024148 0.047980
4 0.953125 0.279672 0.035511 0.056818
16 0.649858 0.665404 0.032670 0.058081
5 0.510298 0.703283 0.026278 0.050505
2 0.085938 0.289141 0.062500 0.085859
19 0.053267 0.802399 0.035511 0.061869
14 0.701349 0.316919 0.029119 0.047980
18 0.858665 0.858586 0.038352 0.058081
27 0.819247 0.570076 0.033381 0.059343
17 0.566406 0.531566 0.068892 0.085859
3 0.562855 0.738005 0.066051 0.087121