6 0.056463 0.687500 0.081676 0.137626
9 0.509588 0.071338 0.031960 0.061869
21 0.885298 0.458333 0.034801 0.068182
14 0.609730 0.349747 0.029119 0.047980
19 0.902699 0.260732 0.035511 0.061869
23 0.559304 0.780303 0.070312 0.085859
25 0.633523 0.039141 0.032670 0.058081
13 0.964489 0.583965 0.032670 0.059343
12 0.491122 0.304924 0.039062 0.079545
11 0.287287 0.725379 0.031960 0.061869
28 0.085227 0.419823 0.068182 0.082071
20 0.778764 0.173611 0.033381 0.059343
16 0.762074 0.065657 0.032670 0.058081
2 0.582386 0.949495 0.062500 0.085859
7 0.908736 0.125631 0.033381 0.061869
10 0.495028 0.676768 0.032670 0.065657
8 0.808949 0.296717 0.049716 0.085859
5 0.350497 0.934343 0.026278 0.050505
26 0.942472 0.783460 0.035511 0.061869