18 0.256747 0.105429 0.033381 0.059343
1 0.435014 0.928662 0.034801 0.061869
4 0.240057 0.904672 0.035511 0.056818
5 0.378196 0.296086 0.033381 0.061869
13 0.522727 0.287879 0.024148 0.047980
10 0.454190 0.403409 0.039062 0.079545
23 0.833807 0.314394 0.032670 0.058081
9 0.949219 0.352904 0.031960 0.061869
6 0.568182 0.720960 0.049716 0.085859
0 0.018466 0.645202 0.032670 0.055556
14 0.801136 0.224747 0.032670 0.058081
3 0.084162 0.703914 0.066051 0.087121
7 0.770241 0.450126 0.031960 0.061869
26 0.776989 0.296086 0.068182 0.082071
19 0.839134 0.924242 0.034801 0.068182
21 0.295099 0.353535 0.070312 0.085859
12 0.018111 0.397727 0.029119 0.047980
16 0.050426 0.791667 0.038352 0.058081
17 0.205966 0.158460 0.035511 0.061869
27 0.639205 0.159091 0.068182 0.080808