0 0.049716 0.893939 0.032670 0.055556
2 0.865057 0.916667 0.062500 0.085859
6 0.390980 0.899621 0.081676 0.137626
21 0.167259 0.544192 0.034801 0.068182
24 0.642756 0.738636 0.034091 0.058081
28 0.254972 0.350379 0.068182 0.082071
11 0.889560 0.600379 0.031960 0.061869
17 0.304332 0.196970 0.068892 0.085859
13 0.556818 0.784722 0.032670 0.059343
7 0.855469 0.649621 0.033381 0.061869
27 0.091264 0.615530 0.033381 0.059343
22 0.538352 0.621212 0.032670 0.058081
3 0.822798 0.326389 0.066051 0.087121
4 0.660511 0.573864 0.035511 0.056818
19 0.772017 0.918561 0.035511 0.061869
20 0.560014 0.056187 0.033381 0.059343
29 0.759943 0.494949 0.068182 0.080808
25 0.911222 0.051768 0.032670 0.058081
26 0.879972 0.272096 0.035511 0.061869
18 0.229403 0.694444 0.038352 0.058081
1 0.209872 0.203914 0.034801 0.061869
9 0.087713 0.405934 0.031960 0.061869
14 0.966264 0.776515 0.029119 0.047980
16 0.724432 0.722222 0.032670 0.058081
23 0.730469 0.281566 0.070312 0.085859