15 0.927912 0.409091 0.068892 0.085859
0 0.196733 0.500000 0.032670 0.055556
7 0.858310 0.541035 0.031960 0.061869
13 0.266335 0.362374 0.024148 0.047980
17 0.750000 0.400884 0.035511 0.061869
22 0.154830 0.628788 0.034091 0.058081
16 0.300426 0.396465 0.038352 0.058081
8 0.730114 0.953283 0.032670 0.065657
4 0.621449 0.788510 0.035511 0.056818
21 0.935014 0.087121 0.070312 0.085859
24 0.779830 0.038510 0.035511 0.061869
3 0.422940 0.806187 0.066051 0.087121
6 0.036222 0.537879 0.049716 0.085859
14 0.258523 0.758838 0.032670 0.058081
25 0.476207 0.549874 0.033381 0.059343
5 0.081321 0.251894 0.033381 0.061869
1 0.583452 0.902146 0.034801 0.061869
20 0.215199 0.215909 0.032670 0.058081
23 0.443892 0.941919 0.032670 0.058081
26 0.828835 0.707702 0.068182 0.082071
19 0.777344 0.815657 0.034801 0.068182
11 0.664062 0.679924 0.032670 0.059343