24 0.032315 0.554924 0.031960 0.056818
3 0.844460 0.827020 0.055398 0.073232
14 0.822798 0.690025 0.022017 0.044192
23 0.905540 0.043561 0.026989 0.046717
22 0.355114 0.385732 0.083807 0.102273
23 0.118608 0.395202 0.029830 0.050505
10 0.636009 0.859848 0.026278 0.050505
13 0.215199 0.659722 0.034091 0.056818
3 0.467685 0.693813 0.058949 0.077020
7 0.657670 0.774621 0.052557 0.089646
24 0.430398 0.853535 0.036932 0.065657
1 0.941051 0.133838 0.032670 0.058081
24 0.450284 0.414141 0.026989 0.047980
7 0.171875 0.816919 0.046875 0.080808
1 0.498224 0.341540 0.034801 0.061869
20 0.493253 0.077652 0.029119 0.056818
21 0.538352 0.470960 0.029830 0.053030
0 0.709162 0.542298 0.034801 0.059343
16 0.864702 0.446338 0.081676 0.102273
11 0.405540 0.516414 0.036932 0.075758