21 0.495384 0.704545 0.034801 0.068182
18 0.581676 0.244949 0.038352 0.058081
10 0.852273 0.752525 0.032670 0.065657
15 0.321733 0.631313 0.024148 0.047980
24 0.724432 0.583333 0.034091 0.058081
29 0.414773 0.825758 0.068182 0.080808
17 0.778054 0.818182 0.068892 0.085859
6 0.686435 0.760732 0.081676 0.137626
23 0.819247 0.601010 0.070312 0.085859
13 0.570312 0.537247 0.032670 0.059343
12 0.471236 0.809975 0.039062 0.079545
9 0.130327 0.312500 0.031960 0.061869
22 0.071733 0.487374 0.032670 0.058081
7 0.827060 0.159722 0.033381 0.061869
28 0.086648 0.145833 0.068182 0.082071
2 0.773438 0.339646 0.062500 0.085859
4 0.075284 0.306187 0.035511 0.056818
0 0.573153 0.839646 0.032670 0.055556
3 0.221236 0.063763 0.066051 0.087121
14 0.362571 0.878788 0.029119 0.047980
25 0.651989 0.556818 0.032670 0.058081
16 0.333097 0.087121 0.032670 0.058081
26 0.928267 0.187500 0.035511 0.061869
20 0.374645 0.597854 0.033381 0.059343
27 0.613281 0.460227 0.033381 0.059343
8 0.506392 0.955808 0.049716 0.085859
5 0.215554 0.902778 0.026278 0.050505
1 0.715554 0.143308 0.034801 0.061869
11 0.298651 0.436237 0.031960 0.061869