8 0.977983 0.244949 0.032670 0.065657
2 0.383523 0.342172 0.062500 0.085859
25 0.437855 0.955177 0.033381 0.059343
23 0.430398 0.440657 0.032670 0.058081
1 0.148082 0.176136 0.034801 0.061869
14 0.110085 0.462121 0.032670 0.058081
26 0.198864 0.075126 0.068182 0.082071
21 0.417259 0.712121 0.070312 0.085859
5 0.663707 0.743056 0.033381 0.061869
0 0.808949 0.503788 0.032670 0.055556
9 0.089134 0.657197 0.031960 0.061869
12 0.019531 0.342172 0.029119 0.047980
6 0.727983 0.518939 0.049716 0.085859
18 0.293679 0.201389 0.033381 0.059343
19 0.158736 0.486111 0.034801 0.068182
3 0.228338 0.714015 0.066051 0.087121
13 0.985085 0.724747 0.024148 0.047980
22 0.825994 0.335859 0.034091 0.058081
17 0.419744 0.102904 0.035511 0.061869