19 0.347301 0.810606 0.031250 0.055556
19 0.389915 0.175505 0.026989 0.047980
12 0.894531 0.097222 0.033381 0.060606
25 0.552202 0.674242 0.034801 0.060606
10 0.036577 0.462753 0.033381 0.064394
8 0.892756 0.565025 0.026989 0.051768
15 0.438210 0.372475 0.034091 0.060606
8 0.572088 0.856692 0.027699 0.054293
8 0.167614 0.458333 0.032670 0.063131
11 0.049006 0.672980 0.041193 0.083333
3 0.743608 0.559975 0.059659 0.079545
13 0.607955 0.433712 0.029830 0.049242
8 0.870028 0.331439 0.036932 0.071970
24 0.340909 0.095960 0.028409 0.050505
5 0.713068 0.729798 0.031250 0.058081
25 0.953480 0.613636 0.029119 0.050505
12 0.583452 0.952652 0.027699 0.049242
24 0.762074 0.872475 0.025568 0.045455
19 0.948509 0.804924 0.039062 0.069444
26 0.094105 0.559975 0.037642 0.066919
20 0.664418 0.717803 0.027699 0.054293
8 0.780895 0.426768 0.036222 0.070707
4 0.555043 0.763258 0.031960 0.051768
9 0.717330 0.390783 0.036932 0.074495