19 0.703835 0.667298 0.035511 0.061869
24 0.931108 0.785354 0.034091 0.058081
10 0.199574 0.744949 0.032670 0.065657
28 0.862216 0.399621 0.068182 0.082071
20 0.298651 0.393308 0.033381 0.059343
16 0.549006 0.371212 0.032670 0.058081
17 0.845526 0.172980 0.068892 0.085859
27 0.112571 0.523359 0.033381 0.059343
18 0.041903 0.127525 0.038352 0.058081
23 0.724077 0.535354 0.070312 0.085859
8 0.740767 0.819444 0.049716 0.085859
5 0.181463 0.058081 0.026278 0.050505
6 0.348366 0.232955 0.081676 0.137626
9 0.790838 0.797348 0.031960 0.061869
3 0.374645 0.686237 0.066051 0.087121
25 0.144176 0.873737 0.032670 0.058081
14 0.133168 0.304293 0.029119 0.047980
1 0.636009 0.251894 0.034801 0.061869
12 0.274503 0.243056 0.039062 0.079545
22 0.176847 0.244949 0.032670 0.058081
26 0.568892 0.495581 0.035511 0.061869
7 0.928622 0.700126 0.033381 0.061869
15 0.854403 0.256313 0.024148 0.047980
13 0.050426 0.615530 0.032670 0.059343
11 0.612571 0.807449 0.031960 0.061869
4 0.213068 0.655934 0.035511 0.056818
0 0.235795 0.324495 0.032670 0.055556
29 0.067472 0.738636 0.068182 0.080808
21 0.490412 0.092172 0.034801 0.068182
2 0.220170 0.888889 0.062500 0.085859