24 0.402344 0.033460 0.036222 0.064394
11 0.509943 0.114899 0.038352 0.078283
3 0.370028 0.488005 0.063920 0.084596
24 0.662642 0.348485 0.029830 0.053030
11 0.574929 0.432449 0.044744 0.092172
27 0.389205 0.342172 0.056818 0.068182
20 0.946733 0.567551 0.039773 0.077020
9 0.696378 0.354798 0.029119 0.058081
27 0.643111 0.148359 0.057528 0.069444
20 0.637784 0.943813 0.035511 0.069444
8 0.555753 0.672980 0.034801 0.068182
5 0.723011 0.695707 0.039773 0.073232
10 0.325994 0.046086 0.028409 0.054293
21 0.675071 0.679924 0.027699 0.049242
8 0.546165 0.078914 0.028409 0.054293
10 0.850852 0.270833 0.036932 0.071970
14 0.450994 0.156566 0.019886 0.040404
22 0.185014 0.523359 0.077415 0.094697
12 0.298295 0.364899 0.035511 0.065657
20 0.062855 0.643939 0.036222 0.070707
28 0.182884 0.708333 0.061790 0.073232
13 0.163707 0.818182 0.026278 0.042929
19 0.087358 0.106061 0.028409 0.050505
11 0.926491 0.645833 0.031960 0.064394