21 0.878196 0.864899 0.070312 0.085859
17 0.486506 0.932449 0.035511 0.061869
8 0.914062 0.781566 0.032670 0.065657
26 0.828125 0.556187 0.068182 0.082071
3 0.718395 0.056187 0.066051 0.087121
16 0.897727 0.602273 0.038352 0.058081
25 0.767401 0.787247 0.033381 0.059343
20 0.928977 0.407828 0.032670 0.058081
22 0.196733 0.068182 0.034091 0.058081
5 0.114702 0.452652 0.033381 0.061869
2 0.784091 0.648990 0.062500 0.085859
1 0.493253 0.445076 0.034801 0.061869
23 0.637074 0.058081 0.032670 0.058081
7 0.972656 0.302399 0.031960 0.061869
18 0.472656 0.087753 0.033381 0.059343
4 0.151278 0.784722 0.035511 0.056818
12 0.697088 0.583333 0.029119 0.047980
6 0.245739 0.376263 0.049716 0.085859
14 0.794744 0.300505 0.032670 0.058081
0 0.616477 0.719697 0.032670 0.055556
24 0.848011 0.054924 0.035511 0.061869