22 0.361151 0.500000 0.070312 0.085859
9 0.646662 0.104798 0.027699 0.055556
1 0.279119 0.696970 0.032670 0.058081
11 0.981179 0.669823 0.036222 0.074495
7 0.284801 0.080808 0.051136 0.088384
16 0.963423 0.062500 0.057528 0.071970
3 0.056108 0.883207 0.052557 0.069444
7 0.587713 0.740530 0.050426 0.087121
16 0.542614 0.534722 0.072443 0.089646
25 0.269176 0.522096 0.036932 0.064394
6 0.229048 0.875000 0.291903 0.113636
2 0.353338 0.138889 0.051847 0.070707
15 0.237571 0.076389 0.030540 0.054293
2 0.341264 0.601010 0.058949 0.080808
25 0.923295 0.244318 0.039773 0.069444
11 0.703480 0.308712 0.031960 0.064394