4 0.927912 0.247475 0.031960 0.050505
12 0.732599 0.790404 0.027699 0.050505
19 0.585582 0.635732 0.030540 0.054293
11 0.790483 0.787247 0.036932 0.074495
26 0.520241 0.523359 0.036222 0.064394
20 0.810014 0.070707 0.037642 0.073232
11 0.210582 0.460227 0.046165 0.094697
19 0.850852 0.299242 0.032670 0.058081
10 0.498224 0.251894 0.031960 0.061869
25 0.796520 0.965909 0.033381 0.058081
24 0.710582 0.945076 0.034801 0.061869
21 0.968395 0.135732 0.027699 0.049242
24 0.078480 0.032197 0.036222 0.064394
15 0.710938 0.851010 0.031250 0.055556
27 0.392045 0.835227 0.079545 0.094697
8 0.252131 0.689394 0.029830 0.058081
13 0.470170 0.554924 0.034091 0.056818
12 0.281250 0.961490 0.031250 0.056818
16 0.040838 0.904672 0.075994 0.094697
20 0.910511 0.162879 0.035511 0.070707
15 0.187145 0.690025 0.029119 0.051768
17 0.513494 0.821338 0.042614 0.064394
9 0.491477 0.655934 0.038352 0.077020
12 0.563210 0.052399 0.035511 0.064394
7 0.888494 0.958333 0.046875 0.080808
22 0.567472 0.373737 0.071023 0.085859
23 0.938920 0.536616 0.036932 0.063131