20 0.444602 0.306818 0.032670 0.058081
5 0.916548 0.416035 0.033381 0.061869
7 0.318537 0.799874 0.031960 0.061869
0 0.289773 0.034091 0.032670 0.055556
15 0.406605 0.869949 0.068892 0.085859
16 0.525568 0.709596 0.038352 0.058081
19 0.861151 0.397727 0.034801 0.068182
1 0.098366 0.063763 0.034801 0.061869
11 0.130682 0.798611 0.032670 0.059343
25 0.551491 0.928662 0.033381 0.059343
13 0.439631 0.704545 0.024148 0.047980
17 0.963778 0.700126 0.035511 0.061869
22 0.608665 0.118687 0.034091 0.058081
8 0.473011 0.482323 0.032670 0.065657
4 0.848011 0.216540 0.035511 0.056818
21 0.283736 0.165404 0.070312 0.085859
2 0.090199 0.523990 0.062500 0.085859
3 0.700639 0.114268 0.066051 0.087121
26 0.933239 0.611742 0.068182 0.082071