15 0.631747 0.522727 0.068892 0.085859
23 0.389205 0.434343 0.032670 0.058081
13 0.230114 0.816919 0.024148 0.047980
1 0.826349 0.594066 0.034801 0.061869
22 0.328835 0.045455 0.034091 0.058081
12 0.943537 0.599747 0.029119 0.047980
9 0.332031 0.241793 0.031960 0.061869
20 0.681818 0.333333 0.032670 0.058081
14 0.534091 0.473485 0.032670 0.058081
19 0.247514 0.162879 0.034801 0.068182
7 0.549361 0.696338 0.031960 0.061869
0 0.543324 0.780303 0.032670 0.055556
10 0.370384 0.241793 0.039062 0.079545
26 0.965909 0.303662 0.068182 0.082071
8 0.178267 0.262626 0.032670 0.065657
16 0.144176 0.675505 0.038352 0.058081
11 0.224432 0.568813 0.032670 0.059343
21 0.045810 0.398990 0.070312 0.085859
5 0.060014 0.751894 0.033381 0.061869
17 0.764915 0.309975 0.035511 0.061869