3 0.946378 0.913510 0.066051 0.087121
2 0.845881 0.070707 0.062500 0.085859
10 0.787287 0.642045 0.039062 0.079545
21 0.144531 0.720960 0.070312 0.085859
27 0.259233 0.864899 0.068182 0.080808
6 0.784801 0.082071 0.049716 0.085859
15 0.564276 0.537879 0.068892 0.085859
24 0.868608 0.503157 0.035511 0.061869
16 0.497869 0.494949 0.038352 0.058081
25 0.890270 0.277146 0.033381 0.059343
14 0.041903 0.747475 0.032670 0.058081
26 0.186080 0.881944 0.068182 0.082071
22 0.750710 0.428030 0.034091 0.058081
0 0.058949 0.604798 0.032670 0.055556
9 0.297230 0.491793 0.031960 0.061869
23 0.272727 0.203283 0.032670 0.058081
17 0.688210 0.552399 0.035511 0.061869
7 0.207031 0.086490 0.031960 0.061869
13 0.985795 0.727273 0.024148 0.047980
19 0.920099 0.607323 0.034801 0.068182
20 0.716619 0.919192 0.032670 0.058081
4 0.775568 0.246843 0.035511 0.056818
11 0.190341 0.152146 0.032670 0.059343
18 0.658026 0.268308 0.033381 0.059343
5 0.898082 0.364268 0.033381 0.061869
1 0.957031 0.235480 0.034801 0.061869
8 0.064631 0.891414 0.032670 0.065657