5 0.905540 0.861111 0.032670 0.060606
21 0.947088 0.960227 0.034801 0.061869
1 0.211293 0.602904 0.031960 0.056818
24 0.151278 0.960859 0.036932 0.065657
8 0.040128 0.606061 0.026278 0.050505
2 0.580256 0.565657 0.069602 0.095960
27 0.321378 0.624369 0.060369 0.071970
4 0.384588 0.535985 0.031960 0.051768
24 0.471946 0.197601 0.029119 0.051768
26 0.508523 0.438131 0.029830 0.053030
24 0.332741 0.317551 0.030540 0.054293
19 0.658381 0.781566 0.028409 0.050505
0 0.121449 0.280934 0.025568 0.044192
1 0.981534 0.823232 0.031250 0.055556
2 0.942472 0.709596 0.051136 0.070707
19 0.728338 0.184975 0.026278 0.046717
7 0.489702 0.801768 0.041903 0.073232
22 0.418679 0.329545 0.083097 0.101010
23 0.200639 0.198232 0.040483 0.068182
5 0.791903 0.796086 0.026989 0.049242
27 0.419389 0.897727 0.058949 0.070707
3 0.560724 0.949495 0.074574 0.098485
27 0.577415 0.724747 0.073864 0.088384
24 0.046520 0.736742 0.033381 0.059343
14 0.455256 0.044823 0.021307 0.041667
10 0.877841 0.308081 0.036932 0.070707