5 0.886364 0.232955 0.034091 0.064394
19 0.836648 0.252525 0.028409 0.050505
12 0.175426 0.342803 0.029830 0.054293
19 0.781960 0.518939 0.038352 0.068182
24 0.642045 0.250000 0.032670 0.058081
2 0.794744 0.114268 0.071023 0.097222
20 0.962003 0.662247 0.039062 0.077020
9 0.020597 0.207071 0.031250 0.063131
22 0.074574 0.946970 0.072443 0.088384
21 0.562145 0.150884 0.033381 0.059343
4 0.085938 0.628157 0.035511 0.056818
16 0.162997 0.429924 0.074574 0.092172
15 0.976562 0.842172 0.032670 0.058081
27 0.894176 0.321970 0.056818 0.068182
23 0.036222 0.724747 0.036932 0.063131
10 0.232955 0.719066 0.032670 0.064394
10 0.307528 0.829545 0.028409 0.055556
22 0.484730 0.389520 0.058949 0.071970
21 0.553267 0.529040 0.031250 0.055556
15 0.910156 0.148359 0.031960 0.056818
9 0.421520 0.936869 0.037642 0.075758
19 0.853693 0.818182 0.026989 0.047980
18 0.596236 0.240530 0.041903 0.071970
7 0.681463 0.508838 0.058949 0.101010
23 0.923295 0.938131 0.032670 0.055556
12 0.606179 0.159091 0.033381 0.060606
13 0.303622 0.450758 0.027699 0.045455
27 0.418324 0.082702 0.069602 0.084596