7 0.069957 0.908460 0.058949 0.102273
12 0.368253 0.906566 0.031960 0.058081
11 0.784446 0.496843 0.037642 0.077020
23 0.773082 0.581439 0.031960 0.054293
23 0.399858 0.497475 0.032670 0.055556
27 0.149148 0.638258 0.055398 0.066919
9 0.287997 0.090909 0.027699 0.055556
9 0.620384 0.208333 0.037642 0.075758
20 0.696378 0.468434 0.036222 0.070707
2 0.848366 0.845328 0.051847 0.071970
20 0.217330 0.260732 0.034091 0.066919
10 0.411932 0.858586 0.029830 0.058081
26 0.331321 0.932449 0.030540 0.054293
1 0.202060 0.676136 0.037642 0.066919
6 0.475497 0.625631 0.314631 0.122475
13 0.742898 0.725379 0.031250 0.051768
3 0.718750 0.863636 0.076705 0.101010
4 0.430398 0.731061 0.028409 0.045455
28 0.916193 0.497475 0.080966 0.095960
9 0.044744 0.806818 0.034091 0.068182
3 0.444957 0.260732 0.075994 0.099747
4 0.182528 0.550505 0.028409 0.045455
26 0.811080 0.292929 0.038352 0.068182