21 0.595526 0.518939 0.070312 0.085859
9 0.234730 0.635732 0.031960 0.061869
1 0.922940 0.767045 0.034801 0.061869
13 0.110085 0.125000 0.024148 0.047980
2 0.179688 0.577020 0.062500 0.085859
7 0.616832 0.080177 0.031960 0.061869
27 0.041193 0.594697 0.068182 0.080808
4 0.609375 0.202652 0.035511 0.056818
8 0.891335 0.463384 0.032670 0.065657
5 0.234020 0.905934 0.033381 0.061869
18 0.051491 0.432449 0.033381 0.059343
11 0.209517 0.203914 0.032670 0.059343
15 0.212003 0.714646 0.068892 0.085859
26 0.460938 0.466540 0.068182 0.082071
16 0.346591 0.760101 0.038352 0.058081
12 0.814986 0.420455 0.029119 0.047980
22 0.609375 0.429293 0.034091 0.058081
20 0.452415 0.907828 0.032670 0.058081
6 0.465909 0.103535 0.049716 0.085859
25 0.594815 0.601641 0.033381 0.059343
23 0.814631 0.784091 0.032670 0.058081
14 0.185369 0.946970 0.032670 0.058081
10 0.739702 0.923611 0.039062 0.079545
3 0.863991 0.559975 0.066051 0.087121
19 0.669389 0.660354 0.034801 0.068182
17 0.507102 0.236742 0.035511 0.061869
24 0.395597 0.158460 0.035511 0.061869