23 0.080611 0.558081 0.070312 0.085859
11 0.729759 0.072601 0.031960 0.061869
18 0.596591 0.178030 0.038352 0.058081
26 0.344460 0.897096 0.035511 0.061869
22 0.381392 0.296717 0.032670 0.058081
1 0.568537 0.888258 0.034801 0.061869
5 0.184304 0.883838 0.026278 0.050505
14 0.648793 0.654040 0.029119 0.047980
15 0.975142 0.243687 0.024148 0.047980
0 0.684659 0.347222 0.032670 0.055556
21 0.200639 0.523990 0.034801 0.068182
29 0.742898 0.376263 0.068182 0.080808
24 0.618608 0.406566 0.034091 0.058081
13 0.414773 0.102904 0.032670 0.059343
25 0.071023 0.334596 0.032670 0.058081
6 0.893821 0.306187 0.081676 0.137626
16 0.659801 0.256313 0.032670 0.058081
8 0.569602 0.099747 0.049716 0.085859
19 0.962358 0.518308 0.035511 0.061869