8 0.881747 0.885101 0.027699 0.053030
25 0.411577 0.631313 0.034801 0.060606
23 0.904474 0.092803 0.037642 0.064394
12 0.287642 0.400884 0.026989 0.049242
15 0.506747 0.509470 0.036222 0.064394
23 0.695312 0.570076 0.029830 0.051768
8 0.618963 0.424242 0.037642 0.073232
17 0.836293 0.144571 0.037642 0.056818
4 0.403054 0.085227 0.039062 0.061869
7 0.910511 0.665404 0.051136 0.088384
6 0.344105 0.735480 0.289062 0.112374
5 0.138494 0.782828 0.036932 0.068182
18 0.777344 0.732323 0.030540 0.053030
3 0.324929 0.870581 0.054688 0.071970
17 0.225497 0.320076 0.036222 0.054293
4 0.786222 0.823232 0.028409 0.045455
11 0.616832 0.185606 0.046165 0.093434
16 0.033736 0.368687 0.067472 0.083333
21 0.421875 0.328283 0.034091 0.060606
21 0.426136 0.893939 0.026989 0.047980
12 0.609020 0.106061 0.033381 0.060606
11 0.650568 0.344066 0.036932 0.074495
2 0.422940 0.498737 0.071733 0.098485
7 0.110085 0.324495 0.044034 0.075758
19 0.087003 0.609217 0.026278 0.046717
21 0.968750 0.626263 0.034091 0.060606