13 0.926847 0.260732 0.024148 0.039141
15 0.892756 0.742424 0.028409 0.050505
24 0.400923 0.299874 0.036222 0.064394
14 0.640270 0.746843 0.024858 0.049242
27 0.746804 0.386995 0.061790 0.074495
27 0.835227 0.744949 0.075284 0.090909
20 0.843395 0.060606 0.031960 0.063131
18 0.639915 0.164773 0.036932 0.064394
24 0.107599 0.535985 0.029119 0.051768
6 0.219460 0.663510 0.284091 0.109848
24 0.147372 0.464015 0.030540 0.054293
28 0.949574 0.445076 0.078125 0.092172
8 0.828125 0.817551 0.025568 0.049242
8 0.554688 0.596591 0.036932 0.071970
28 0.752841 0.174874 0.073864 0.087121
3 0.376420 0.454545 0.076705 0.101010
19 0.397727 0.172980 0.036932 0.065657
16 0.158026 0.080177 0.078835 0.097222
0 0.620384 0.083333 0.036222 0.060606
1 0.517756 0.714646 0.041193 0.073232
20 0.454901 0.360480 0.030540 0.059343
20 0.642756 0.873106 0.038352 0.074495
15 0.756747 0.104167 0.027699 0.049242
16 0.124645 0.934975 0.080256 0.099747
25 0.347301 0.159722 0.028409 0.049242
2 0.670099 0.645202 0.051847 0.070707
20 0.739347 0.806818 0.038352 0.075758
9 0.419034 0.802399 0.034091 0.069444