2 0.214489 0.607323 0.062500 0.085859
8 0.308239 0.131313 0.032670 0.065657
6 0.494318 0.286616 0.049716 0.085859
4 0.544034 0.802399 0.035511 0.056818
15 0.765980 0.858586 0.068892 0.085859
13 0.368608 0.118687 0.024148 0.047980
16 0.465199 0.910354 0.038352 0.058081
24 0.863636 0.532197 0.035511 0.061869
17 0.425426 0.455177 0.035511 0.061869
18 0.685014 0.062500 0.033381 0.059343
10 0.072798 0.821338 0.039062 0.079545
21 0.360440 0.050505 0.070312 0.085859
26 0.840199 0.893308 0.068182 0.082071
9 0.519531 0.038510 0.031960 0.061869
11 0.102273 0.595328 0.032670 0.059343