9 0.444247 0.398359 0.031960 0.061869
15 0.785156 0.685606 0.068892 0.085859
24 0.446023 0.320076 0.035511 0.061869
1 0.248935 0.671086 0.034801 0.061869
8 0.262784 0.253788 0.032670 0.065657
6 0.934659 0.369949 0.049716 0.085859
4 0.244318 0.445076 0.035511 0.056818
27 0.107955 0.284091 0.068182 0.080808
21 0.129616 0.895202 0.070312 0.085859
16 0.720881 0.036616 0.038352 0.058081
5 0.493253 0.475379 0.033381 0.061869
12 0.260298 0.367424 0.029119 0.047980
14 0.605114 0.911616 0.032670 0.058081
18 0.594105 0.066288 0.033381 0.059343
25 0.208452 0.725379 0.033381 0.059343
13 0.661932 0.190657 0.024148 0.047980
20 0.521307 0.587121 0.032670 0.058081
19 0.373224 0.914141 0.034801 0.068182
22 0.779830 0.299242 0.034091 0.058081
7 0.740412 0.940025 0.031960 0.061869