29 0.685369 0.909091 0.068182 0.080808
5 0.346236 0.637626 0.026278 0.050505
2 0.218750 0.933081 0.062500 0.085859
27 0.282315 0.721591 0.033381 0.059343
7 0.043679 0.451389 0.033381 0.061869
23 0.145241 0.257576 0.070312 0.085859
26 0.551136 0.551136 0.035511 0.061869
19 0.467330 0.457702 0.035511 0.061869
0 0.680398 0.832071 0.032670 0.055556
6 0.064986 0.140783 0.081676 0.137626
13 0.519886 0.778409 0.032670 0.059343
17 0.771662 0.164141 0.068892 0.085859
21 0.029474 0.575758 0.034801 0.068182
11 0.105469 0.365530 0.031960 0.061869
14 0.528764 0.398990 0.029119 0.047980
9 0.537997 0.226641 0.031960 0.061869
8 0.926847 0.159091 0.049716 0.085859
20 0.117543 0.796086 0.033381 0.059343
16 0.208807 0.244949 0.032670 0.058081