14 0.411577 0.452652 0.019176 0.039141
25 0.507812 0.294823 0.028409 0.049242
14 0.234020 0.030303 0.020597 0.040404
13 0.251065 0.593434 0.029119 0.047980
19 0.801847 0.401515 0.032670 0.058081
13 0.978338 0.553662 0.023438 0.039141
15 0.076349 0.859217 0.027699 0.049242
13 0.941406 0.268939 0.024858 0.040404
24 0.903764 0.884470 0.031960 0.056818
22 0.072798 0.095960 0.070312 0.085859
11 0.687500 0.503788 0.031250 0.063131
14 0.378196 0.269571 0.027699 0.054293
7 0.230114 0.905303 0.042614 0.073232
7 0.642045 0.236111 0.053977 0.093434
3 0.122514 0.864268 0.061790 0.082071
0 0.818537 0.655934 0.033381 0.056818
5 0.713423 0.592172 0.039062 0.073232
5 0.385298 0.655934 0.026278 0.049242