1 0.826349 0.144571 0.037642 0.066919
2 0.209872 0.600379 0.067472 0.092172
12 0.646662 0.489899 0.034801 0.063131
9 0.790838 0.291035 0.030540 0.061869
15 0.909446 0.793561 0.031960 0.056818
12 0.496094 0.318813 0.027699 0.049242
12 0.311790 0.316288 0.028409 0.051768
8 0.132457 0.682449 0.033381 0.064394
1 0.327770 0.625631 0.036222 0.064394
4 0.330256 0.261364 0.028409 0.045455
1 0.897017 0.431818 0.029830 0.053030
9 0.678622 0.249369 0.033381 0.066919
6 0.597656 0.901515 0.358665 0.138889
3 0.216619 0.144571 0.061080 0.079545
12 0.515625 0.098485 0.036932 0.068182
23 0.946023 0.782828 0.035511 0.060606
14 0.678622 0.185606 0.022017 0.042929
4 0.693182 0.683712 0.029830 0.046717
16 0.286932 0.385101 0.065341 0.080808
21 0.107955 0.420455 0.031250 0.055556
16 0.120384 0.220328 0.061790 0.077020
8 0.634233 0.335227 0.032670 0.064394
20 0.747514 0.036616 0.033381 0.065657
15 0.015625 0.422980 0.028409 0.050505
23 0.865057 0.776515 0.029830 0.050505
1 0.202415 0.679293 0.032670 0.058081
16 0.568892 0.696970 0.061080 0.075758