20 0.183949 0.554293 0.032670 0.058081
5 0.229759 0.688763 0.033381 0.061869
16 0.161222 0.075758 0.038352 0.058081
13 0.821733 0.739899 0.024148 0.047980
25 0.117543 0.717803 0.033381 0.059343
17 0.388494 0.618056 0.035511 0.061869
1 0.519531 0.721591 0.034801 0.061869
2 0.448864 0.121212 0.062500 0.085859
3 0.359730 0.950126 0.066051 0.087121
0 0.402699 0.041667 0.032670 0.055556
22 0.780540 0.556818 0.034091 0.058081
9 0.613281 0.438763 0.031960 0.061869
10 0.461293 0.352904 0.039062 0.079545
24 0.706676 0.407197 0.035511 0.061869
6 0.553977 0.145202 0.049716 0.085859
14 0.191051 0.621212 0.032670 0.058081
21 0.743253 0.863636 0.070312 0.085859
27 0.712358 0.093434 0.068182 0.080808
26 0.934659 0.589015 0.068182 0.082071
18 0.341974 0.602904 0.033381 0.059343
11 0.384943 0.304924 0.032670 0.059343