13 0.397017 0.626894 0.032670 0.059343
24 0.460227 0.856061 0.034091 0.058081
4 0.779830 0.917298 0.035511 0.056818
15 0.233665 0.275253 0.024148 0.047980
28 0.103693 0.422348 0.068182 0.082071
26 0.198864 0.626894 0.035511 0.061869
5 0.394531 0.097222 0.026278 0.050505
6 0.920810 0.573864 0.081676 0.137626
14 0.665838 0.157828 0.029119 0.047980
20 0.122514 0.333965 0.033381 0.059343
17 0.805043 0.393939 0.068892 0.085859
18 0.539773 0.928030 0.038352 0.058081
16 0.452415 0.949495 0.032670 0.058081
27 0.227628 0.148359 0.033381 0.059343
8 0.433949 0.718434 0.049716 0.085859
21 0.579190 0.487374 0.034801 0.068182
11 0.447798 0.263258 0.031960 0.061869
19 0.705256 0.070076 0.035511 0.061869
25 0.200994 0.348485 0.032670 0.058081
1 0.810014 0.071338 0.034801 0.061869
0 0.321733 0.438131 0.032670 0.055556
12 0.895241 0.945076 0.039062 0.079545
29 0.950284 0.825758 0.068182 0.080808
3 0.794389 0.547348 0.066051 0.087121
23 0.457741 0.578283 0.070312 0.085859
22 0.142756 0.156566 0.032670 0.058081