19 0.286577 0.535354 0.034801 0.068182
13 0.186790 0.435606 0.024148 0.047980
4 0.462358 0.866793 0.035511 0.056818
7 0.369673 0.942551 0.031960 0.061869
27 0.404830 0.761364 0.068182 0.080808
26 0.137074 0.469066 0.068182 0.082071
8 0.462358 0.381313 0.032670 0.065657
22 0.578125 0.479798 0.034091 0.058081
14 0.761364 0.931818 0.032670 0.058081
17 0.156960 0.200126 0.035511 0.061869
11 0.782670 0.414773 0.032670 0.059343
12 0.689276 0.592172 0.029119 0.047980
18 0.200639 0.842803 0.033381 0.059343
5 0.582031 0.909722 0.033381 0.061869
23 0.426847 0.622475 0.032670 0.058081
2 0.496449 0.301768 0.062500 0.085859
16 0.726562 0.517677 0.038352 0.058081
15 0.188565 0.119949 0.068892 0.085859
10 0.910866 0.251894 0.039062 0.079545
24 0.365767 0.277146 0.035511 0.061869
9 0.304332 0.616793 0.031960 0.061869
20 0.652699 0.215909 0.032670 0.058081
6 0.811790 0.698232 0.049716 0.085859