9 0.637429 0.278409 0.031960 0.061869
13 0.288352 0.364899 0.024148 0.047980
1 0.854759 0.143308 0.034801 0.061869
21 0.921520 0.931818 0.070312 0.085859
3 0.267401 0.139520 0.066051 0.087121
20 0.499290 0.137626 0.032670 0.058081
15 0.134588 0.493687 0.068892 0.085859
10 0.657315 0.392045 0.039062 0.079545
22 0.283381 0.648990 0.034091 0.058081
5 0.062145 0.961490 0.033381 0.061869
11 0.307528 0.059975 0.032670 0.059343
16 0.444602 0.276515 0.038352 0.058081
23 0.821023 0.959596 0.032670 0.058081
12 0.040128 0.119949 0.029119 0.047980
8 0.409091 0.641414 0.032670 0.065657
2 0.058239 0.329545 0.062500 0.085859
14 0.589489 0.205808 0.032670 0.058081
6 0.085227 0.647727 0.049716 0.085859
24 0.651278 0.868056 0.035511 0.061869
0 0.200994 0.119949 0.032670 0.055556
19 0.506747 0.791667 0.034801 0.068182
7 0.058594 0.410985 0.031960 0.061869