21 0.061435 0.900253 0.034801 0.068182
1 0.420099 0.083965 0.034801 0.061869
6 0.148082 0.548611 0.081676 0.137626
23 0.244673 0.232323 0.070312 0.085859
18 0.788352 0.039141 0.038352 0.058081
22 0.206676 0.046717 0.032670 0.058081
19 0.794034 0.662247 0.035511 0.061869
8 0.877841 0.121212 0.049716 0.085859
2 0.528409 0.244949 0.062500 0.085859
17 0.265270 0.500000 0.068892 0.085859
13 0.236506 0.820076 0.032670 0.059343
28 0.745028 0.304924 0.068182 0.082071
24 0.965909 0.171717 0.034091 0.058081
7 0.162287 0.707702 0.033381 0.061869
4 0.919034 0.967803 0.035511 0.056818
16 0.593040 0.343434 0.032670 0.058081
26 0.392045 0.379419 0.035511 0.061869
3 0.609730 0.893308 0.066051 0.087121
25 0.424006 0.541667 0.032670 0.058081
0 0.727983 0.508838 0.032670 0.055556