17 0.067827 0.229798 0.068892 0.085859
13 0.362216 0.215278 0.032670 0.059343
6 0.323509 0.105429 0.081676 0.137626
1 0.623224 0.726641 0.034801 0.061869
3 0.819247 0.121843 0.066051 0.087121
28 0.662642 0.447601 0.068182 0.082071
5 0.261009 0.289141 0.026278 0.050505
11 0.826349 0.640783 0.031960 0.061869
4 0.796875 0.864268 0.035511 0.056818
22 0.923295 0.506313 0.032670 0.058081
14 0.974077 0.857323 0.029119 0.047980
2 0.658381 0.056818 0.062500 0.085859
29 0.246449 0.477273 0.068182 0.080808
12 0.434304 0.349116 0.039062 0.079545
0 0.674716 0.675505 0.032670 0.055556
18 0.302557 0.470960 0.038352 0.058081
16 0.189631 0.526515 0.032670 0.058081
24 0.543324 0.839646 0.034091 0.058081
19 0.338068 0.304924 0.035511 0.061869
15 0.159801 0.944444 0.024148 0.047980
23 0.403764 0.823232 0.070312 0.085859
27 0.151634 0.495581 0.033381 0.059343
8 0.754261 0.280303 0.049716 0.085859
21 0.209162 0.373737 0.034801 0.068182