10 0.884943 0.270202 0.032670 0.065657
5 0.234730 0.398990 0.026278 0.050505
4 0.143466 0.878157 0.035511 0.056818
20 0.964134 0.410985 0.033381 0.059343
3 0.466974 0.767045 0.066051 0.087121
14 0.935724 0.324495 0.029119 0.047980
0 0.601562 0.626263 0.032670 0.055556
22 0.502131 0.680556 0.032670 0.058081
7 0.374645 0.274621 0.033381 0.061869
15 0.890625 0.719697 0.024148 0.047980
18 0.402699 0.484848 0.038352 0.058081
16 0.739347 0.343434 0.032670 0.058081
13 0.226562 0.669823 0.032670 0.059343
1 0.122514 0.495581 0.034801 0.061869
27 0.118963 0.056187 0.033381 0.059343
24 0.088778 0.426768 0.034091 0.058081
19 0.924006 0.910985 0.035511 0.061869