6 0.424716 0.391414 0.049716 0.085859
14 0.835938 0.800505 0.032670 0.058081
11 0.935369 0.227904 0.032670 0.059343
10 0.496094 0.597854 0.039062 0.079545
24 0.779119 0.741793 0.035511 0.061869
5 0.888849 0.660985 0.033381 0.061869
3 0.246094 0.405934 0.066051 0.087121
21 0.047940 0.566919 0.070312 0.085859
20 0.497159 0.800505 0.032670 0.058081
12 0.214844 0.785354 0.029119 0.047980
7 0.579901 0.827652 0.031960 0.061869
25 0.705611 0.494318 0.033381 0.059343
22 0.607244 0.594697 0.034091 0.058081
8 0.102273 0.236111 0.032670 0.065657
4 0.169744 0.408460 0.035511 0.056818
18 0.974077 0.743056 0.033381 0.059343
26 0.225852 0.657197 0.068182 0.082071
16 0.342330 0.512626 0.038352 0.058081
17 0.405540 0.042298 0.035511 0.061869
19 0.487571 0.258838 0.034801 0.068182
2 0.254261 0.515152 0.062500 0.085859
15 0.397372 0.623737 0.068892 0.085859
0 0.046875 0.226010 0.032670 0.055556
1 0.099077 0.643308 0.034801 0.061869
13 0.768466 0.380051 0.024148 0.047980
27 0.776989 0.205808 0.068182 0.080808
9 0.166548 0.674874 0.031960 0.061869
23 0.066761 0.385101 0.032670 0.058081