14 0.085582 0.569444 0.019176 0.037879
7 0.187500 0.448232 0.045455 0.078283
26 0.468395 0.938763 0.031960 0.056818
3 0.667614 0.125631 0.075284 0.099747
16 0.248580 0.150884 0.080966 0.099747
7 0.306463 0.518308 0.057528 0.099747
28 0.338778 0.934343 0.055398 0.065657
6 0.534801 0.761364 0.338068 0.131313
14 0.854403 0.238636 0.021307 0.042929
8 0.357599 0.335859 0.026278 0.050505
11 0.421520 0.141414 0.034801 0.070707
2 0.545099 0.929293 0.071733 0.098485
25 0.270952 0.407828 0.029119 0.050505
16 0.236506 0.262626 0.071023 0.088384
19 0.495028 0.430556 0.034091 0.060606
23 0.221946 0.849116 0.033381 0.056818
16 0.633168 0.260732 0.070312 0.087121
22 0.383523 0.239899 0.066761 0.080808
3 0.865767 0.606061 0.065341 0.085859
21 0.856889 0.823864 0.026278 0.046717
16 0.714489 0.297348 0.072443 0.089646
1 0.769176 0.215909 0.039773 0.070707
23 0.528409 0.095960 0.029830 0.050505