4 0.030895 0.450758 0.031960 0.050505
19 0.758878 0.186237 0.031960 0.056818
1 0.253196 0.113005 0.034801 0.061869
18 0.916548 0.174242 0.039062 0.068182
15 0.143111 0.482955 0.029119 0.051768
7 0.668679 0.313131 0.053267 0.090909
7 0.514915 0.813131 0.045455 0.078283
9 0.563920 0.532828 0.034091 0.068182
15 0.355824 0.425505 0.026989 0.047980
21 0.291193 0.411616 0.032670 0.058081
16 0.806108 0.736111 0.059659 0.073232
13 0.629972 0.955177 0.028409 0.046717
17 0.813920 0.930556 0.035511 0.053030
20 0.848722 0.142677 0.028409 0.055556
4 0.440696 0.939394 0.033381 0.053030
9 0.296875 0.866793 0.035511 0.071970
21 0.228338 0.932449 0.034801 0.061869
6 0.337358 0.609217 0.284091 0.109848