1 0.815696 0.047348 0.034801 0.061869
18 0.213068 0.410354 0.038352 0.058081
29 0.553977 0.151515 0.068182 0.080808
10 0.374290 0.132576 0.032670 0.065657
4 0.527699 0.586490 0.035511 0.056818
23 0.620384 0.577020 0.070312 0.085859
13 0.982244 0.854167 0.032670 0.059343
8 0.804688 0.654040 0.049716 0.085859
27 0.120384 0.187500 0.033381 0.059343
9 0.138139 0.947601 0.031960 0.061869
22 0.367898 0.845960 0.032670 0.058081
12 0.493963 0.422348 0.039062 0.079545
5 0.640980 0.343434 0.026278 0.050505
17 0.961293 0.450758 0.068892 0.085859
7 0.682173 0.575126 0.033381 0.061869
11 0.681463 0.695076 0.031960 0.061869
14 0.147372 0.597222 0.029119 0.047980
28 0.067472 0.558712 0.068182 0.082071
6 0.714134 0.322601 0.081676 0.137626
21 0.950639 0.590909 0.034801 0.068182
25 0.384233 0.765152 0.032670 0.058081
2 0.246449 0.160354 0.062500 0.085859
20 0.180753 0.736742 0.033381 0.059343
0 0.274858 0.284091 0.032670 0.055556
3 0.115412 0.769571 0.066051 0.087121
26 0.400568 0.647096 0.035511 0.061869