26 0.389205 0.407828 0.034091 0.060606
22 0.264560 0.454545 0.056108 0.068182
12 0.116477 0.695076 0.028409 0.051768
2 0.209162 0.857955 0.061790 0.084596
10 0.949929 0.751894 0.029119 0.056818
15 0.954190 0.630682 0.033381 0.059343
5 0.018821 0.816288 0.033381 0.061869
24 0.563565 0.839015 0.027699 0.049242
24 0.750355 0.857955 0.031960 0.056818
21 0.428622 0.447601 0.034801 0.061869
13 0.706676 0.119318 0.029830 0.049242
12 0.080966 0.815025 0.034091 0.061869
14 0.837713 0.330177 0.023438 0.046717
23 0.477628 0.686237 0.031960 0.054293
10 0.794744 0.965909 0.026989 0.053030
3 0.558239 0.090278 0.073864 0.097222
6 0.579545 0.565025 0.323864 0.125000
2 0.317116 0.615530 0.063210 0.087121
0 0.321023 0.294192 0.036932 0.063131