0 0.024148 0.154040 0.032670 0.055556
7 0.183594 0.336490 0.031960 0.061869
27 0.726562 0.516414 0.068182 0.080808
6 0.863636 0.498737 0.049716 0.085859
24 0.362926 0.488005 0.035511 0.061869
19 0.395241 0.869949 0.034801 0.068182
2 0.337358 0.563131 0.062500 0.085859
4 0.037642 0.755682 0.035511 0.056818
12 0.119673 0.688131 0.029119 0.047980
16 0.713068 0.250000 0.038352 0.058081
14 0.238636 0.722222 0.032670 0.058081
9 0.090554 0.427399 0.031960 0.061869
5 0.309304 0.034722 0.033381 0.061869
10 0.441406 0.638258 0.039062 0.079545
23 0.632102 0.488636 0.032670 0.058081
26 0.403409 0.758207 0.068182 0.082071
18 0.252486 0.846591 0.033381 0.059343
25 0.797940 0.508207 0.033381 0.059343
15 0.575639 0.641414 0.068892 0.085859
1 0.294389 0.120581 0.034801 0.061869
22 0.391335 0.304293 0.034091 0.058081
20 0.762074 0.657828 0.032670 0.058081
21 0.930753 0.237374 0.070312 0.085859
3 0.337713 0.874369 0.066051 0.087121