0 0.205256 0.203283 0.032670 0.055556
23 0.339844 0.445707 0.070312 0.085859
10 0.171165 0.491162 0.032670 0.065657
24 0.713068 0.482323 0.034091 0.058081
18 0.829545 0.540404 0.038352 0.058081
22 0.659801 0.224747 0.032670 0.058081
12 0.845526 0.946338 0.039062 0.079545
3 0.126776 0.779672 0.066051 0.087121
7 0.340554 0.719066 0.033381 0.061869
14 0.758168 0.138889 0.029119 0.047980
6 0.101918 0.356692 0.081676 0.137626
8 0.764205 0.226010 0.049716 0.085859
28 0.766335 0.460227 0.068182 0.082071
25 0.035511 0.758838 0.032670 0.058081
2 0.230114 0.784091 0.062500 0.085859
19 0.267756 0.945076 0.035511 0.061869
13 0.225852 0.926136 0.032670 0.059343
1 0.636719 0.390783 0.034801 0.061869
26 0.402699 0.070076 0.035511 0.061869
29 0.376420 0.260101 0.068182 0.080808
15 0.627841 0.693182 0.024148 0.047980
17 0.729048 0.571970 0.068892 0.085859
11 0.810014 0.869318 0.031960 0.061869
5 0.682173 0.101010 0.026278 0.050505
16 0.890625 0.263889 0.032670 0.058081