2 0.843040 0.683081 0.063920 0.088384
15 0.242898 0.275253 0.038352 0.068182
25 0.607599 0.717172 0.036222 0.063131
25 0.181818 0.254419 0.029830 0.051768
17 0.256747 0.854167 0.041903 0.064394
8 0.170810 0.641414 0.026278 0.050505
27 0.338068 0.625631 0.080966 0.097222
21 0.822443 0.919192 0.031250 0.055556
24 0.356889 0.283460 0.029119 0.051768
18 0.642756 0.248106 0.031250 0.054293
14 0.398438 0.751263 0.022727 0.045455
10 0.618963 0.927399 0.033381 0.064394
11 0.665483 0.648359 0.042614 0.087121
27 0.306108 0.761364 0.079545 0.095960
8 0.118608 0.822601 0.029830 0.056818
11 0.572798 0.172980 0.034801 0.070707
19 0.237926 0.641414 0.036932 0.065657
22 0.129616 0.570076 0.067472 0.082071
0 0.193537 0.561237 0.030540 0.051768
20 0.816051 0.534091 0.038352 0.075758
0 0.655540 0.391414 0.035511 0.060606
15 0.413707 0.682449 0.030540 0.054293
7 0.193182 0.376263 0.048295 0.083333
12 0.180043 0.823232 0.037642 0.068182
24 0.230469 0.168561 0.029119 0.051768
3 0.305753 0.388889 0.078835 0.103535
7 0.495384 0.917298 0.046165 0.079545