12 0.111151 0.912879 0.034801 0.063131
17 0.533736 0.340278 0.030540 0.046717
19 0.576705 0.550505 0.029830 0.053030
17 0.049716 0.318813 0.035511 0.054293
25 0.089489 0.729167 0.036932 0.064394
17 0.585227 0.305556 0.036932 0.055556
11 0.447798 0.520833 0.044744 0.092172
27 0.863636 0.450758 0.065341 0.078283
13 0.159446 0.412879 0.023438 0.037879
1 0.410866 0.212753 0.027699 0.049242
22 0.930753 0.951389 0.075994 0.092172
16 0.288352 0.963384 0.056818 0.070707
11 0.857599 0.135732 0.039062 0.079545
27 0.418679 0.869949 0.058949 0.070707
28 0.509943 0.442551 0.062500 0.074495
11 0.219815 0.501894 0.040483 0.082071
9 0.018111 0.904040 0.026278 0.053030
26 0.440341 0.655303 0.031250 0.055556
27 0.672585 0.168561 0.080966 0.097222
14 0.020241 0.457702 0.022017 0.044192
0 0.213423 0.592803 0.026278 0.044192