10 0.856889 0.263258 0.039062 0.079545
3 0.142401 0.587753 0.066051 0.087121
4 0.478693 0.445076 0.035511 0.056818
1 0.754616 0.931187 0.034801 0.061869
15 0.439986 0.141414 0.068892 0.085859
22 0.603693 0.208333 0.034091 0.058081
24 0.766335 0.741793 0.035511 0.061869
5 0.524503 0.592803 0.033381 0.061869
17 0.027699 0.705177 0.035511 0.061869
21 0.361861 0.316919 0.070312 0.085859
12 0.427202 0.353535 0.029119 0.047980
18 0.041548 0.327652 0.033381 0.059343
14 0.904830 0.837121 0.032670 0.058081
8 0.333807 0.172980 0.032670 0.065657
26 0.952415 0.688763 0.068182 0.082071
7 0.545099 0.133207 0.031960 0.061869
16 0.866477 0.117424 0.038352 0.058081
20 0.310369 0.724747 0.032670 0.058081
6 0.605824 0.904040 0.049716 0.085859
19 0.096946 0.265152 0.034801 0.068182
13 0.084517 0.334596 0.024148 0.047980
11 0.169744 0.953914 0.032670 0.059343
9 0.784446 0.845328 0.031960 0.061869
25 0.560014 0.668561 0.033381 0.059343