15 0.643466 0.520202 0.024148 0.047980
16 0.485795 0.565657 0.032670 0.058081
8 0.574574 0.372475 0.049716 0.085859
17 0.158736 0.457071 0.068892 0.085859
26 0.698153 0.918561 0.035511 0.061869
4 0.120739 0.721591 0.035511 0.056818
2 0.871449 0.636364 0.062500 0.085859
13 0.632102 0.784722 0.032670 0.059343
22 0.127131 0.262626 0.032670 0.058081
12 0.203480 0.275884 0.039062 0.079545
23 0.393821 0.873737 0.070312 0.085859
21 0.184304 0.541667 0.034801 0.068182
10 0.765625 0.315657 0.032670 0.065657
11 0.277344 0.094066 0.031960 0.061869
6 0.689276 0.659722 0.081676 0.137626
9 0.674361 0.361742 0.031960 0.061869
19 0.899858 0.879419 0.035511 0.061869
3 0.150213 0.897096 0.066051 0.087121
1 0.630327 0.134470 0.034801 0.061869
29 0.279830 0.357323 0.068182 0.080808
7 0.408026 0.097854 0.033381 0.061869
27 0.567116 0.682449 0.033381 0.059343
24 0.058239 0.714646 0.034091 0.058081
28 0.423295 0.292298 0.068182 0.082071
0 0.210938 0.050505 0.032670 0.055556
25 0.487926 0.652778 0.032670 0.058081
20 0.748935 0.445076 0.033381 0.059343
14 0.038707 0.638889 0.029119 0.047980
18 0.803977 0.965909 0.038352 0.058081