0 0.796520 0.431187 0.029119 0.049242
4 0.699219 0.236111 0.034801 0.055556
16 0.170455 0.422980 0.061080 0.075758
5 0.073509 0.668561 0.031960 0.059343
0 0.759233 0.771465 0.035511 0.060606
14 0.122869 0.300505 0.024148 0.047980
24 0.595170 0.332071 0.034091 0.060606
12 0.900568 0.803662 0.028409 0.051768
21 0.337358 0.690657 0.029830 0.053030
7 0.583097 0.484848 0.058239 0.101010
7 0.375710 0.439394 0.055398 0.095960
4 0.150213 0.806818 0.034801 0.055556
11 0.512784 0.829545 0.035511 0.073232
10 0.915128 0.090909 0.034801 0.068182
8 0.512429 0.472854 0.034801 0.066919