19 0.857244 0.682449 0.035511 0.061869
18 0.410511 0.161616 0.038352 0.058081
10 0.394176 0.834596 0.032670 0.065657
0 0.835938 0.433081 0.032670 0.055556
8 0.561790 0.178030 0.049716 0.085859
9 0.932884 0.086490 0.031960 0.061869
28 0.394176 0.477904 0.068182 0.082071
2 0.351562 0.667929 0.062500 0.085859
1 0.142401 0.458965 0.034801 0.061869
6 0.719815 0.907197 0.081676 0.137626
25 0.231534 0.924242 0.032670 0.058081
29 0.272017 0.520202 0.068182 0.080808
14 0.532315 0.907828 0.029119 0.047980
5 0.461293 0.968434 0.026278 0.050505
23 0.535866 0.579545 0.070312 0.085859
26 0.019176 0.682449 0.035511 0.061869
20 0.501065 0.504419 0.033381 0.059343
16 0.121449 0.726010 0.032670 0.058081
22 0.563920 0.037879 0.032670 0.058081
27 0.278054 0.174874 0.033381 0.059343
13 0.128551 0.615530 0.032670 0.059343
12 0.636009 0.128157 0.039062 0.079545