13 0.664418 0.883838 0.030540 0.050505
15 0.175781 0.869318 0.031960 0.056818
0 0.421165 0.226010 0.034091 0.058081
19 0.227628 0.344066 0.037642 0.066919
18 0.095170 0.222854 0.035511 0.061869
14 0.466619 0.447601 0.028409 0.056818
5 0.391690 0.589646 0.036222 0.068182
1 0.258523 0.198232 0.041193 0.073232
11 0.242543 0.749369 0.037642 0.077020
0 0.594105 0.450758 0.029119 0.050505
12 0.491122 0.804293 0.033381 0.060606
0 0.634233 0.160354 0.026989 0.045455
23 0.757457 0.247475 0.029119 0.050505
4 0.071023 0.079545 0.041193 0.065657
20 0.417259 0.100379 0.027699 0.054293
18 0.365057 0.447601 0.029830 0.051768
20 0.299006 0.320707 0.032670 0.063131
18 0.110440 0.627525 0.031960 0.055556
14 0.442827 0.694444 0.019176 0.037879
13 0.405540 0.337121 0.034091 0.055556
2 0.557173 0.816288 0.067472 0.092172
6 0.680398 0.570076 0.401989 0.155303
20 0.286932 0.873106 0.031250 0.061869
12 0.731534 0.188763 0.032670 0.059343
18 0.561790 0.089015 0.032670 0.056818
14 0.867543 0.121212 0.027699 0.055556
11 0.793679 0.102904 0.040483 0.082071