26 0.759943 0.092172 0.035511 0.063131
19 0.408381 0.505051 0.036932 0.065657
17 0.119318 0.192551 0.032670 0.049242
18 0.485085 0.876263 0.028409 0.050505
9 0.664773 0.172348 0.035511 0.071970
10 0.598366 0.562500 0.029119 0.056818
3 0.202060 0.883838 0.057528 0.075758
2 0.083452 0.813131 0.071733 0.098485
4 0.674716 0.090909 0.028409 0.045455
11 0.696023 0.323232 0.038352 0.078283
13 0.924361 0.844697 0.024858 0.040404
20 0.586648 0.449495 0.041193 0.080808
25 0.974077 0.286616 0.034801 0.060606
6 0.285156 0.345328 0.399858 0.155303
14 0.456321 0.746843 0.024858 0.049242
24 0.306108 0.228535 0.029830 0.053030
14 0.095170 0.580808 0.021307 0.042929
12 0.519176 0.960227 0.038352 0.069444
12 0.616477 0.214015 0.034091 0.061869
27 0.176491 0.501263 0.054688 0.065657