25 0.338423 0.549874 0.033381 0.059343
2 0.530540 0.438131 0.062500 0.085859
22 0.831676 0.477273 0.034091 0.058081
9 0.644531 0.309975 0.031960 0.061869
4 0.112926 0.538510 0.035511 0.056818
0 0.620028 0.959596 0.032670 0.055556
7 0.616832 0.636995 0.031960 0.061869
11 0.966619 0.125631 0.032670 0.059343
13 0.883523 0.311869 0.024148 0.047980
10 0.504616 0.302399 0.039062 0.079545
27 0.321733 0.238636 0.068182 0.080808
26 0.925426 0.506944 0.068182 0.082071
17 0.205966 0.129419 0.035511 0.061869
6 0.968040 0.359848 0.049716 0.085859
8 0.897017 0.818182 0.032670 0.065657
14 0.324574 0.145202 0.032670 0.058081
1 0.842685 0.539773 0.034801 0.061869
5 0.120384 0.844066 0.033381 0.061869
19 0.408026 0.273990 0.034801 0.068182
12 0.800781 0.258838 0.029119 0.047980
24 0.330966 0.840278 0.035511 0.061869
20 0.181818 0.570707 0.032670 0.058081