8 0.681818 0.418561 0.028409 0.054293
3 0.862216 0.394571 0.073864 0.097222
6 0.618963 0.663510 0.394176 0.152778
25 0.632102 0.881944 0.036932 0.064394
6 0.200284 0.815025 0.355114 0.137626
27 0.407315 0.853535 0.054688 0.065657
0 0.223011 0.467172 0.034091 0.058081
3 0.702415 0.919823 0.056818 0.074495
13 0.416193 0.489268 0.031250 0.051768
10 0.491832 0.255682 0.029119 0.056818
17 0.521662 0.147096 0.030540 0.046717
4 0.786577 0.138258 0.036222 0.056818
17 0.208452 0.603535 0.030540 0.045455
11 0.162642 0.046086 0.044034 0.089646
3 0.694957 0.328283 0.073153 0.095960
10 0.180043 0.528409 0.030540 0.059343
12 0.257812 0.448864 0.034091 0.061869
12 0.933949 0.258207 0.028409 0.051768
26 0.188920 0.342172 0.038352 0.068182
16 0.452415 0.955808 0.062500 0.078283
17 0.100852 0.216540 0.044034 0.066919
28 0.881747 0.646465 0.074574 0.088384
7 0.072798 0.548611 0.040483 0.069444
24 0.206321 0.919823 0.036222 0.064394
24 0.053977 0.034091 0.029830 0.053030
20 0.769886 0.912247 0.034091 0.066919
4 0.980114 0.183712 0.034091 0.054293