4 0.690341 0.207071 0.028409 0.045455
11 0.133523 0.803030 0.045455 0.093434
22 0.672230 0.736111 0.061790 0.075758
6 0.216619 0.395202 0.281250 0.108586
7 0.370384 0.625631 0.056108 0.097222
24 0.829545 0.510101 0.031250 0.055556
21 0.595881 0.830808 0.035511 0.063131
4 0.582031 0.637626 0.037642 0.060606
7 0.738281 0.351641 0.049006 0.084596
2 0.892045 0.303662 0.071023 0.097222
20 0.355469 0.312500 0.027699 0.054293
27 0.375355 0.844697 0.067472 0.080808
26 0.231179 0.246843 0.036222 0.064394
12 0.083097 0.553030 0.038352 0.070707
22 0.212358 0.910985 0.071023 0.087121
26 0.023438 0.522727 0.029830 0.053030
15 0.970881 0.709596 0.031250 0.055556
19 0.797230 0.183712 0.027699 0.049242
18 0.615412 0.723485 0.033381 0.058081
9 0.768821 0.440657 0.027699 0.055556
22 0.224787 0.633207 0.057528 0.069444
20 0.670810 0.931187 0.039062 0.077020
0 0.560724 0.306818 0.027699 0.047980
2 0.434659 0.303030 0.069602 0.095960
0 0.508168 0.375631 0.030540 0.051768
14 0.357599 0.738636 0.019176 0.037879
26 0.655185 0.157197 0.030540 0.054293
17 0.349077 0.200758 0.033381 0.050505