18 0.116122 0.376894 0.033381 0.059343
6 0.368608 0.489899 0.049716 0.085859
10 0.697088 0.875631 0.039062 0.079545
7 0.403054 0.155934 0.031960 0.061869
14 0.402699 0.835859 0.032670 0.058081
21 0.856179 0.079545 0.070312 0.085859
16 0.061790 0.958333 0.038352 0.058081
25 0.567116 0.934975 0.033381 0.059343
13 0.564631 0.829545 0.024148 0.047980
11 0.930398 0.308712 0.032670 0.059343
26 0.627131 0.770833 0.068182 0.082071
8 0.474432 0.549242 0.032670 0.065657
22 0.477983 0.739899 0.034091 0.058081
5 0.506037 0.448864 0.033381 0.061869
0 0.242188 0.137626 0.032670 0.055556
12 0.599077 0.056818 0.029119 0.047980
20 0.719460 0.407828 0.032670 0.058081
24 0.113636 0.032197 0.035511 0.061869