24 0.571023 0.163510 0.035511 0.061869
9 0.049361 0.553662 0.031960 0.061869
22 0.252841 0.493687 0.034091 0.058081
14 0.883523 0.390152 0.032670 0.058081
0 0.920455 0.837121 0.032670 0.055556
18 0.834162 0.666035 0.033381 0.059343
20 0.122159 0.296717 0.032670 0.058081
27 0.398438 0.635101 0.068182 0.080808
12 0.153054 0.429293 0.029119 0.047980
7 0.138139 0.075126 0.031960 0.061869
6 0.917614 0.760101 0.049716 0.085859
17 0.862216 0.849116 0.035511 0.061869
16 0.192472 0.066919 0.038352 0.058081
4 0.299006 0.553662 0.035511 0.056818
19 0.791548 0.147727 0.034801 0.068182
23 0.836648 0.756313 0.032670 0.058081
26 0.556108 0.335227 0.068182 0.082071
21 0.519531 0.660354 0.070312 0.085859
13 0.012784 0.054293 0.024148 0.047980
8 0.149148 0.945707 0.032670 0.065657
25 0.500355 0.561237 0.033381 0.059343
10 0.667259 0.386995 0.039062 0.079545
5 0.694247 0.773359 0.033381 0.061869