13 0.420455 0.189394 0.024148 0.047980
7 0.771662 0.245581 0.031960 0.061869
6 0.775568 0.925505 0.049716 0.085859
27 0.486506 0.133838 0.068182 0.080808
16 0.306108 0.840909 0.038352 0.058081
2 0.497159 0.237374 0.062500 0.085859
0 0.230114 0.949495 0.032670 0.055556
10 0.343395 0.457702 0.039062 0.079545
18 0.045810 0.802399 0.033381 0.059343
1 0.841974 0.312500 0.034801 0.061869
14 0.821733 0.383838 0.032670 0.058081
24 0.544034 0.331439 0.035511 0.061869
5 0.495384 0.407197 0.033381 0.061869
26 0.373580 0.683712 0.068182 0.082071
15 0.579901 0.117424 0.068892 0.085859
8 0.237926 0.356061 0.032670 0.065657
9 0.295810 0.268308 0.031960 0.061869
22 0.949574 0.154040 0.034091 0.058081
17 0.675426 0.784722 0.035511 0.061869
20 0.742188 0.155303 0.032670 0.058081
12 0.659446 0.032828 0.029119 0.047980
3 0.143821 0.104167 0.066051 0.087121
25 0.905185 0.225379 0.033381 0.059343
21 0.454901 0.616162 0.070312 0.085859
23 0.838068 0.747475 0.032670 0.058081
19 0.108310 0.224747 0.034801 0.068182
11 0.179688 0.341540 0.032670 0.059343
4 0.206676 0.121843 0.035511 0.056818