25 0.459517 0.296717 0.036932 0.065657
8 0.051136 0.209596 0.035511 0.063131
19 0.533026 0.110480 0.034801 0.061869
15 0.094460 0.339646 0.034091 0.060606
16 0.516335 0.398990 0.038352 0.068182
12 0.186435 0.333965 0.039062 0.069444
14 0.369673 0.960227 0.037642 0.066919
13 0.914062 0.352273 0.038352 0.068182
28 0.138139 0.811237 0.037642 0.066919
20 0.589134 0.831439 0.029119 0.051768
2 0.234020 0.485480 0.040483 0.071970
2 0.474787 0.506944 0.037642 0.066919
3 0.868963 0.418561 0.039062 0.069444