19 0.832386 0.152146 0.035511 0.061869
27 0.116122 0.609217 0.033381 0.059343
11 0.418679 0.065025 0.031960 0.061869
9 0.317116 0.585227 0.031960 0.061869
18 0.619318 0.059343 0.038352 0.058081
23 0.193537 0.953283 0.070312 0.085859
26 0.681818 0.350379 0.035511 0.061869
1 0.891690 0.341540 0.034801 0.061869
13 0.397017 0.653409 0.032670 0.059343
24 0.260653 0.419192 0.034091 0.058081
25 0.139205 0.351010 0.032670 0.058081
0 0.536932 0.030303 0.032670 0.055556
17 0.606889 0.347222 0.068892 0.085859
16 0.596591 0.842172 0.032670 0.058081
2 0.147017 0.087121 0.062500 0.085859
20 0.905185 0.196338 0.033381 0.059343
7 0.636719 0.679924 0.033381 0.061869
15 0.157670 0.255051 0.024148 0.047980