17 0.479403 0.240530 0.041193 0.061869
0 0.392401 0.957071 0.027699 0.047980
18 0.959162 0.253788 0.034801 0.060606
16 0.327060 0.400884 0.066051 0.082071
7 0.039773 0.854798 0.051136 0.088384
26 0.188920 0.683081 0.035511 0.063131
3 0.753906 0.609217 0.054688 0.071970
20 0.272727 0.327020 0.031250 0.060606
5 0.948153 0.684343 0.032670 0.060606
26 0.869318 0.607323 0.035511 0.063131
27 0.106889 0.331439 0.057528 0.069444
1 0.051491 0.601641 0.027699 0.049242
1 0.100497 0.519571 0.039062 0.069444
3 0.123224 0.106061 0.057528 0.075758
0 0.873224 0.325126 0.033381 0.056818
10 0.599787 0.240530 0.030540 0.059343
11 0.082741 0.736111 0.037642 0.075758
19 0.224077 0.062500 0.030540 0.054293
3 0.935724 0.866793 0.075994 0.099747
23 0.246094 0.469066 0.033381 0.056818
8 0.019886 0.294823 0.025568 0.049242
2 0.514205 0.403409 0.056818 0.077020
5 0.927557 0.771465 0.031250 0.058081
21 0.653764 0.628157 0.036222 0.064394
27 0.390625 0.794823 0.059659 0.071970
26 0.953125 0.154040 0.026989 0.047980
16 0.692116 0.753157 0.074574 0.092172
26 0.349432 0.935606 0.028409 0.050505
19 0.484020 0.542298 0.026278 0.046717