22 0.068182 0.819444 0.032670 0.058081
14 0.104048 0.967172 0.029119 0.047980
8 0.465199 0.694444 0.049716 0.085859
24 0.460227 0.808081 0.034091 0.058081
4 0.057528 0.964015 0.035511 0.056818
11 0.675071 0.288510 0.031960 0.061869
15 0.674716 0.640152 0.024148 0.047980
7 0.428622 0.947601 0.033381 0.061869
10 0.885653 0.165404 0.032670 0.065657
23 0.099787 0.578283 0.070312 0.085859
1 0.504616 0.347854 0.034801 0.061869
0 0.186790 0.463384 0.032670 0.055556
12 0.189986 0.586490 0.039062 0.079545
16 0.274148 0.095960 0.032670 0.058081
3 0.622514 0.111742 0.066051 0.087121
27 0.815696 0.123106 0.033381 0.059343
25 0.541903 0.718434 0.032670 0.058081
18 0.204545 0.053030 0.038352 0.058081
21 0.508168 0.549242 0.034801 0.068182
13 0.977273 0.244318 0.032670 0.059343
6 0.389560 0.357955 0.081676 0.137626
2 0.197443 0.856061 0.062500 0.085859
20 0.698509 0.134470 0.033381 0.059343
5 0.840554 0.784091 0.026278 0.050505
19 0.759943 0.326389 0.035511 0.061869
9 0.554332 0.061237 0.031960 0.061869
29 0.909801 0.256313 0.068182 0.080808
28 0.485795 0.426136 0.068182 0.082071
26 0.178267 0.135732 0.035511 0.061869
17 0.655895 0.728535 0.068892 0.085859