19 0.333807 0.776515 0.026989 0.047980
27 0.531250 0.845960 0.061080 0.073232
1 0.959517 0.915404 0.039773 0.070707
7 0.889205 0.781566 0.045455 0.078283
28 0.595526 0.905934 0.054688 0.064394
3 0.074574 0.210227 0.075284 0.099747
18 0.326349 0.641414 0.033381 0.058081
4 0.470170 0.039773 0.038352 0.061869
8 0.789418 0.652146 0.030540 0.059343
7 0.901989 0.045455 0.052557 0.090909
15 0.167614 0.718434 0.032670 0.058081
25 0.197798 0.308081 0.036222 0.063131
19 0.314986 0.182449 0.037642 0.066919
23 0.880327 0.628157 0.034801 0.059343
12 0.902344 0.404040 0.037642 0.068182
1 0.295455 0.303030 0.035511 0.063131