14 0.702770 0.467172 0.029119 0.047980
28 0.530540 0.797348 0.068182 0.082071
6 0.841974 0.453914 0.081676 0.137626
2 0.752841 0.590909 0.062500 0.085859
17 0.172940 0.310606 0.068892 0.085859
0 0.506392 0.617424 0.032670 0.055556
24 0.365057 0.623737 0.034091 0.058081
29 0.404830 0.247475 0.068182 0.080808
20 0.783026 0.154672 0.033381 0.059343
18 0.955966 0.905303 0.038352 0.058081
22 0.455966 0.121212 0.032670 0.058081
21 0.553622 0.358586 0.034801 0.068182
11 0.236861 0.639520 0.031960 0.061869
16 0.553267 0.112374 0.032670 0.058081
13 0.416903 0.856692 0.032670 0.059343
5 0.256037 0.938131 0.026278 0.050505
4 0.249290 0.071338 0.035511 0.056818
10 0.750000 0.828283 0.032670 0.065657