17 0.723722 0.176768 0.045455 0.068182
7 0.251776 0.409722 0.054688 0.094697
6 0.682884 0.485480 0.399858 0.155303
24 0.149148 0.297980 0.032670 0.058081
11 0.159446 0.611742 0.039062 0.079545
20 0.531960 0.787247 0.034091 0.066919
0 0.017045 0.665404 0.031250 0.053030
8 0.604759 0.046086 0.033381 0.064394
14 0.500000 0.123106 0.021307 0.041667
17 0.776989 0.227273 0.041193 0.063131
21 0.773793 0.360480 0.036222 0.064394
7 0.314631 0.814394 0.051136 0.088384
5 0.072088 0.284722 0.027699 0.051768
8 0.352983 0.086490 0.036932 0.071970
12 0.901634 0.479798 0.029119 0.053030
4 0.430753 0.506944 0.029119 0.046717