19 0.079190 0.456439 0.030540 0.054293
10 0.812145 0.886995 0.031960 0.061869
8 0.854759 0.176136 0.029119 0.056818
24 0.171875 0.362374 0.031250 0.055556
2 0.790128 0.205808 0.057528 0.078283
27 0.355824 0.543561 0.068182 0.082071
12 0.255682 0.193813 0.029830 0.054293
6 0.813920 0.727904 0.282670 0.109848
5 0.835582 0.952652 0.031960 0.059343
15 0.329190 0.099116 0.037642 0.066919
6 0.535511 0.366793 0.289773 0.112374
6 0.368608 0.796086 0.362216 0.140152
22 0.615057 0.744318 0.068182 0.082071
14 0.925781 0.631944 0.023438 0.046717
3 0.901634 0.422980 0.064631 0.085859
28 0.398793 0.106692 0.060369 0.071970
4 0.147372 0.111111 0.033381 0.053030