5 0.071378 0.308712 0.033381 0.061869
2 0.621449 0.718434 0.062500 0.085859
1 0.118963 0.636995 0.034801 0.061869
7 0.262429 0.551136 0.031960 0.061869
16 0.893466 0.392677 0.038352 0.058081
23 0.852273 0.089646 0.032670 0.058081
24 0.589489 0.642045 0.035511 0.061869
17 0.356534 0.472854 0.035511 0.061869
19 0.068537 0.734848 0.034801 0.068182
20 0.724432 0.282828 0.032670 0.058081
18 0.337003 0.811237 0.033381 0.059343
10 0.793679 0.508207 0.039062 0.079545
25 0.387429 0.106692 0.033381 0.059343
14 0.739347 0.892677 0.032670 0.058081
0 0.607955 0.453283 0.032670 0.055556