27 0.045455 0.375000 0.068182 0.080808
25 0.817116 0.582702 0.033381 0.059343
13 0.710938 0.443182 0.024148 0.047980
21 0.406605 0.135101 0.070312 0.085859
3 0.320668 0.393308 0.066051 0.087121
2 0.193182 0.838384 0.062500 0.085859
8 0.519176 0.921717 0.032670 0.065657
7 0.420810 0.928662 0.031960 0.061869
14 0.942472 0.154040 0.032670 0.058081
5 0.794389 0.386995 0.033381 0.061869
12 0.931463 0.345960 0.029119 0.047980
26 0.037642 0.475379 0.068182 0.082071
24 0.056818 0.568813 0.035511 0.061869
1 0.454901 0.836490 0.034801 0.061869
11 0.094460 0.298611 0.032670 0.059343
22 0.557528 0.744949 0.034091 0.058081
4 0.649858 0.940025 0.035511 0.056818
15 0.705611 0.898990 0.068892 0.085859
19 0.493963 0.578283 0.034801 0.068182
6 0.049716 0.713384 0.049716 0.085859
9 0.188565 0.150884 0.031960 0.061869
17 0.168324 0.506944 0.035511 0.061869
16 0.255682 0.598485 0.038352 0.058081
0 0.816051 0.272727 0.032670 0.055556
18 0.714134 0.606692 0.033381 0.059343
20 0.237926 0.502525 0.032670 0.058081
10 0.131747 0.065025 0.039062 0.079545
23 0.644176 0.715909 0.032670 0.058081