24 0.899858 0.871212 0.034091 0.058081
8 0.897017 0.284091 0.049716 0.085859
11 0.983310 0.236742 0.031960 0.061869
9 0.324219 0.318813 0.031960 0.061869
1 0.733310 0.530934 0.034801 0.061869
19 0.235795 0.408460 0.035511 0.061869
17 0.751776 0.183081 0.068892 0.085859
22 0.241477 0.820707 0.032670 0.058081
6 0.580611 0.085227 0.081676 0.137626
2 0.034091 0.493687 0.062500 0.085859
0 0.656250 0.121212 0.032670 0.055556
12 0.453480 0.916035 0.039062 0.079545
25 0.857244 0.546717 0.032670 0.058081
15 0.648438 0.726010 0.024148 0.047980
29 0.860795 0.699495 0.068182 0.080808
4 0.463068 0.833965 0.035511 0.056818
16 0.343040 0.248737 0.032670 0.058081
14 0.248224 0.104798 0.029119 0.047980
7 0.067116 0.186237 0.033381 0.061869
3 0.066406 0.815025 0.066051 0.087121
5 0.863991 0.618687 0.026278 0.050505
27 0.639560 0.953914 0.033381 0.059343
18 0.427557 0.590909 0.038352 0.058081
26 0.686080 0.363005 0.035511 0.061869
28 0.200994 0.907197 0.068182 0.082071
23 0.251776 0.294192 0.070312 0.085859
13 0.953835 0.936237 0.032670 0.059343