26 0.739347 0.797348 0.035511 0.061869
3 0.148082 0.562500 0.066051 0.087121
10 0.583807 0.827020 0.032670 0.065657
9 0.443537 0.044823 0.031960 0.061869
28 0.514205 0.596591 0.068182 0.082071
2 0.295455 0.316919 0.062500 0.085859
6 0.735440 0.609217 0.081676 0.137626
29 0.844460 0.436869 0.068182 0.080808
24 0.715909 0.486111 0.034091 0.058081
1 0.114702 0.802399 0.034801 0.061869
19 0.055398 0.054924 0.035511 0.061869
20 0.817827 0.703914 0.033381 0.059343
13 0.517756 0.860480 0.032670 0.059343
17 0.519531 0.252525 0.068892 0.085859
12 0.232599 0.664773 0.039062 0.079545
22 0.910511 0.489899 0.032670 0.058081
23 0.421520 0.936869 0.070312 0.085859
0 0.706676 0.876263 0.032670 0.055556
21 0.765980 0.300505 0.034801 0.068182
27 0.202060 0.243056 0.033381 0.059343
11 0.279474 0.750631 0.031960 0.061869
14 0.382457 0.650253 0.029119 0.047980
4 0.907670 0.381944 0.035511 0.056818
8 0.177557 0.429293 0.049716 0.085859
16 0.825284 0.306818 0.032670 0.058081
5 0.339134 0.651515 0.026278 0.050505
7 0.783736 0.456439 0.033381 0.061869
15 0.019176 0.665404 0.024148 0.047980
18 0.882812 0.965909 0.038352 0.058081
25 0.653409 0.132576 0.032670 0.058081