28 0.064986 0.738636 0.057528 0.068182
16 0.556818 0.721591 0.062500 0.077020
16 0.910866 0.429924 0.080256 0.099747
13 0.626065 0.923611 0.026278 0.044192
28 0.044744 0.546717 0.066761 0.078283
4 0.687145 0.718434 0.030540 0.047980
11 0.948153 0.692551 0.045455 0.092172
11 0.544744 0.921717 0.038352 0.078283
26 0.845170 0.472222 0.038352 0.068182
28 0.442827 0.428030 0.066051 0.078283
17 0.314631 0.840909 0.045455 0.068182
7 0.642401 0.410985 0.043324 0.074495
27 0.075639 0.246843 0.068892 0.082071
27 0.348011 0.710859 0.065341 0.078283
16 0.735085 0.496843 0.078125 0.097222
9 0.147372 0.313763 0.030540 0.061869
25 0.370384 0.946970 0.040483 0.070707
23 0.584162 0.869318 0.034801 0.059343
5 0.737926 0.410985 0.035511 0.066919
27 0.743963 0.620581 0.068892 0.082071
25 0.724077 0.165404 0.039062 0.068182
1 0.640270 0.645833 0.034801 0.061869
0 0.196733 0.541035 0.036932 0.061869