9 0.329190 0.729167 0.031960 0.061869
18 0.464844 0.538510 0.033381 0.059343
11 0.069602 0.698864 0.032670 0.059343
0 0.759943 0.458333 0.032670 0.055556
19 0.704901 0.334596 0.034801 0.068182
5 0.772372 0.230429 0.033381 0.061869
15 0.386719 0.541667 0.068892 0.085859
3 0.359730 0.395833 0.066051 0.087121
8 0.459517 0.944444 0.032670 0.065657
22 0.328835 0.276515 0.034091 0.058081
14 0.147727 0.396465 0.032670 0.058081
25 0.035866 0.679924 0.033381 0.059343
17 0.242898 0.902146 0.035511 0.061869
7 0.778764 0.063763 0.031960 0.061869
13 0.843040 0.895202 0.024148 0.047980
10 0.903764 0.932449 0.039062 0.079545