18 0.492188 0.179293 0.038352 0.058081
26 0.977983 0.889520 0.035511 0.061869
12 0.716264 0.947601 0.039062 0.079545
27 0.589844 0.672348 0.033381 0.059343
23 0.744673 0.584596 0.070312 0.085859
25 0.860795 0.142677 0.032670 0.058081
2 0.048295 0.827020 0.062500 0.085859
21 0.273082 0.939394 0.034801 0.068182
24 0.059659 0.059343 0.034091 0.058081
15 0.127841 0.029040 0.024148 0.047980
5 0.319247 0.448232 0.026278 0.050505
10 0.320312 0.132576 0.032670 0.065657
1 0.933594 0.823864 0.034801 0.061869
3 0.221946 0.349116 0.066051 0.087121
6 0.491122 0.299874 0.081676 0.137626
28 0.295455 0.533460 0.068182 0.082071
0 0.520597 0.536616 0.032670 0.055556
9 0.262429 0.823864 0.031960 0.061869
4 0.424006 0.099116 0.035511 0.056818
13 0.207386 0.078914 0.032670 0.059343
16 0.397727 0.540404 0.032670 0.058081
17 0.699219 0.492424 0.068892 0.085859