1 0.863281 0.082702 0.034801 0.061869
3 0.151634 0.647096 0.066051 0.087121
27 0.812500 0.363636 0.068182 0.080808
22 0.684659 0.082071 0.034091 0.058081
21 0.225497 0.233586 0.070312 0.085859
13 0.437500 0.032828 0.024148 0.047980
20 0.667614 0.640152 0.032670 0.058081
24 0.595881 0.335227 0.035511 0.061869
12 0.921520 0.814394 0.029119 0.047980
23 0.380682 0.292929 0.032670 0.058081
17 0.272727 0.681187 0.035511 0.061869
5 0.973366 0.147096 0.033381 0.061869
15 0.759588 0.920455 0.068892 0.085859
7 0.532315 0.863005 0.031960 0.061869
0 0.612926 0.482323 0.032670 0.055556
19 0.148793 0.265152 0.034801 0.068182
10 0.049361 0.051136 0.039062 0.079545
25 0.470526 0.475379 0.033381 0.059343
18 0.225497 0.370581 0.033381 0.059343
16 0.458097 0.133838 0.038352 0.058081