17 0.385298 0.380051 0.068892 0.085859
26 0.597301 0.044823 0.035511 0.061869
18 0.877841 0.728535 0.038352 0.058081
13 0.482244 0.356692 0.032670 0.059343
10 0.935369 0.284091 0.032670 0.065657
24 0.678977 0.829545 0.034091 0.058081
29 0.051847 0.623737 0.068182 0.080808
1 0.410866 0.684975 0.034801 0.061869
0 0.399148 0.140152 0.032670 0.055556
8 0.498580 0.445707 0.049716 0.085859
23 0.099787 0.066919 0.070312 0.085859
5 0.230469 0.434343 0.026278 0.050505
4 0.611506 0.201389 0.035511 0.056818
7 0.890270 0.626894 0.033381 0.061869
27 0.550781 0.498106 0.033381 0.059343
14 0.819957 0.627525 0.029119 0.047980