21 0.476918 0.727273 0.070312 0.085859
5 0.829901 0.111742 0.033381 0.061869
13 0.920455 0.388889 0.024148 0.047980
22 0.173295 0.738636 0.034091 0.058081
1 0.697798 0.903409 0.034801 0.061869
15 0.334162 0.815657 0.068892 0.085859
23 0.979403 0.531566 0.032670 0.058081
7 0.653764 0.272096 0.031960 0.061869
27 0.605114 0.537879 0.068182 0.080808
20 0.527699 0.228535 0.032670 0.058081
11 0.061080 0.187500 0.032670 0.059343
24 0.580256 0.181187 0.035511 0.061869
12 0.426491 0.920455 0.029119 0.047980
2 0.234375 0.318182 0.062500 0.085859
16 0.712358 0.832071 0.038352 0.058081
18 0.214134 0.769571 0.033381 0.059343
9 0.789418 0.846591 0.031960 0.061869