18 0.128196 0.638889 0.041903 0.073232
20 0.150923 0.303030 0.037642 0.073232
11 0.176136 0.433712 0.042614 0.087121
27 0.618253 0.244318 0.068892 0.082071
10 0.500710 0.904040 0.035511 0.068182
2 0.786932 0.563763 0.066761 0.092172
4 0.460938 0.417929 0.031250 0.050505
22 0.582386 0.490530 0.061080 0.074495
21 0.626776 0.910985 0.036222 0.064394
14 0.606889 0.847854 0.023438 0.046717
3 0.054688 0.392677 0.076705 0.101010
27 0.796520 0.942551 0.077415 0.092172
26 0.401634 0.380682 0.031960 0.056818
24 0.384588 0.759470 0.034801 0.061869
23 0.087358 0.216540 0.031250 0.054293
4 0.491122 0.737374 0.039062 0.063131
1 0.238281 0.330177 0.031960 0.056818
17 0.048651 0.704545 0.044744 0.068182
4 0.733665 0.484848 0.029830 0.047980
2 0.764205 0.375631 0.053977 0.074495
23 0.978693 0.973485 0.031250 0.053030
28 0.805753 0.180556 0.078835 0.093434
19 0.186080 0.058081 0.031250 0.055556
20 0.666548 0.895202 0.029119 0.058081
9 0.367188 0.397096 0.025568 0.051768
23 0.541193 0.597222 0.029830 0.050505