22 0.926847 0.539141 0.063920 0.078283
3 0.730824 0.370581 0.069602 0.092172
16 0.742543 0.134470 0.075994 0.094697
25 0.794744 0.038510 0.038352 0.066919
19 0.849432 0.315657 0.032670 0.058081
15 0.560369 0.215909 0.031250 0.055556
27 0.726562 0.753788 0.055398 0.065657
11 0.508878 0.226641 0.046165 0.094697
5 0.326349 0.709596 0.029119 0.053030
24 0.982955 0.642677 0.029830 0.053030
22 0.176847 0.739899 0.071023 0.085859
17 0.319247 0.458965 0.037642 0.056818
20 0.532315 0.065025 0.039062 0.077020
2 0.122159 0.602273 0.068182 0.093434
2 0.153054 0.185606 0.053267 0.073232
4 0.414773 0.555556 0.039773 0.063131
26 0.042259 0.523359 0.034801 0.061869
1 0.235085 0.464646 0.041193 0.073232
15 0.323509 0.947601 0.031960 0.056818
19 0.385298 0.903409 0.031960 0.056818
28 0.442472 0.753157 0.079545 0.094697
9 0.200639 0.207702 0.033381 0.066919
6 0.625000 0.526515 0.278409 0.108586
6 0.838423 0.890783 0.316051 0.122475
20 0.560724 0.899621 0.030540 0.059343
17 0.882102 0.614899 0.039773 0.060606
2 0.615412 0.251263 0.051847 0.070707
23 0.652699 0.963384 0.032670 0.055556