0 0.566051 0.792929 0.026989 0.045455
21 0.613636 0.532828 0.035511 0.063131
7 0.478693 0.051768 0.056818 0.098485
28 0.701705 0.366162 0.055398 0.065657
6 0.758168 0.212753 0.281960 0.109848
26 0.129616 0.852904 0.030540 0.054293
19 0.305043 0.029672 0.030540 0.054293
24 0.377486 0.168561 0.029119 0.051768
12 0.939276 0.657828 0.029119 0.053030
2 0.270597 0.433081 0.062500 0.085859
18 0.667969 0.558081 0.039062 0.068182
14 0.067472 0.051768 0.024148 0.047980
21 0.146307 0.045455 0.032670 0.058081
7 0.810014 0.104167 0.053267 0.092172
20 0.157670 0.653409 0.032670 0.064394
10 0.760298 0.568813 0.031960 0.061869
17 0.395597 0.291667 0.039773 0.060606
10 0.252486 0.053662 0.030540 0.059343
21 0.464489 0.181818 0.031250 0.055556
9 0.372514 0.861111 0.027699 0.055556
28 0.759943 0.665404 0.076705 0.090909
21 0.230469 0.556187 0.026278 0.046717