15 0.266335 0.845960 0.034091 0.060606
23 0.871804 0.561237 0.039062 0.066919
24 0.809659 0.876263 0.026989 0.047980
15 0.721946 0.312500 0.029119 0.051768
7 0.595881 0.540404 0.051136 0.088384
25 0.400568 0.589015 0.038352 0.066919
12 0.228338 0.529040 0.026278 0.047980
5 0.238636 0.074495 0.032670 0.060606
27 0.764560 0.595328 0.066051 0.079545
6 0.711293 0.721591 0.284801 0.109848
21 0.282670 0.186869 0.029830 0.053030
25 0.114347 0.120581 0.038352 0.066919
10 0.029474 0.639520 0.037642 0.071970
15 0.946378 0.320076 0.033381 0.059343
10 0.263849 0.633207 0.031960 0.061869
11 0.917259 0.717172 0.036222 0.073232