19 0.516335 0.534091 0.034091 0.060606
8 0.385298 0.873106 0.029119 0.056818
25 0.313565 0.816919 0.033381 0.058081
21 0.700639 0.188763 0.033381 0.059343
4 0.934304 0.207702 0.040483 0.064394
7 0.543679 0.799874 0.041903 0.071970
16 0.711293 0.444444 0.071733 0.088384
11 0.338778 0.517045 0.034091 0.069444
5 0.814276 0.621843 0.036222 0.066919
15 0.614347 0.804293 0.032670 0.058081
25 0.714134 0.901515 0.033381 0.058081
13 0.577770 0.102273 0.029119 0.047980
4 0.083807 0.368056 0.034091 0.054293
6 0.217330 0.650253 0.292614 0.113636
2 0.845170 0.931818 0.053977 0.073232
14 0.144531 0.205177 0.023438 0.046717
23 0.864347 0.608586 0.035511 0.060606
23 0.216974 0.495581 0.037642 0.064394
13 0.784091 0.898359 0.034091 0.056818