24 0.528054 0.130682 0.037642 0.066919
13 0.156250 0.393308 0.032670 0.054293
28 0.370028 0.686237 0.069602 0.082071
1 0.901989 0.684343 0.039773 0.070707
6 0.660866 0.776515 0.351562 0.136364
24 0.369318 0.810606 0.028409 0.050505
16 0.837713 0.565025 0.064631 0.079545
3 0.495739 0.208965 0.052557 0.069444
3 0.460938 0.542929 0.059659 0.078283
5 0.674006 0.416667 0.036932 0.068182
27 0.291193 0.553662 0.059659 0.071970
21 0.324574 0.077020 0.032670 0.058081
22 0.106534 0.698232 0.080966 0.098485
13 0.128906 0.104798 0.024858 0.040404
0 0.732244 0.590278 0.036932 0.061869
25 0.753551 0.118056 0.039773 0.069444
28 0.959872 0.589646 0.070312 0.083333
20 0.498580 0.917929 0.038352 0.075758
19 0.593750 0.411616 0.032670 0.058081
7 0.749645 0.907197 0.050426 0.087121
17 0.100497 0.556187 0.037642 0.056818
10 0.876065 0.761995 0.033381 0.064394
15 0.975852 0.688131 0.031250 0.055556
1 0.519176 0.587121 0.039773 0.070707