17 0.196023 0.120581 0.035511 0.061869
23 0.823153 0.127525 0.032670 0.058081
15 0.702060 0.573232 0.068892 0.085859
5 0.206321 0.687500 0.033381 0.061869
1 0.307173 0.446338 0.034801 0.061869
18 0.106889 0.681187 0.033381 0.059343
22 0.823864 0.498737 0.034091 0.058081
12 0.057173 0.271465 0.029119 0.047980
25 0.123224 0.542298 0.033381 0.059343
21 0.514560 0.843434 0.070312 0.085859
10 0.200639 0.852904 0.039062 0.079545
24 0.857955 0.393308 0.035511 0.061869
7 0.864702 0.253157 0.031960 0.061869
20 0.362926 0.334596 0.032670 0.058081
11 0.281960 0.898359 0.032670 0.059343
6 0.693182 0.828283 0.049716 0.085859
13 0.164773 0.280303 0.024148 0.047980
4 0.839489 0.885732 0.035511 0.056818
9 0.596946 0.611742 0.031960 0.061869
3 0.605469 0.370581 0.066051 0.087121
14 0.360795 0.239899 0.032670 0.058081
0 0.975852 0.059343 0.032670 0.055556
26 0.665483 0.707702 0.068182 0.082071
27 0.328125 0.553030 0.068182 0.080808
8 0.840199 0.669192 0.032670 0.065657
2 0.710938 0.250000 0.062500 0.085859
16 0.855824 0.041667 0.038352 0.058081
19 0.910156 0.450758 0.034801 0.068182