17 0.291548 0.604798 0.068892 0.085859
0 0.409091 0.214646 0.032670 0.055556
28 0.795455 0.557449 0.068182 0.082071
19 0.022017 0.678662 0.035511 0.061869
15 0.396307 0.905303 0.024148 0.047980
5 0.606889 0.082071 0.026278 0.050505
25 0.558949 0.443182 0.032670 0.058081
18 0.512784 0.852273 0.038352 0.058081
12 0.103338 0.121843 0.039062 0.079545
7 0.683594 0.312500 0.033381 0.061869
3 0.491832 0.243056 0.066051 0.087121
14 0.402344 0.118687 0.029119 0.047980
4 0.427557 0.043561 0.035511 0.056818
29 0.223722 0.493687 0.068182 0.080808
26 0.293324 0.177399 0.035511 0.061869
10 0.848722 0.521465 0.032670 0.065657