9 0.674361 0.398359 0.031960 0.061869
22 0.689631 0.771465 0.034091 0.058081
21 0.484020 0.704545 0.070312 0.085859
1 0.569247 0.589015 0.034801 0.061869
12 0.589844 0.280303 0.029119 0.047980
5 0.476207 0.090278 0.033381 0.061869
6 0.314631 0.477273 0.049716 0.085859
23 0.641335 0.349747 0.032670 0.058081
25 0.499645 0.802399 0.033381 0.059343
7 0.476207 0.200126 0.031960 0.061869
8 0.602983 0.359848 0.032670 0.065657
11 0.290483 0.120581 0.032670 0.059343
2 0.321023 0.726010 0.062500 0.085859
3 0.825639 0.147096 0.066051 0.087121
13 0.456676 0.872475 0.024148 0.047980
17 0.561790 0.886995 0.035511 0.061869
15 0.087713 0.361111 0.068892 0.085859
10 0.137429 0.909722 0.039062 0.079545
18 0.930753 0.178662 0.033381 0.059343
19 0.979759 0.750000 0.034801 0.068182
16 0.181108 0.434343 0.038352 0.058081
0 0.754972 0.031566 0.032670 0.055556
4 0.913352 0.482955 0.035511 0.056818
24 0.262784 0.395833 0.035511 0.061869
27 0.683239 0.864899 0.068182 0.080808