23 0.848722 0.247475 0.032670 0.058081
3 0.956321 0.855429 0.066051 0.087121
25 0.525213 0.749369 0.033381 0.059343
22 0.719460 0.771465 0.034091 0.058081
8 0.059659 0.465909 0.032670 0.065657
15 0.441406 0.501263 0.068892 0.085859
9 0.197798 0.697601 0.031960 0.061869
6 0.606534 0.568182 0.049716 0.085859
7 0.424361 0.317551 0.031960 0.061869
1 0.778054 0.350379 0.034801 0.061869
4 0.309659 0.129419 0.035511 0.056818
27 0.759943 0.196970 0.068182 0.080808
26 0.541903 0.659722 0.068182 0.082071
19 0.400213 0.146465 0.034801 0.068182
18 0.900213 0.155934 0.033381 0.059343
13 0.982955 0.267677 0.024148 0.047980
21 0.841264 0.827020 0.070312 0.085859
14 0.401278 0.948232 0.032670 0.058081