15 0.448153 0.292929 0.038352 0.068182
8 0.218750 0.202020 0.028409 0.050505
18 0.799361 0.894571 0.027699 0.049242
24 0.092685 0.306187 0.034801 0.061869
6 0.258523 0.625000 0.038352 0.068182
27 0.138494 0.582071 0.029830 0.053030
10 0.251065 0.934975 0.034801 0.061869
5 0.673651 0.153409 0.027699 0.049242
22 0.507457 0.328914 0.037642 0.066919
18 0.327770 0.250631 0.031960 0.056818
11 0.205256 0.844697 0.032670 0.058081
2 0.748224 0.847854 0.033381 0.059343
28 0.704901 0.438763 0.027699 0.049242