6 0.168679 0.707702 0.081676 0.137626
25 0.818182 0.661616 0.032670 0.058081
1 0.503196 0.514520 0.034801 0.061869
11 0.871094 0.822601 0.031960 0.061869
2 0.683239 0.102273 0.062500 0.085859
5 0.167969 0.348485 0.026278 0.050505
13 0.200994 0.234217 0.032670 0.059343
28 0.634233 0.594066 0.068182 0.082071
20 0.594815 0.902146 0.033381 0.059343
14 0.425071 0.299242 0.029119 0.047980
3 0.179332 0.493056 0.066051 0.087121
16 0.367898 0.922980 0.032670 0.058081
12 0.621804 0.095328 0.039062 0.079545
26 0.748580 0.792298 0.035511 0.061869
0 0.226562 0.763889 0.032670 0.055556
7 0.641690 0.924874 0.033381 0.061869
19 0.580966 0.547348 0.035511 0.061869
10 0.019176 0.876263 0.032670 0.065657
24 0.550426 0.060606 0.034091 0.058081
29 0.690341 0.784091 0.068182 0.080808
21 0.363281 0.824495 0.034801 0.068182
17 0.609730 0.827020 0.068892 0.085859