28 0.144531 0.515783 0.037642 0.066919
19 0.546165 0.133838 0.038352 0.068182
26 0.595881 0.046717 0.034091 0.060606
22 0.770241 0.577652 0.037642 0.066919
20 0.732244 0.898990 0.031250 0.055556
13 0.180398 0.585859 0.028409 0.050505
8 0.695668 0.960227 0.037642 0.066919
26 0.087358 0.482323 0.035511 0.063131
0 0.167614 0.325758 0.035511 0.063131
13 0.638849 0.929924 0.029119 0.051768
10 0.884588 0.738005 0.029119 0.051768
2 0.443892 0.516414 0.035511 0.063131
20 0.940341 0.655303 0.032670 0.058081