23 0.762074 0.948232 0.032670 0.058081
15 0.464134 0.946970 0.068892 0.085859
6 0.773438 0.702020 0.049716 0.085859
11 0.686790 0.384470 0.032670 0.059343
9 0.187145 0.618056 0.031960 0.061869
7 0.800071 0.131944 0.031960 0.061869
3 0.466264 0.153409 0.066051 0.087121
25 0.142401 0.363005 0.033381 0.059343
20 0.602983 0.828283 0.032670 0.058081
18 0.155185 0.081439 0.033381 0.059343
5 0.704190 0.533460 0.033381 0.061869
4 0.648438 0.293561 0.035511 0.056818
24 0.031960 0.659722 0.035511 0.061869
22 0.628551 0.553030 0.034091 0.058081
14 0.942472 0.573232 0.032670 0.058081
21 0.438565 0.363636 0.070312 0.085859
1 0.907315 0.129419 0.034801 0.061869