15 0.580966 0.707071 0.032670 0.058081
18 0.184304 0.796717 0.029119 0.050505
26 0.593040 0.791667 0.036932 0.065657
23 0.448153 0.573864 0.029830 0.051768
13 0.707386 0.360480 0.031250 0.051768
25 0.109020 0.419192 0.040483 0.070707
18 0.327415 0.883207 0.036932 0.064394
5 0.268111 0.913510 0.027699 0.051768
12 0.764560 0.130051 0.033381 0.060606
22 0.568182 0.892677 0.058239 0.070707
23 0.377486 0.583965 0.027699 0.046717
17 0.496094 0.749369 0.031960 0.049242
27 0.884943 0.407197 0.076705 0.092172
25 0.457386 0.932449 0.034091 0.059343
4 0.211648 0.124369 0.034091 0.054293
15 0.690341 0.877525 0.026989 0.047980
3 0.433594 0.690025 0.071733 0.094697
7 0.742898 0.811869 0.056818 0.098485
14 0.325639 0.645833 0.026278 0.051768
22 0.827060 0.647096 0.075994 0.092172
23 0.209517 0.215909 0.031250 0.053030
10 0.181108 0.294192 0.028409 0.055556
18 0.976562 0.668561 0.041193 0.071970
21 0.767401 0.424874 0.026278 0.046717
1 0.330611 0.193813 0.039062 0.069444
17 0.094815 0.560606 0.033381 0.050505