27 0.577415 0.308081 0.061080 0.073232
14 0.032315 0.859217 0.027699 0.054293
26 0.057173 0.316288 0.030540 0.054293
8 0.512074 0.390152 0.026989 0.053030
11 0.219815 0.914141 0.034801 0.070707
7 0.771307 0.756313 0.046875 0.080808
22 0.455256 0.823232 0.076705 0.093434
24 0.091619 0.190657 0.036932 0.065657
14 0.505682 0.269571 0.022727 0.044192
12 0.196023 0.470328 0.031250 0.056818
3 0.759233 0.298611 0.073864 0.097222
2 0.720170 0.411616 0.068182 0.093434
26 0.460582 0.126894 0.029119 0.051768
15 0.552202 0.470328 0.030540 0.054293
3 0.791193 0.574495 0.072443 0.095960
22 0.373224 0.065025 0.077415 0.094697
8 0.713423 0.854167 0.030540 0.059343
28 0.806463 0.676768 0.061790 0.073232
8 0.025923 0.092803 0.030540 0.059343