28 0.387784 0.081439 0.068182 0.082071
5 0.841974 0.815657 0.026278 0.050505
25 0.946733 0.630051 0.032670 0.058081
19 0.753551 0.586490 0.035511 0.061869
21 0.640270 0.623737 0.034801 0.068182
15 0.943182 0.799242 0.024148 0.047980
14 0.801491 0.953283 0.029119 0.047980
7 0.709162 0.280934 0.033381 0.061869
2 0.703125 0.555556 0.062500 0.085859
27 0.417259 0.924874 0.033381 0.059343
0 0.128551 0.066919 0.032670 0.055556
6 0.474787 0.363005 0.081676 0.137626
18 0.778409 0.695707 0.038352 0.058081
1 0.318537 0.066288 0.034801 0.061869
9 0.287997 0.578914 0.031960 0.061869
12 0.389560 0.344066 0.039062 0.079545
3 0.261009 0.695076 0.066051 0.087121
4 0.140625 0.821338 0.035511 0.056818
16 0.359375 0.633838 0.032670 0.058081
8 0.279830 0.457071 0.049716 0.085859
10 0.768466 0.132576 0.032670 0.065657
13 0.152699 0.736742 0.032670 0.059343
26 0.843750 0.152146 0.035511 0.061869
23 0.190696 0.628788 0.070312 0.085859
17 0.406605 0.218434 0.068892 0.085859
24 0.892045 0.852273 0.034091 0.058081
20 0.582031 0.702652 0.033381 0.059343
29 0.426847 0.742424 0.068182 0.080808
22 0.308239 0.316919 0.032670 0.058081