2 0.051491 0.722854 0.056108 0.077020
8 0.416903 0.698864 0.028409 0.054293
7 0.419034 0.244949 0.049716 0.085859
2 0.248935 0.282828 0.064631 0.088384
27 0.113281 0.566919 0.075994 0.090909
20 0.132812 0.683081 0.029830 0.058081
19 0.299006 0.609848 0.038352 0.068182
24 0.597656 0.417298 0.036222 0.064394
24 0.348366 0.399621 0.033381 0.059343
27 0.928622 0.757576 0.080256 0.095960
24 0.104403 0.137626 0.032670 0.058081
4 0.931108 0.666035 0.036932 0.059343
9 0.521307 0.808081 0.032670 0.065657
9 0.274503 0.815025 0.033381 0.066919
17 0.403764 0.883207 0.036222 0.054293
17 0.599432 0.354167 0.031250 0.046717
19 0.320668 0.908460 0.034801 0.061869
14 0.870028 0.386364 0.021307 0.042929
7 0.226207 0.583333 0.057528 0.098485
7 0.209872 0.779672 0.056108 0.097222
3 0.581321 0.818813 0.075994 0.099747
19 0.801847 0.051768 0.036932 0.065657