2 0.662997 0.305556 0.064631 0.088384
22 0.213423 0.414141 0.068892 0.083333
6 0.335938 0.691919 0.365057 0.141414
9 0.584517 0.394571 0.029830 0.059343
13 0.815341 0.653409 0.029830 0.049242
26 0.658381 0.444444 0.028409 0.050505
0 0.753196 0.307449 0.034801 0.059343
15 0.279474 0.967803 0.031960 0.056818
16 0.212003 0.261995 0.070312 0.087121
0 0.568182 0.503788 0.035511 0.060606
0 0.722301 0.892677 0.038352 0.065657
27 0.298295 0.453283 0.075284 0.090909
13 0.935369 0.926136 0.032670 0.054293
8 0.111861 0.876263 0.037642 0.073232
21 0.806108 0.527778 0.032670 0.058081