8 0.408381 0.939394 0.035511 0.068182
8 0.070312 0.363005 0.035511 0.069444
13 0.376420 0.570707 0.034091 0.055556
22 0.109375 0.155934 0.073864 0.089646
17 0.705256 0.856061 0.038352 0.058081
4 0.112926 0.301136 0.034091 0.054293
28 0.466974 0.757576 0.066051 0.078283
13 0.589134 0.657828 0.023438 0.037879
12 0.255327 0.753788 0.027699 0.050505
2 0.079901 0.554293 0.063210 0.085859
15 0.947443 0.196970 0.038352 0.068182
25 0.814276 0.571970 0.037642 0.065657
13 0.845170 0.157197 0.032670 0.054293
6 0.585227 0.378157 0.393466 0.152778
20 0.564986 0.118056 0.027699 0.054293
18 0.165838 0.277778 0.030540 0.053030
12 0.496094 0.900884 0.027699 0.049242
13 0.393466 0.250631 0.026989 0.044192
18 0.782670 0.707702 0.039773 0.069444
15 0.287642 0.834596 0.028409 0.050505
25 0.534091 0.595328 0.038352 0.066919
28 0.857955 0.863636 0.075284 0.088384
18 0.305753 0.279040 0.030540 0.053030
8 0.236861 0.688131 0.037642 0.073232
4 0.486506 0.133207 0.036932 0.059343
10 0.448509 0.917298 0.033381 0.064394
26 0.776989 0.070707 0.028409 0.050505