14 0.952060 0.634470 0.022017 0.044192
27 0.349077 0.295455 0.077415 0.093434
22 0.713423 0.721591 0.075994 0.092172
9 0.470881 0.344066 0.036932 0.074495
18 0.825639 0.305556 0.034801 0.060606
1 0.378551 0.664141 0.032670 0.058081
21 0.586293 0.481692 0.026278 0.046717
23 0.880682 0.559343 0.034091 0.058081
11 0.677202 0.466540 0.039062 0.079545
19 0.507457 0.350379 0.027699 0.049242
25 0.121449 0.267045 0.039773 0.069444
17 0.245739 0.455808 0.045455 0.068182
16 0.208807 0.719066 0.079545 0.099747
6 0.340909 0.115530 0.278409 0.107323
21 0.502841 0.080808 0.026989 0.047980
13 0.598722 0.278409 0.031250 0.051768
20 0.688565 0.292298 0.033381 0.064394
21 0.794744 0.902778 0.036932 0.065657
26 0.924006 0.375000 0.038352 0.068182
1 0.818892 0.592172 0.038352 0.068182
19 0.071378 0.226641 0.031960 0.056818