10 0.023793 0.216540 0.039062 0.079545
23 0.762784 0.449495 0.032670 0.058081
17 0.390625 0.955177 0.035511 0.061869
26 0.312500 0.176136 0.068182 0.082071
3 0.623224 0.238005 0.066051 0.087121
22 0.268466 0.429293 0.034091 0.058081
24 0.660511 0.342803 0.035511 0.061869
1 0.970526 0.844066 0.034801 0.061869
7 0.393821 0.176136 0.031960 0.061869
2 0.485795 0.474747 0.062500 0.085859
12 0.672940 0.560606 0.029119 0.047980
25 0.536577 0.832702 0.033381 0.059343
16 0.240767 0.492424 0.038352 0.058081
18 0.453480 0.073864 0.033381 0.059343
27 0.852983 0.207071 0.068182 0.080808
9 0.862571 0.686237 0.031960 0.061869
4 0.468040 0.849116 0.035511 0.056818
15 0.451349 0.669192 0.068892 0.085859
0 0.943182 0.125000 0.032670 0.055556
13 0.325994 0.689394 0.024148 0.047980
8 0.550426 0.253788 0.032670 0.065657
6 0.835938 0.351010 0.049716 0.085859
14 0.263494 0.593434 0.032670 0.058081
5 0.286577 0.275884 0.033381 0.061869