11 0.047230 0.533460 0.031960 0.061869
6 0.137429 0.854167 0.081676 0.137626
15 0.357955 0.068182 0.024148 0.047980
26 0.490057 0.674874 0.035511 0.061869
1 0.072088 0.942551 0.034801 0.061869
24 0.739347 0.398990 0.034091 0.058081
3 0.406605 0.652146 0.066051 0.087121
17 0.787287 0.611111 0.068892 0.085859
7 0.760298 0.717803 0.033381 0.061869
16 0.397017 0.522727 0.032670 0.058081
29 0.251420 0.279040 0.068182 0.080808
13 0.160511 0.038510 0.032670 0.059343
0 0.438210 0.965909 0.032670 0.055556
25 0.487216 0.452020 0.032670 0.058081
21 0.852628 0.375000 0.034801 0.068182
22 0.432528 0.347222 0.032670 0.058081
9 0.583452 0.943813 0.031960 0.061869
12 0.887429 0.763258 0.039062 0.079545
5 0.227628 0.842172 0.026278 0.050505
27 0.536577 0.482955 0.033381 0.059343
23 0.213423 0.104798 0.070312 0.085859
2 0.288352 0.468434 0.062500 0.085859
14 0.981889 0.521465 0.029119 0.047980
19 0.561790 0.188763 0.035511 0.061869
8 0.229403 0.934343 0.049716 0.085859
10 0.097301 0.520202 0.032670 0.065657
20 0.577060 0.865530 0.033381 0.059343