1 0.346236 0.528409 0.034801 0.061869
9 0.765270 0.506944 0.031960 0.061869
23 0.928622 0.232323 0.070312 0.085859
8 0.499290 0.487374 0.049716 0.085859
25 0.051136 0.420455 0.032670 0.058081
27 0.234020 0.190025 0.033381 0.059343
29 0.509943 0.280303 0.068182 0.080808
3 0.359020 0.317551 0.066051 0.087121
22 0.235795 0.114899 0.032670 0.058081
6 0.567116 0.671086 0.081676 0.137626
5 0.947088 0.068182 0.026278 0.050505
4 0.621449 0.918561 0.035511 0.056818
26 0.727273 0.878157 0.035511 0.061869
21 0.417259 0.924242 0.034801 0.068182
14 0.176491 0.881313 0.029119 0.047980
20 0.184304 0.087753 0.033381 0.059343
18 0.851562 0.914141 0.038352 0.058081
11 0.930043 0.621843 0.031960 0.061869
16 0.800426 0.386364 0.032670 0.058081
12 0.750355 0.791035 0.039062 0.079545