16 0.642401 0.700758 0.060369 0.075758
1 0.350142 0.233586 0.038352 0.068182
6 0.595170 0.503157 0.276989 0.107323
13 0.951349 0.196970 0.029119 0.047980
6 0.747514 0.251263 0.337358 0.131313
12 0.645241 0.097222 0.037642 0.068182
16 0.508878 0.708333 0.068892 0.085859
5 0.417969 0.625631 0.034801 0.064394
26 0.845881 0.502525 0.032670 0.058081
6 0.283026 0.853535 0.389915 0.151515
10 0.757102 0.917929 0.029830 0.058081
23 0.630327 0.897096 0.036222 0.061869
12 0.831321 0.796717 0.033381 0.060606
19 0.362571 0.652146 0.039062 0.069444
11 0.958452 0.906566 0.031960 0.065657
6 0.338778 0.123737 0.301136 0.116162
5 0.073153 0.654040 0.034091 0.063131
14 0.295099 0.556818 0.027699 0.055556
10 0.279830 0.268939 0.028409 0.055556
8 0.030185 0.529040 0.027699 0.053030
28 0.050071 0.289773 0.054688 0.064394
8 0.587003 0.114899 0.036222 0.070707
13 0.629261 0.365530 0.028409 0.046717