14 0.817116 0.241162 0.019176 0.037879
5 0.655895 0.708965 0.034801 0.064394
3 0.265980 0.833965 0.070312 0.092172
21 0.259588 0.105429 0.033381 0.059343
19 0.970170 0.717172 0.032670 0.058081
22 0.707031 0.909722 0.081676 0.099747
18 0.599432 0.480429 0.035511 0.061869
1 0.760298 0.571338 0.034801 0.061869
6 0.379972 0.667929 0.350852 0.136364
21 0.518111 0.779672 0.029119 0.051768
6 0.236151 0.342803 0.304688 0.117424
13 0.984020 0.468434 0.029119 0.047980
8 0.433594 0.147727 0.036222 0.070707
27 0.855114 0.755682 0.062500 0.074495
12 0.492898 0.457702 0.029830 0.054293
18 0.338778 0.104167 0.039773 0.069444
0 0.703480 0.381944 0.027699 0.046717
2 0.937855 0.114268 0.066051 0.089646
9 0.436790 0.863636 0.032670 0.065657
15 0.979048 0.265783 0.031960 0.056818
20 0.656250 0.495581 0.029830 0.059343
16 0.078125 0.542298 0.082386 0.102273
1 0.025923 0.812500 0.031960 0.056818
25 0.107599 0.089646 0.040483 0.070707
12 0.057528 0.631944 0.026989 0.049242
6 0.708452 0.136995 0.308949 0.119949
19 0.894886 0.609848 0.036932 0.065657