19 0.956676 0.634470 0.035511 0.061869
4 0.353693 0.200126 0.035511 0.056818
13 0.356534 0.710227 0.032670 0.059343
15 0.263494 0.459596 0.024148 0.047980
20 0.383168 0.524621 0.033381 0.059343
23 0.422230 0.248737 0.070312 0.085859
0 0.392756 0.890152 0.032670 0.055556
8 0.904830 0.540404 0.049716 0.085859
25 0.743608 0.564394 0.032670 0.058081
21 0.196378 0.864899 0.034801 0.068182
10 0.272727 0.928030 0.032670 0.065657
1 0.102628 0.436237 0.034801 0.061869
2 0.961648 0.085859 0.062500 0.085859
26 0.293324 0.792298 0.035511 0.061869
18 0.690341 0.395202 0.038352 0.058081
7 0.279474 0.636995 0.033381 0.061869
27 0.653054 0.836490 0.033381 0.059343
12 0.069957 0.673611 0.039062 0.079545
9 0.605469 0.455177 0.031960 0.061869
24 0.682528 0.689394 0.034091 0.058081
16 0.675426 0.171717 0.032670 0.058081
14 0.645952 0.590909 0.029119 0.047980