28 0.665128 0.607323 0.078835 0.093434
22 0.533026 0.587121 0.070312 0.085859
21 0.964489 0.454545 0.029830 0.053030
7 0.262429 0.466540 0.040483 0.069444
28 0.800426 0.613636 0.063920 0.075758
3 0.882812 0.202652 0.062500 0.082071
1 0.262074 0.843434 0.028409 0.050505
28 0.582741 0.803030 0.078835 0.093434
10 0.062145 0.536616 0.033381 0.065657
21 0.229759 0.922348 0.026278 0.046717
12 0.744318 0.232955 0.031250 0.056818
3 0.420810 0.373737 0.067472 0.088384
1 0.900568 0.792929 0.041193 0.073232
17 0.180043 0.926136 0.037642 0.056818
4 0.359020 0.376894 0.040483 0.064394
26 0.297230 0.188763 0.039062 0.069444
12 0.587713 0.926768 0.030540 0.055556
21 0.495028 0.167929 0.031250 0.055556