11 0.912997 0.478535 0.044744 0.090909
16 0.119318 0.721591 0.059659 0.074495
17 0.301136 0.571970 0.041193 0.063131
22 0.098366 0.873737 0.083097 0.101010
26 0.778054 0.215278 0.037642 0.066919
12 0.396662 0.108586 0.039062 0.070707
16 0.650213 0.281566 0.067472 0.083333
11 0.746449 0.513258 0.036932 0.074495
4 0.387429 0.754419 0.029119 0.046717
0 0.617543 0.582702 0.036222 0.061869
7 0.520952 0.546086 0.057528 0.099747
7 0.777699 0.739899 0.042614 0.073232
9 0.017756 0.441919 0.035511 0.070707
19 0.862926 0.544192 0.032670 0.058081
23 0.504261 0.761364 0.036932 0.063131
22 0.129616 0.309975 0.077415 0.094697
4 0.510298 0.917298 0.037642 0.059343
28 0.792259 0.875000 0.068892 0.080808
23 0.368963 0.310606 0.029119 0.050505
23 0.428622 0.860480 0.040483 0.069444