10 0.357955 0.559343 0.032670 0.065657
25 0.593040 0.426768 0.032670 0.058081
1 0.219105 0.202652 0.034801 0.061869
17 0.435724 0.867424 0.068892 0.085859
14 0.645241 0.752525 0.029119 0.047980
7 0.167259 0.383207 0.033381 0.061869
2 0.778409 0.099747 0.062500 0.085859
27 0.892401 0.043561 0.033381 0.059343
19 0.434659 0.245581 0.035511 0.061869
16 0.605824 0.162879 0.032670 0.058081
9 0.243963 0.508207 0.031960 0.061869
29 0.561080 0.516414 0.068182 0.080808
22 0.146307 0.095960 0.032670 0.058081
24 0.233665 0.861111 0.034091 0.058081
26 0.090909 0.900884 0.035511 0.061869
5 0.835582 0.546717 0.026278 0.050505
4 0.034091 0.510732 0.035511 0.056818
28 0.182528 0.544823 0.068182 0.082071
11 0.751065 0.700126 0.031960 0.061869
13 0.463068 0.113005 0.032670 0.059343
23 0.944957 0.300505 0.070312 0.085859
20 0.945668 0.049874 0.033381 0.059343
21 0.021662 0.227273 0.034801 0.068182
6 0.947088 0.581439 0.081676 0.137626
12 0.757457 0.379419 0.039062 0.079545
8 0.267756 0.261364 0.049716 0.085859
0 0.938210 0.681818 0.032670 0.055556
15 0.560369 0.372475 0.024148 0.047980
3 0.273082 0.722854 0.066051 0.087121