24 0.823864 0.295455 0.036932 0.065657
21 0.975852 0.406566 0.029830 0.053030
13 0.141335 0.342172 0.026989 0.047980
23 0.651989 0.032828 0.029830 0.053030
2 0.974432 0.919192 0.039773 0.070707
22 0.515270 0.217803 0.029119 0.051768
4 0.937145 0.476641 0.030540 0.054293
14 0.194602 0.806818 0.034091 0.060606
22 0.188565 0.957702 0.033381 0.059343
3 0.207386 0.231061 0.031250 0.055556
6 0.357244 0.709596 0.029830 0.053030
16 0.206321 0.410985 0.030540 0.054293
0 0.886009 0.797348 0.031960 0.056818