13 0.535511 0.332702 0.029830 0.049242
12 0.084872 0.335859 0.026278 0.047980
11 0.808594 0.080177 0.040483 0.082071
12 0.363281 0.229798 0.033381 0.060606
19 0.650568 0.541667 0.031250 0.055556
1 0.088068 0.866162 0.032670 0.058081
27 0.721236 0.690657 0.075994 0.090909
6 0.262429 0.638889 0.318892 0.123737
11 0.464134 0.916035 0.046165 0.094697
26 0.020241 0.054924 0.036222 0.064394
12 0.352273 0.327020 0.038352 0.070707
24 0.563565 0.719066 0.030540 0.054293
13 0.765625 0.777146 0.031250 0.051768
11 0.433949 0.370581 0.032670 0.066919
14 0.649503 0.186237 0.026278 0.051768
1 0.919034 0.571970 0.036932 0.065657
12 0.652344 0.425505 0.031960 0.058081
24 0.281605 0.105429 0.027699 0.049242
6 0.250000 0.441919 0.294034 0.113636
22 0.130682 0.184343 0.072443 0.088384
10 0.804332 0.617424 0.036222 0.070707
5 0.461648 0.501263 0.032670 0.060606
24 0.850497 0.109217 0.033381 0.059343
4 0.022727 0.191288 0.039773 0.064394
12 0.490412 0.363636 0.037642 0.068182
5 0.863281 0.196338 0.033381 0.061869
16 0.190696 0.303030 0.067472 0.083333
20 0.913707 0.373106 0.030540 0.059343
15 0.285156 0.038510 0.030540 0.054293