23 0.828835 0.479798 0.032670 0.058081
27 0.156250 0.955808 0.068182 0.080808
1 0.617543 0.730429 0.034801 0.061869
14 0.980114 0.233586 0.032670 0.058081
4 0.314631 0.291035 0.035511 0.056818
18 0.133878 0.563763 0.033381 0.059343
8 0.298295 0.098485 0.032670 0.065657
17 0.779119 0.871843 0.035511 0.061869
24 0.354403 0.230429 0.035511 0.061869
20 0.623580 0.550505 0.032670 0.058081
6 0.536222 0.364899 0.049716 0.085859
12 0.591264 0.294192 0.029119 0.047980
19 0.280185 0.791667 0.034801 0.068182
2 0.519176 0.792929 0.062500 0.085859
10 0.682884 0.851641 0.039062 0.079545
22 0.747869 0.574495 0.034091 0.058081
16 0.509943 0.582071 0.038352 0.058081
25 0.511719 0.886995 0.033381 0.059343
21 0.903764 0.147727 0.070312 0.085859
11 0.127841 0.255682 0.032670 0.059343
13 0.491477 0.690657 0.024148 0.047980
15 0.435014 0.856061 0.068892 0.085859
9 0.094105 0.515783 0.031960 0.061869
0 0.391335 0.263889 0.032670 0.055556
26 0.236506 0.447601 0.068182 0.082071
3 0.436435 0.178662 0.066051 0.087121