16 0.801136 0.638889 0.038352 0.058081
26 0.752131 0.871843 0.068182 0.082071
11 0.296875 0.081439 0.032670 0.059343
13 0.411932 0.058081 0.024148 0.047980
4 0.341619 0.539773 0.035511 0.056818
20 0.646307 0.758838 0.032670 0.058081
2 0.063920 0.531566 0.062500 0.085859
21 0.854048 0.328283 0.070312 0.085859
14 0.486506 0.763889 0.032670 0.058081
1 0.676491 0.451389 0.034801 0.061869
27 0.583097 0.324495 0.068182 0.080808
25 0.726207 0.196338 0.033381 0.059343
23 0.064631 0.924242 0.032670 0.058081
18 0.537997 0.134470 0.033381 0.059343
3 0.419389 0.837753 0.066051 0.087121
15 0.588423 0.767677 0.068892 0.085859
10 0.572088 0.945076 0.039062 0.079545
7 0.748224 0.687500 0.031960 0.061869
8 0.260653 0.073232 0.032670 0.065657
0 0.343750 0.720960 0.032670 0.055556
24 0.519176 0.892045 0.035511 0.061869
17 0.830256 0.240530 0.035511 0.061869
5 0.499645 0.407197 0.033381 0.061869
9 0.694957 0.357955 0.031960 0.061869
6 0.312500 0.929293 0.049716 0.085859