27 0.304688 0.829545 0.068182 0.080808
9 0.388849 0.964015 0.031960 0.061869
4 0.480824 0.648359 0.035511 0.056818
6 0.333097 0.292929 0.049716 0.085859
3 0.158736 0.376894 0.066051 0.087121
21 0.575639 0.050505 0.070312 0.085859
23 0.833807 0.193182 0.032670 0.058081
8 0.559659 0.726010 0.032670 0.065657
2 0.107244 0.231061 0.062500 0.085859
16 0.588068 0.323232 0.038352 0.058081
26 0.911222 0.880682 0.068182 0.082071
25 0.932884 0.038510 0.033381 0.059343
24 0.919744 0.490530 0.035511 0.061869
1 0.410156 0.322601 0.034801 0.061869
22 0.751420 0.969697 0.034091 0.058081
13 0.105824 0.849747 0.024148 0.047980
19 0.316406 0.200758 0.034801 0.068182
18 0.830611 0.659722 0.033381 0.059343
15 0.372514 0.476010 0.068892 0.085859
11 0.911932 0.716540 0.032670 0.059343
0 0.305398 0.453283 0.032670 0.055556
5 0.224077 0.143308 0.033381 0.061869
17 0.731534 0.370581 0.035511 0.061869
10 0.448509 0.361742 0.039062 0.079545
20 0.089489 0.104798 0.032670 0.058081
7 0.945668 0.236742 0.031960 0.061869
12 0.287287 0.750000 0.029119 0.047980