28 0.405895 0.137626 0.068892 0.080808
20 0.491122 0.120581 0.029119 0.056818
27 0.139205 0.484848 0.079545 0.095960
4 0.176491 0.112374 0.036222 0.058081
11 0.488991 0.809343 0.031960 0.065657
22 0.414062 0.505682 0.069602 0.084596
16 0.241832 0.510732 0.075994 0.094697
25 0.701349 0.470960 0.031960 0.055556
24 0.770241 0.761995 0.029119 0.051768
23 0.256392 0.741162 0.029830 0.050505
10 0.975852 0.325758 0.032670 0.063131
23 0.569247 0.864268 0.037642 0.064394
23 0.399503 0.832702 0.030540 0.051768
24 0.775213 0.265783 0.026278 0.046717
15 0.070668 0.948864 0.034801 0.061869
5 0.276278 0.138889 0.036932 0.068182
23 0.551847 0.160354 0.039773 0.068182
17 0.952770 0.924874 0.030540 0.046717
16 0.533736 0.450758 0.070312 0.088384
8 0.907315 0.882576 0.027699 0.053030