2 0.390625 0.366162 0.062500 0.085859
25 0.615412 0.799874 0.033381 0.059343
20 0.964489 0.618687 0.032670 0.058081
11 0.745028 0.950126 0.032670 0.059343
15 0.638849 0.952020 0.068892 0.085859
14 0.681818 0.075758 0.032670 0.058081
5 0.210582 0.773359 0.033381 0.061869
1 0.329190 0.510732 0.034801 0.061869
12 0.895952 0.537879 0.029119 0.047980
21 0.545099 0.767677 0.070312 0.085859
22 0.149148 0.930556 0.034091 0.058081
27 0.584517 0.487374 0.068182 0.080808
23 0.206676 0.426768 0.032670 0.058081
8 0.624290 0.244949 0.032670 0.065657
10 0.346236 0.841540 0.039062 0.079545
18 0.343395 0.706439 0.033381 0.059343