8 0.783381 0.323232 0.049716 0.085859
17 0.400213 0.880051 0.068892 0.085859
24 0.406960 0.804293 0.034091 0.058081
22 0.629261 0.087121 0.032670 0.058081
4 0.770597 0.826389 0.035511 0.056818
16 0.774858 0.703283 0.032670 0.058081
21 0.577770 0.862374 0.034801 0.068182
1 0.948509 0.366793 0.034801 0.061869
5 0.866122 0.428030 0.026278 0.050505
2 0.088778 0.357323 0.062500 0.085859
25 0.036932 0.396465 0.032670 0.058081
3 0.073509 0.547348 0.066051 0.087121
15 0.639915 0.970960 0.024148 0.047980
11 0.665838 0.374369 0.031960 0.061869
13 0.690341 0.236742 0.032670 0.059343
0 0.740057 0.189394 0.032670 0.055556
10 0.397727 0.292929 0.032670 0.065657
14 0.261719 0.294192 0.029119 0.047980
18 0.148438 0.907828 0.038352 0.058081
28 0.392045 0.446338 0.068182 0.082071
27 0.080611 0.719066 0.033381 0.059343
23 0.914418 0.119949 0.070312 0.085859
6 0.150213 0.642045 0.081676 0.137626
20 0.294389 0.565025 0.033381 0.059343