21 0.361861 0.178662 0.026278 0.046717
15 0.630327 0.308712 0.030540 0.054293
1 0.681463 0.476641 0.030540 0.054293
27 0.764915 0.416667 0.069602 0.083333
27 0.904119 0.183712 0.063920 0.077020
2 0.595526 0.812500 0.061790 0.084596
20 0.513139 0.726010 0.036222 0.070707
12 0.962003 0.799242 0.029119 0.053030
6 0.279830 0.934975 0.298295 0.114899
14 0.288707 0.452020 0.019176 0.037879
13 0.381037 0.106692 0.034801 0.056818
24 0.893466 0.292929 0.031250 0.055556
1 0.697443 0.664141 0.041193 0.073232
26 0.160866 0.517045 0.031960 0.056818
19 0.426847 0.174242 0.031250 0.055556
21 0.233310 0.551136 0.034801 0.061869
10 0.529474 0.405303 0.029119 0.055556
8 0.325284 0.769571 0.035511 0.069444
2 0.334872 0.421717 0.071733 0.098485
7 0.686435 0.815025 0.057528 0.099747
21 0.455611 0.360480 0.037642 0.066919
14 0.169389 0.580177 0.023438 0.046717
25 0.323509 0.077020 0.031960 0.055556