3 0.837003 0.738005 0.066051 0.087121
14 0.266335 0.915404 0.032670 0.058081
12 0.696378 0.339646 0.029119 0.047980
7 0.886719 0.962753 0.031960 0.061869
19 0.895241 0.176768 0.034801 0.068182
10 0.104048 0.513258 0.039062 0.079545
20 0.729403 0.707071 0.032670 0.058081
13 0.097301 0.603535 0.024148 0.047980
22 0.357955 0.386364 0.034091 0.058081
15 0.075639 0.333333 0.068892 0.085859
11 0.252841 0.284722 0.032670 0.059343
16 0.842330 0.891414 0.038352 0.058081
27 0.234375 0.127525 0.068182 0.080808
4 0.647017 0.548611 0.035511 0.056818
1 0.285156 0.380682 0.034801 0.061869
26 0.122869 0.860480 0.068182 0.082071
6 0.428267 0.073232 0.049716 0.085859
9 0.435014 0.260732 0.031960 0.061869
24 0.583097 0.392045 0.035511 0.061869
2 0.413352 0.821970 0.062500 0.085859
5 0.789418 0.291035 0.033381 0.061869
8 0.161932 0.214646 0.032670 0.065657
25 0.707741 0.240530 0.033381 0.059343