22 0.313920 0.402778 0.032670 0.058081
2 0.413352 0.862374 0.062500 0.085859
12 0.050071 0.285985 0.039062 0.079545
5 0.647372 0.300505 0.026278 0.050505
4 0.313920 0.327652 0.035511 0.056818
8 0.606534 0.458333 0.049716 0.085859
25 0.838778 0.553030 0.032670 0.058081
16 0.967330 0.636364 0.032670 0.058081
14 0.099077 0.828283 0.029119 0.047980
26 0.646307 0.825126 0.035511 0.061869
19 0.178977 0.738005 0.035511 0.061869
6 0.316406 0.923611 0.081676 0.137626
23 0.930043 0.525253 0.070312 0.085859
10 0.379972 0.724747 0.032670 0.065657
29 0.720170 0.939394 0.068182 0.080808
15 0.430398 0.263889 0.024148 0.047980
0 0.256392 0.542929 0.032670 0.055556
20 0.931463 0.615530 0.033381 0.059343
3 0.550071 0.802399 0.066051 0.087121
24 0.828835 0.905303 0.034091 0.058081
17 0.491122 0.512626 0.068892 0.085859
1 0.462003 0.092803 0.034801 0.061869
7 0.752486 0.083965 0.033381 0.061869
9 0.810724 0.174874 0.031960 0.061869
13 0.379972 0.264520 0.032670 0.059343
21 0.250355 0.830808 0.034801 0.068182
28 0.165483 0.419823 0.068182 0.082071
27 0.741832 0.182449 0.033381 0.059343