7 0.370384 0.601641 0.033381 0.061869
14 0.350497 0.502525 0.029119 0.047980
5 0.774503 0.385101 0.026278 0.050505
29 0.102983 0.633838 0.068182 0.080808
27 0.155895 0.344066 0.033381 0.059343
8 0.612216 0.335859 0.049716 0.085859
22 0.418324 0.715909 0.032670 0.058081
17 0.508168 0.256313 0.068892 0.085859
12 0.875355 0.057449 0.039062 0.079545
16 0.524148 0.513889 0.032670 0.058081
13 0.618608 0.816288 0.032670 0.059343
23 0.341264 0.393939 0.070312 0.085859
20 0.202770 0.498106 0.033381 0.059343
6 0.731889 0.618056 0.081676 0.137626
19 0.711648 0.066288 0.035511 0.061869
28 0.500000 0.125631 0.068182 0.082071
4 0.881392 0.658460 0.035511 0.056818
11 0.332031 0.067551 0.031960 0.061869
2 0.740767 0.465909 0.062500 0.085859
26 0.203835 0.664773 0.035511 0.061869
21 0.258878 0.808081 0.034801 0.068182
10 0.983665 0.549242 0.032670 0.065657
18 0.398438 0.785354 0.038352 0.058081
25 0.737926 0.335859 0.032670 0.058081
24 0.029830 0.487374 0.034091 0.058081