4 0.739347 0.176136 0.035511 0.056818
12 0.403764 0.237374 0.029119 0.047980
18 0.349077 0.148359 0.033381 0.059343
6 0.309659 0.785354 0.049716 0.085859
22 0.090909 0.448232 0.034091 0.058081
14 0.343750 0.650253 0.032670 0.058081
24 0.559659 0.118056 0.035511 0.061869
23 0.364347 0.845960 0.032670 0.058081
2 0.088068 0.728535 0.062500 0.085859
8 0.639205 0.862374 0.032670 0.065657
25 0.855469 0.078914 0.033381 0.059343
10 0.531605 0.761995 0.039062 0.079545
13 0.933949 0.694444 0.024148 0.047980
17 0.467330 0.270833 0.035511 0.061869
9 0.202060 0.690025 0.031960 0.061869
11 0.698153 0.740530 0.032670 0.059343
7 0.410156 0.522096 0.031960 0.061869
15 0.304332 0.315657 0.068892 0.085859
19 0.114702 0.220960 0.034801 0.068182
16 0.820312 0.792929 0.038352 0.058081
5 0.635298 0.695076 0.033381 0.061869
3 0.555753 0.231692 0.066051 0.087121
21 0.449219 0.148990 0.070312 0.085859
27 0.794034 0.116162 0.068182 0.080808
0 0.629261 0.065657 0.032670 0.055556
26 0.759943 0.749369 0.068182 0.082071