18 0.588778 0.815657 0.038352 0.058081
22 0.699574 0.768939 0.032670 0.058081
21 0.200639 0.034091 0.034801 0.068182
29 0.363636 0.406566 0.068182 0.080808
15 0.754972 0.071970 0.024148 0.047980
20 0.605469 0.522096 0.033381 0.059343
25 0.514205 0.508838 0.032670 0.058081
10 0.069602 0.900253 0.032670 0.065657
27 0.104759 0.318813 0.033381 0.059343
5 0.236861 0.174242 0.026278 0.050505
26 0.410511 0.157197 0.035511 0.061869
24 0.535511 0.214646 0.034091 0.058081
4 0.518466 0.398359 0.035511 0.056818
23 0.037287 0.068182 0.070312 0.085859
16 0.088068 0.821970 0.032670 0.058081