0 0.214489 0.936869 0.032670 0.055556
4 0.029119 0.466540 0.035511 0.056818
16 0.187500 0.661616 0.032670 0.058081
9 0.783736 0.465278 0.031960 0.061869
14 0.699219 0.767677 0.029119 0.047980
8 0.953125 0.772727 0.049716 0.085859
13 0.274148 0.397096 0.032670 0.059343
28 0.933949 0.282197 0.068182 0.082071
18 0.080966 0.402778 0.038352 0.058081
22 0.325994 0.160354 0.032670 0.058081
15 0.564631 0.883838 0.024148 0.047980
5 0.193537 0.027778 0.026278 0.050505
6 0.726207 0.113005 0.081676 0.137626
17 0.454190 0.438131 0.068892 0.085859
10 0.546165 0.265152 0.032670 0.065657
29 0.652699 0.959596 0.068182 0.080808
3 0.682884 0.292298 0.066051 0.087121
23 0.421520 0.224747 0.070312 0.085859
27 0.743253 0.724116 0.033381 0.059343
24 0.230824 0.315657 0.034091 0.058081
2 0.764915 0.905303 0.062500 0.085859
11 0.476918 0.923611 0.031960 0.061869