19 0.027344 0.829545 0.034801 0.068182
21 0.098366 0.452020 0.070312 0.085859
1 0.449219 0.341540 0.034801 0.061869
11 0.434659 0.739268 0.032670 0.059343
24 0.757102 0.787247 0.035511 0.061869
23 0.814631 0.098485 0.032670 0.058081
10 0.363991 0.166035 0.039062 0.079545
14 0.195312 0.662879 0.032670 0.058081
20 0.347301 0.608586 0.032670 0.058081
12 0.045099 0.902778 0.029119 0.047980
25 0.479759 0.414773 0.033381 0.059343
6 0.537642 0.763889 0.049716 0.085859
4 0.438210 0.413510 0.035511 0.056818
16 0.220170 0.443182 0.038352 0.058081
0 0.841619 0.877525 0.032670 0.055556