15 0.441761 0.508838 0.034091 0.060606
8 0.789418 0.535354 0.037642 0.073232
27 0.558239 0.400253 0.075284 0.090909
15 0.633523 0.046717 0.031250 0.055556
15 0.248935 0.796086 0.027699 0.049242
19 0.568537 0.495581 0.027699 0.049242
25 0.847656 0.253788 0.034801 0.060606
2 0.674006 0.430556 0.073864 0.101010
13 0.636009 0.814394 0.027699 0.045455
4 0.736861 0.217172 0.034801 0.055556
13 0.355114 0.825126 0.034091 0.056818
18 0.773082 0.391414 0.033381 0.058081
14 0.694957 0.651515 0.019176 0.037879
24 0.078480 0.110480 0.036222 0.064394
16 0.776989 0.671086 0.063920 0.079545
18 0.024503 0.618687 0.031960 0.055556
13 0.404830 0.039773 0.024148 0.039141