12 0.808239 0.126263 0.038352 0.070707
0 0.043324 0.122475 0.029830 0.050505
14 0.089489 0.708965 0.021307 0.041667
17 0.405895 0.799242 0.031960 0.047980
12 0.719460 0.636364 0.038352 0.070707
17 0.714489 0.380682 0.039773 0.059343
21 0.272372 0.690025 0.037642 0.066919
26 0.658381 0.327020 0.029830 0.053030
19 0.588423 0.256944 0.030540 0.054293
10 0.404474 0.375631 0.026278 0.051768
27 0.854403 0.337121 0.061080 0.073232
0 0.183239 0.820076 0.038352 0.064394
13 0.539773 0.733586 0.024148 0.040404
13 0.035866 0.061869 0.030540 0.050505
14 0.910156 0.697601 0.026278 0.051768
13 0.636364 0.644571 0.034091 0.056818
14 0.695312 0.838384 0.028409 0.055556
14 0.680753 0.697601 0.024858 0.049242
15 0.302202 0.812500 0.029119 0.051768
10 0.478693 0.380682 0.036932 0.071970
19 0.780185 0.264520 0.029119 0.051768
22 0.912997 0.102904 0.063210 0.077020
15 0.327770 0.688763 0.039062 0.069444
26 0.047585 0.893939 0.038352 0.068182
10 0.930043 0.334596 0.027699 0.053030
12 0.032670 0.696338 0.035511 0.064394
17 0.102628 0.116793 0.039062 0.059343
1 0.464489 0.708333 0.029830 0.053030