20 0.838778 0.796717 0.032670 0.058081
2 0.257812 0.790404 0.062500 0.085859
19 0.818537 0.702020 0.034801 0.068182
5 0.032315 0.936237 0.033381 0.061869
17 0.843750 0.243056 0.035511 0.061869
11 0.161222 0.751894 0.032670 0.059343
18 0.143821 0.294823 0.033381 0.059343
13 0.029119 0.287879 0.024148 0.047980
15 0.153054 0.122475 0.068892 0.085859
14 0.982955 0.834596 0.032670 0.058081
4 0.036222 0.653409 0.035511 0.056818
0 0.756392 0.651515 0.032670 0.055556
1 0.972656 0.710227 0.034801 0.061869
8 0.308949 0.435606 0.032670 0.065657
24 0.357244 0.553662 0.035511 0.061869
22 0.090199 0.837121 0.034091 0.058081
27 0.109375 0.678030 0.068182 0.080808
7 0.443537 0.823864 0.031960 0.061869
23 0.686080 0.380051 0.032670 0.058081
26 0.539062 0.287247 0.068182 0.082071
16 0.262784 0.099747 0.038352 0.058081
12 0.581321 0.074495 0.029119 0.047980