13 0.894176 0.255051 0.024148 0.047980
22 0.951705 0.525253 0.034091 0.058081
23 0.965199 0.688131 0.032670 0.058081
24 0.144176 0.081439 0.035511 0.061869
19 0.236151 0.669192 0.034801 0.068182
14 0.164062 0.448232 0.032670 0.058081
10 0.598366 0.220328 0.039062 0.079545
4 0.889205 0.726641 0.035511 0.056818
16 0.721591 0.843434 0.038352 0.058081
25 0.103338 0.243056 0.033381 0.059343
7 0.597656 0.386995 0.031960 0.061869
5 0.521662 0.163510 0.033381 0.061869
2 0.437500 0.674242 0.062500 0.085859
12 0.681463 0.061869 0.029119 0.047980
26 0.696733 0.400884 0.068182 0.082071
15 0.104759 0.159091 0.068892 0.085859