20 0.746094 0.523359 0.030540 0.054293
7 0.577770 0.307449 0.040483 0.071970
6 0.919744 0.901515 0.038352 0.068182
19 0.711648 0.950758 0.039773 0.070707
16 0.774503 0.142045 0.039062 0.069444
25 0.833807 0.905303 0.028409 0.050505
20 0.084162 0.360480 0.031960 0.056818
1 0.567472 0.184343 0.036932 0.065657
15 0.750355 0.357955 0.036222 0.064394
4 0.088778 0.844697 0.029830 0.053030
12 0.128551 0.963384 0.036932 0.065657
27 0.635653 0.693182 0.035511 0.063131
14 0.769886 0.286616 0.035511 0.063131