19 0.041193 0.931818 0.032670 0.058081
1 0.052912 0.813763 0.039062 0.069444
12 0.497159 0.325126 0.026989 0.049242
1 0.451705 0.835859 0.028409 0.050505
3 0.360795 0.938131 0.065341 0.085859
5 0.388139 0.654672 0.027699 0.051768
25 0.450639 0.743687 0.037642 0.065657
11 0.907315 0.465909 0.041903 0.085859
19 0.290838 0.702652 0.036222 0.064394
24 0.656960 0.250000 0.026989 0.047980
27 0.911577 0.675505 0.060369 0.073232
9 0.921875 0.222854 0.028409 0.056818
27 0.749290 0.080177 0.076705 0.092172
3 0.636719 0.130051 0.064631 0.085859
0 0.230114 0.442551 0.038352 0.064394
0 0.769176 0.523359 0.026989 0.046717
6 0.333807 0.118056 0.309659 0.119949
27 0.394886 0.731692 0.071023 0.084596
6 0.742543 0.823232 0.351562 0.136364
19 0.110440 0.595328 0.034801 0.061869
12 0.721236 0.530303 0.034801 0.063131