4 0.436435 0.327652 0.039062 0.069444
16 0.037287 0.809975 0.033381 0.059343
27 0.544034 0.905303 0.034091 0.060606
17 0.657670 0.856061 0.031250 0.055556
7 0.845170 0.123737 0.028409 0.050505
2 0.029119 0.340909 0.028409 0.050505
6 0.101562 0.044192 0.034091 0.060606
10 0.556463 0.095328 0.039062 0.069444
13 0.667259 0.240530 0.040483 0.071970
3 0.165128 0.759470 0.033381 0.059343
14 0.780540 0.818182 0.029830 0.053030
24 0.919744 0.938131 0.038352 0.068182
20 0.362216 0.099747 0.039773 0.070707