21 0.297230 0.876894 0.026278 0.046717
10 0.935724 0.404672 0.034801 0.066919
4 0.745739 0.686869 0.032670 0.053030
3 0.316406 0.280934 0.058949 0.077020
26 0.784801 0.525253 0.039773 0.070707
4 0.778764 0.295455 0.036222 0.058081
10 0.649503 0.134470 0.030540 0.059343
19 0.049716 0.563131 0.029830 0.053030
4 0.915838 0.183081 0.033381 0.053030
17 0.320312 0.618687 0.039773 0.060606
15 0.547940 0.424874 0.030540 0.054293
9 0.184659 0.469697 0.035511 0.070707
19 0.562500 0.492424 0.035511 0.063131
7 0.337713 0.545455 0.040483 0.070707
5 0.085227 0.114899 0.038352 0.070707
15 0.264560 0.929924 0.034801 0.061869
28 0.254972 0.409091 0.055398 0.065657
28 0.416193 0.553662 0.071023 0.084596
11 0.035156 0.901515 0.037642 0.075758
19 0.357955 0.398990 0.035511 0.063131
1 0.656250 0.505051 0.032670 0.058081
19 0.193892 0.239899 0.028409 0.050505
6 0.359020 0.081439 0.355824 0.137626