27 0.239702 0.671086 0.033381 0.059343
20 0.931463 0.345328 0.033381 0.059343
22 0.906960 0.561869 0.032670 0.058081
26 0.615767 0.226641 0.035511 0.061869
28 0.853693 0.041035 0.068182 0.082071
18 0.933949 0.053030 0.038352 0.058081
4 0.830966 0.278409 0.035511 0.056818
2 0.429688 0.574495 0.062500 0.085859
24 0.415483 0.292929 0.034091 0.058081
1 0.503196 0.086490 0.034801 0.061869
13 0.818182 0.191288 0.032670 0.059343
23 0.265270 0.208333 0.070312 0.085859
15 0.034801 0.585859 0.024148 0.047980
16 0.619318 0.547980 0.032670 0.058081
19 0.328835 0.433712 0.035511 0.061869
12 0.235440 0.327652 0.039062 0.079545
21 0.129616 0.700758 0.034801 0.068182
5 0.526634 0.630051 0.026278 0.050505