3 0.114702 0.919823 0.066051 0.087121
9 0.587713 0.234217 0.031960 0.061869
27 0.595170 0.674242 0.068182 0.080808
15 0.545810 0.368687 0.068892 0.085859
13 0.056108 0.233586 0.024148 0.047980
6 0.063210 0.481061 0.049716 0.085859
2 0.224432 0.363636 0.062500 0.085859
1 0.780895 0.929924 0.034801 0.061869
5 0.221946 0.635732 0.033381 0.061869
10 0.083452 0.784722 0.039062 0.079545
19 0.745384 0.566919 0.034801 0.068182
8 0.885653 0.527778 0.032670 0.065657
24 0.637784 0.096591 0.035511 0.061869
17 0.167614 0.399621 0.035511 0.061869
11 0.428977 0.779672 0.032670 0.059343
16 0.633523 0.962121 0.038352 0.058081
26 0.763494 0.783460 0.068182 0.082071
14 0.122159 0.787879 0.032670 0.058081
23 0.546165 0.878788 0.032670 0.058081
21 0.422230 0.398990 0.070312 0.085859
18 0.135298 0.062500 0.033381 0.059343
12 0.579901 0.154040 0.029119 0.047980
4 0.105824 0.253157 0.035511 0.056818
22 0.699574 0.608586 0.034091 0.058081
7 0.858310 0.910985 0.031960 0.061869
25 0.341974 0.679924 0.033381 0.059343
0 0.286222 0.176768 0.032670 0.055556
20 0.036932 0.597222 0.032670 0.058081