8 0.432528 0.651515 0.032670 0.065657
10 0.265270 0.073864 0.039062 0.079545
26 0.208097 0.148359 0.068182 0.082071
25 0.577060 0.957702 0.033381 0.059343
22 0.317472 0.484848 0.034091 0.058081
4 0.845170 0.292298 0.035511 0.056818
14 0.361506 0.167929 0.032670 0.058081
3 0.713423 0.520833 0.066051 0.087121
1 0.708452 0.292298 0.034801 0.061869
2 0.914062 0.585859 0.062500 0.085859
6 0.149148 0.478535 0.049716 0.085859
9 0.738991 0.736742 0.031960 0.061869
20 0.842330 0.727273 0.032670 0.058081
23 0.634233 0.261364 0.032670 0.058081
11 0.776989 0.471591 0.032670 0.059343
18 0.028764 0.585227 0.033381 0.059343
0 0.801136 0.659091 0.032670 0.055556
27 0.368608 0.758838 0.068182 0.080808
15 0.724787 0.174242 0.068892 0.085859
19 0.665128 0.383838 0.034801 0.068182
24 0.428267 0.053662 0.035511 0.061869
12 0.324929 0.661616 0.029119 0.047980
21 0.435014 0.202020 0.070312 0.085859
16 0.477273 0.616162 0.038352 0.058081
13 0.478693 0.727273 0.024148 0.047980
5 0.045810 0.153409 0.033381 0.061869
7 0.140980 0.922348 0.031960 0.061869
17 0.131392 0.703914 0.035511 0.061869