27 0.064986 0.597222 0.068892 0.083333
6 0.704545 0.683081 0.372159 0.143939
10 0.491477 0.356692 0.026989 0.051768
10 0.022017 0.198232 0.029830 0.058081
2 0.158026 0.895833 0.056108 0.077020
17 0.849077 0.551768 0.033381 0.050505
10 0.230114 0.397727 0.035511 0.068182
3 0.643111 0.457071 0.067472 0.088384
17 0.240057 0.617424 0.045455 0.068182
4 0.512784 0.191288 0.029830 0.046717
1 0.435369 0.174242 0.029830 0.053030
3 0.241477 0.221591 0.063920 0.084596
11 0.330256 0.307449 0.034091 0.069444
26 0.339844 0.868056 0.039062 0.069444
9 0.068537 0.296717 0.026278 0.053030
12 0.933594 0.487374 0.037642 0.068182
4 0.454901 0.071970 0.037642 0.060606
23 0.094460 0.801768 0.036932 0.063131
28 0.045099 0.378157 0.063210 0.074495
13 0.958807 0.115530 0.028409 0.046717
16 0.289062 0.051136 0.082386 0.102273