8 0.286932 0.215909 0.032670 0.065657
19 0.743253 0.416667 0.034801 0.068182
9 0.874645 0.864268 0.031960 0.061869
4 0.913352 0.577652 0.035511 0.056818
23 0.156960 0.595960 0.032670 0.058081
11 0.858665 0.077652 0.032670 0.059343
12 0.288707 0.773990 0.029119 0.047980
10 0.217685 0.719066 0.039062 0.079545
27 0.200284 0.892677 0.068182 0.080808
13 0.542614 0.816919 0.024148 0.047980
5 0.523793 0.625631 0.033381 0.061869
0 0.446023 0.517677 0.032670 0.055556
2 0.607244 0.441919 0.062500 0.085859
17 0.073153 0.190025 0.035511 0.061869
20 0.670455 0.233586 0.032670 0.058081
15 0.124645 0.914141 0.068892 0.085859
24 0.034091 0.059975 0.035511 0.061869
25 0.936435 0.142045 0.033381 0.059343
1 0.494673 0.144571 0.034801 0.061869