17 0.482244 0.745581 0.035511 0.061869
7 0.423651 0.259470 0.031960 0.061869
12 0.606179 0.512626 0.029119 0.047980
6 0.281250 0.440657 0.049716 0.085859
10 0.797230 0.458965 0.039062 0.079545
25 0.035156 0.427399 0.033381 0.059343
24 0.378551 0.297348 0.035511 0.061869
11 0.084517 0.964015 0.032670 0.059343
2 0.548295 0.165404 0.062500 0.085859
5 0.602628 0.361742 0.033381 0.061869
15 0.722656 0.689394 0.068892 0.085859
1 0.319247 0.686237 0.034801 0.061869
3 0.651634 0.126894 0.066051 0.087121
23 0.193892 0.271465 0.032670 0.058081
16 0.777699 0.892677 0.038352 0.058081
0 0.637074 0.770202 0.032670 0.055556
26 0.573864 0.597854 0.068182 0.082071
19 0.858310 0.892677 0.034801 0.068182
20 0.402699 0.535354 0.032670 0.058081
13 0.431108 0.138889 0.024148 0.047980
9 0.202770 0.823864 0.031960 0.061869
14 0.253551 0.223485 0.032670 0.058081
21 0.726207 0.494949 0.070312 0.085859
22 0.018466 0.968434 0.034091 0.058081
27 0.178267 0.713384 0.068182 0.080808
4 0.899148 0.548611 0.035511 0.056818
8 0.600142 0.273990 0.032670 0.065657
18 0.498224 0.342803 0.033381 0.059343