0 0.265270 0.053662 0.031960 0.054293
9 0.979759 0.589015 0.030540 0.061869
3 0.554688 0.364268 0.058239 0.077020
1 0.619673 0.399621 0.027699 0.049242
16 0.154474 0.449495 0.063210 0.078283
10 0.255682 0.808712 0.025568 0.049242
16 0.514560 0.061237 0.064631 0.079545
0 0.124645 0.318813 0.037642 0.064394
2 0.430398 0.639520 0.052557 0.071970
14 0.329545 0.239899 0.021307 0.042929
22 0.741477 0.917298 0.079545 0.097222
0 0.875710 0.712753 0.025568 0.044192
21 0.360795 0.494949 0.038352 0.068182
3 0.836293 0.370581 0.064631 0.084596
24 0.198864 0.279040 0.035511 0.063131
22 0.375000 0.836490 0.071023 0.087121
14 0.366477 0.125000 0.025568 0.050505
26 0.841619 0.452020 0.031250 0.055556
26 0.860085 0.080808 0.031250 0.055556
0 0.223366 0.111742 0.027699 0.046717
28 0.753196 0.104798 0.056108 0.065657
2 0.413352 0.374369 0.069602 0.094697
3 0.747869 0.627525 0.063920 0.083333