11 0.502841 0.918561 0.032670 0.059343
4 0.252131 0.226641 0.035511 0.056818
0 0.493608 0.118687 0.032670 0.055556
26 0.343750 0.263258 0.068182 0.082071
6 0.176136 0.446970 0.049716 0.085859
17 0.734375 0.644571 0.035511 0.061869
18 0.925071 0.087753 0.033381 0.059343
2 0.834517 0.049242 0.062500 0.085859
1 0.041548 0.317551 0.034801 0.061869
7 0.878196 0.590278 0.031960 0.061869
12 0.288707 0.200758 0.029119 0.047980
25 0.890980 0.510732 0.033381 0.059343
16 0.404119 0.621212 0.038352 0.058081
24 0.182528 0.580177 0.035511 0.061869
20 0.809659 0.325758 0.032670 0.058081
9 0.657315 0.105429 0.031960 0.061869
14 0.411932 0.170455 0.032670 0.058081
27 0.647017 0.900253 0.068182 0.080808
21 0.040838 0.797980 0.070312 0.085859
19 0.459872 0.728535 0.034801 0.068182
3 0.384588 0.402146 0.066051 0.087121
5 0.693537 0.238005 0.033381 0.061869
13 0.560369 0.609848 0.024148 0.047980
22 0.090909 0.193182 0.034091 0.058081
15 0.595526 0.517677 0.068892 0.085859