16 0.882102 0.156566 0.062500 0.078283
24 0.790838 0.652146 0.030540 0.054293
28 0.128551 0.158460 0.079545 0.094697
16 0.612571 0.241793 0.080256 0.099747
2 0.756037 0.737374 0.058949 0.080808
11 0.340909 0.950758 0.041193 0.083333
26 0.397017 0.925505 0.036932 0.065657
1 0.589134 0.490530 0.029119 0.051768
24 0.069957 0.595328 0.034801 0.061869
9 0.516335 0.936869 0.031250 0.063131
0 0.108665 0.648359 0.036932 0.061869
27 0.097656 0.739899 0.067472 0.080808
5 0.968395 0.520833 0.037642 0.069444
19 0.975497 0.364268 0.027699 0.049242
17 0.369673 0.202652 0.037642 0.056818
26 0.145241 0.311237 0.033381 0.059343
1 0.901634 0.664773 0.040483 0.071970
11 0.106179 0.890152 0.031960 0.065657
17 0.412287 0.313763 0.030540 0.046717