14 0.452060 0.568182 0.029119 0.047980
1 0.641690 0.815025 0.034801 0.061869
15 0.033381 0.330808 0.024148 0.047980
21 0.817116 0.627525 0.034801 0.068182
23 0.537997 0.762626 0.070312 0.085859
29 0.556818 0.444444 0.068182 0.080808
7 0.567116 0.090278 0.033381 0.061869
9 0.053622 0.181187 0.031960 0.061869
11 0.854048 0.764520 0.031960 0.061869
28 0.078835 0.860480 0.068182 0.082071
5 0.316406 0.273990 0.026278 0.050505
22 0.284091 0.253788 0.032670 0.058081
20 0.788707 0.485480 0.033381 0.059343
24 0.850142 0.132576 0.034091 0.058081
4 0.416193 0.216540 0.035511 0.056818
0 0.782670 0.876263 0.032670 0.055556
10 0.910511 0.440657 0.032670 0.065657