6 0.516690 0.202652 0.081676 0.137626
5 0.363991 0.565657 0.026278 0.050505
14 0.123224 0.813131 0.029119 0.047980
8 0.871449 0.517677 0.049716 0.085859
0 0.536222 0.444444 0.032670 0.055556
25 0.513494 0.762626 0.032670 0.058081
29 0.879261 0.395202 0.068182 0.080808
21 0.104048 0.500000 0.034801 0.068182
24 0.041193 0.050505 0.034091 0.058081
3 0.931463 0.674874 0.066051 0.087121
10 0.131392 0.247475 0.032670 0.065657
19 0.750710 0.700126 0.035511 0.061869
23 0.599787 0.705808 0.070312 0.085859
18 0.849432 0.713384 0.038352 0.058081
9 0.306463 0.138258 0.031960 0.061869
1 0.839844 0.833965 0.034801 0.061869
17 0.325639 0.479798 0.068892 0.085859
27 0.921520 0.322601 0.033381 0.059343
12 0.756747 0.107955 0.039062 0.079545
20 0.523082 0.365530 0.033381 0.059343
2 0.664062 0.883838 0.062500 0.085859
28 0.315341 0.047348 0.068182 0.082071
22 0.331676 0.207071 0.032670 0.058081
16 0.578835 0.287879 0.032670 0.058081
4 0.431818 0.275884 0.035511 0.056818
7 0.275923 0.643308 0.033381 0.061869