16 0.094105 0.239268 0.031960 0.056818
13 0.086648 0.068182 0.036932 0.065657
11 0.818892 0.776515 0.038352 0.068182
28 0.618608 0.160354 0.038352 0.068182
8 0.435014 0.116793 0.040483 0.071970
2 0.836293 0.700126 0.027699 0.049242
11 0.392401 0.422348 0.036222 0.064394
18 0.980824 0.948232 0.038352 0.068182
17 0.566406 0.481692 0.027699 0.049242
21 0.893821 0.644571 0.029119 0.051768
7 0.937855 0.705177 0.033381 0.059343
7 0.861151 0.616793 0.029119 0.051768
27 0.624645 0.539773 0.031960 0.056818
26 0.377486 0.354167 0.033381 0.059343