13 0.479048 0.958965 0.033381 0.059343
8 0.824574 0.075758 0.038352 0.068182
16 0.127841 0.772727 0.028409 0.050505
22 0.213778 0.821970 0.039773 0.070707
7 0.386364 0.419192 0.038352 0.068182
11 0.302912 0.639520 0.033381 0.059343
17 0.582386 0.422980 0.034091 0.060606
10 0.390625 0.335859 0.029830 0.053030
9 0.309659 0.204545 0.039773 0.070707
8 0.424361 0.664773 0.036222 0.064394
17 0.800071 0.681187 0.036222 0.064394
1 0.072798 0.407197 0.033381 0.059343
2 0.693537 0.706439 0.031960 0.056818