26 0.577415 0.866793 0.035511 0.061869
29 0.204545 0.407828 0.068182 0.080808
4 0.364347 0.614268 0.035511 0.056818
9 0.254616 0.096591 0.031960 0.061869
23 0.687855 0.412879 0.070312 0.085859
1 0.778764 0.298611 0.034801 0.061869
7 0.887429 0.698864 0.033381 0.061869
13 0.637784 0.657197 0.032670 0.059343
2 0.779119 0.462121 0.062500 0.085859
28 0.068182 0.849116 0.068182 0.082071
11 0.506747 0.538510 0.031960 0.061869
8 0.603693 0.534091 0.049716 0.085859
16 0.333097 0.172980 0.032670 0.058081
5 0.054332 0.463384 0.026278 0.050505
24 0.099432 0.491162 0.034091 0.058081
21 0.133168 0.803030 0.034801 0.068182
22 0.130682 0.364899 0.032670 0.058081
10 0.435369 0.622475 0.032670 0.065657
3 0.185014 0.083965 0.066051 0.087121
15 0.087358 0.023990 0.024148 0.047980
0 0.622159 0.885101 0.032670 0.055556
12 0.583452 0.053662 0.039062 0.079545
6 0.814986 0.835227 0.081676 0.137626
14 0.653054 0.484848 0.029119 0.047980
17 0.895952 0.077020 0.068892 0.085859
27 0.572088 0.268308 0.033381 0.059343
20 0.310014 0.356692 0.033381 0.059343
25 0.676136 0.712121 0.032670 0.058081