12 0.168679 0.734217 0.039062 0.079545
29 0.713068 0.421717 0.068182 0.080808
23 0.943537 0.640152 0.070312 0.085859
20 0.187145 0.947601 0.033381 0.059343
11 0.284446 0.320076 0.031960 0.061869
3 0.321378 0.236742 0.066051 0.087121
22 0.071733 0.068182 0.032670 0.058081
10 0.813920 0.604798 0.032670 0.065657
0 0.357244 0.733586 0.032670 0.055556
17 0.198509 0.337121 0.068892 0.085859
18 0.729403 0.723485 0.038352 0.058081
9 0.704190 0.325126 0.031960 0.061869
14 0.216264 0.209596 0.029119 0.047980
27 0.400213 0.202652 0.033381 0.059343
5 0.476207 0.737374 0.026278 0.050505
28 0.740057 0.938763 0.068182 0.082071
26 0.601562 0.440025 0.035511 0.061869
13 0.210938 0.745581 0.032670 0.059343
21 0.476918 0.185606 0.034801 0.068182
7 0.974077 0.522096 0.033381 0.061869
8 0.081676 0.411616 0.049716 0.085859
15 0.473011 0.955808 0.024148 0.047980
1 0.687855 0.054924 0.034801 0.061869
24 0.381392 0.944444 0.034091 0.058081
2 0.672585 0.181818 0.062500 0.085859
4 0.892756 0.466540 0.035511 0.056818
16 0.650568 0.491162 0.032670 0.058081
19 0.885653 0.030934 0.035511 0.061869
6 0.194247 0.511995 0.081676 0.137626
25 0.759943 0.308081 0.032670 0.058081