26 0.648438 0.674242 0.028409 0.050505
7 0.911222 0.833333 0.052557 0.090909
13 0.721236 0.125000 0.031960 0.053030
25 0.499645 0.601010 0.034801 0.060606
25 0.210582 0.945707 0.036222 0.063131
2 0.105824 0.770833 0.051136 0.069444
24 0.632457 0.067551 0.039062 0.069444
25 0.466264 0.917929 0.034801 0.060606
1 0.768111 0.946338 0.031960 0.056818
9 0.234730 0.791035 0.036222 0.071970
20 0.955611 0.247475 0.037642 0.073232
19 0.483665 0.191919 0.032670 0.058081
5 0.674361 0.966540 0.029119 0.054293
28 0.818537 0.294192 0.073153 0.085859
13 0.385653 0.576389 0.032670 0.054293
22 0.759588 0.688763 0.075994 0.092172
20 0.364702 0.288510 0.037642 0.074495
12 0.151634 0.558081 0.033381 0.060606
1 0.172230 0.202652 0.037642 0.066919
14 0.405185 0.888889 0.027699 0.055556
6 0.730824 0.497475 0.383523 0.148990
6 0.280895 0.064394 0.307528 0.118687