22 0.574574 0.335859 0.034091 0.058081
9 0.820668 0.748106 0.031960 0.061869
15 0.042259 0.676768 0.068892 0.085859
25 0.940696 0.428662 0.033381 0.059343
12 0.488991 0.410354 0.029119 0.047980
11 0.551136 0.945076 0.032670 0.059343
14 0.143466 0.724747 0.032670 0.058081
0 0.478693 0.292929 0.032670 0.055556
5 0.216974 0.046086 0.033381 0.061869
13 0.637784 0.606061 0.024148 0.047980
18 0.028054 0.296086 0.033381 0.059343
1 0.768821 0.130682 0.034801 0.061869
7 0.045810 0.897096 0.031960 0.061869
26 0.613636 0.789773 0.068182 0.082071
21 0.956321 0.708333 0.070312 0.085859
3 0.389560 0.860480 0.066051 0.087121
27 0.833807 0.522727 0.068182 0.080808
6 0.737216 0.306818 0.049716 0.085859
23 0.178267 0.508838 0.032670 0.058081
16 0.977983 0.155303 0.038352 0.058081
19 0.064276 0.167929 0.034801 0.068182
20 0.931818 0.571970 0.032670 0.058081
10 0.483310 0.221591 0.039062 0.079545