28 0.619318 0.083333 0.066761 0.078283
3 0.254261 0.946970 0.071023 0.093434
11 0.038707 0.778409 0.040483 0.082071
1 0.298651 0.152146 0.037642 0.066919
7 0.377131 0.319444 0.055398 0.095960
1 0.947443 0.857323 0.034091 0.060606
28 0.483310 0.613636 0.064631 0.075758
2 0.690696 0.301768 0.060369 0.083333
16 0.308239 0.048611 0.072443 0.089646
8 0.284801 0.231061 0.026989 0.053030
11 0.058239 0.603535 0.041193 0.083333
4 0.713068 0.167298 0.041193 0.066919
17 0.805043 0.640783 0.040483 0.061869
24 0.789773 0.285354 0.028409 0.050505
5 0.705966 0.635101 0.039773 0.073232
8 0.294744 0.666667 0.035511 0.068182
13 0.557884 0.542929 0.033381 0.055556
10 0.541193 0.405303 0.031250 0.060606
19 0.806818 0.044192 0.028409 0.050505
26 0.308239 0.931818 0.029830 0.053030
18 0.779474 0.743687 0.039062 0.068182
0 0.259588 0.537247 0.026278 0.044192
11 0.756037 0.621843 0.041903 0.084596
12 0.045099 0.034091 0.031960 0.058081
7 0.180043 0.326389 0.050426 0.087121