1 0.550426 0.904040 0.029830 0.053030
15 0.677202 0.922348 0.039062 0.069444
24 0.592685 0.677399 0.037642 0.066919
18 0.854403 0.864268 0.041193 0.071970
0 0.736506 0.709596 0.028409 0.047980
15 0.140980 0.186237 0.037642 0.066919
22 0.720881 0.142045 0.075284 0.092172
21 0.123935 0.442551 0.030540 0.054293
10 0.027344 0.350379 0.027699 0.054293
13 0.529474 0.147727 0.031960 0.053030
15 0.942472 0.684343 0.029830 0.053030
5 0.279474 0.231692 0.031960 0.059343
2 0.945312 0.493687 0.062500 0.085859
7 0.180043 0.268308 0.043324 0.074495
25 0.433949 0.464015 0.029830 0.051768
3 0.038352 0.042929 0.061080 0.080808
28 0.628906 0.324495 0.074574 0.088384