16 0.070668 0.041035 0.057528 0.071970
20 0.327415 0.329545 0.041193 0.080808
3 0.558594 0.109217 0.066051 0.087121
22 0.891335 0.614268 0.061080 0.074495
14 0.384588 0.089646 0.020597 0.040404
28 0.577060 0.682449 0.060369 0.071970
11 0.158736 0.728535 0.033381 0.068182
10 0.126776 0.569444 0.036222 0.070707
15 0.212713 0.265783 0.036222 0.064394
8 0.367543 0.760732 0.037642 0.071970
14 0.345881 0.527778 0.024148 0.047980
14 0.980824 0.748737 0.024148 0.047980
25 0.215199 0.913510 0.035511 0.061869
23 0.265980 0.659722 0.039062 0.066919
10 0.443182 0.789773 0.025568 0.049242
25 0.695668 0.862374 0.040483 0.070707
0 0.180753 0.513889 0.027699 0.047980
26 0.289773 0.391414 0.031250 0.055556
23 0.497514 0.078283 0.027699 0.047980
5 0.967685 0.816288 0.029119 0.054293
8 0.471591 0.303030 0.036932 0.070707
28 0.790483 0.842803 0.069602 0.082071
15 0.498580 0.167929 0.034091 0.060606
9 0.466619 0.431818 0.035511 0.070707
9 0.018821 0.452652 0.033381 0.066919