4 0.133523 0.469066 0.035511 0.056818
26 0.323153 0.181187 0.035511 0.061869
7 0.086293 0.676136 0.033381 0.061869
24 0.242188 0.866162 0.034091 0.058081
29 0.711648 0.599747 0.068182 0.080808
6 0.226207 0.302399 0.081676 0.137626
5 0.836293 0.138889 0.026278 0.050505
15 0.668324 0.449495 0.024148 0.047980
20 0.785156 0.778409 0.033381 0.059343
11 0.766690 0.671086 0.031960 0.061869
13 0.768466 0.921086 0.032670 0.059343
1 0.912997 0.125631 0.034801 0.061869
21 0.066406 0.450758 0.034801 0.068182
16 0.615057 0.256313 0.032670 0.058081
9 0.177912 0.804924 0.031960 0.061869
3 0.712713 0.275884 0.066051 0.087121
14 0.165128 0.366162 0.029119 0.047980
19 0.285511 0.938763 0.035511 0.061869
17 0.143821 0.287879 0.068892 0.085859
23 0.889560 0.203283 0.070312 0.085859