10 0.059659 0.744949 0.032670 0.065657
28 0.798295 0.741793 0.068182 0.082071
22 0.637074 0.260101 0.032670 0.058081
21 0.239702 0.366162 0.034801 0.068182
24 0.625710 0.361111 0.034091 0.058081
7 0.476207 0.851641 0.033381 0.061869
29 0.486506 0.464646 0.068182 0.080808
19 0.127131 0.457702 0.035511 0.061869
13 0.593040 0.640783 0.032670 0.059343
6 0.374645 0.225379 0.081676 0.137626
5 0.118253 0.070707 0.026278 0.050505
12 0.930753 0.178662 0.039062 0.079545
14 0.425781 0.616162 0.029119 0.047980
9 0.444247 0.046086 0.031960 0.061869
0 0.181108 0.835859 0.032670 0.055556
1 0.443537 0.556187 0.034801 0.061869
16 0.031250 0.378788 0.032670 0.058081
17 0.089134 0.242424 0.068892 0.085859
26 0.313920 0.946338 0.035511 0.061869
4 0.755682 0.861742 0.035511 0.056818
15 0.355114 0.510101 0.024148 0.047980
27 0.925781 0.849116 0.033381 0.059343
25 0.049716 0.939394 0.032670 0.058081
8 0.821023 0.132576 0.049716 0.085859
3 0.924361 0.346591 0.066051 0.087121
18 0.838778 0.555556 0.038352 0.058081
23 0.050781 0.146465 0.070312 0.085859
11 0.455611 0.956439 0.031960 0.061869