7 0.178622 0.215278 0.031960 0.061869
5 0.746094 0.952652 0.033381 0.061869
4 0.422585 0.701389 0.035511 0.056818
15 0.412997 0.407828 0.068892 0.085859
16 0.595881 0.606061 0.038352 0.058081
11 0.274858 0.715278 0.032670 0.059343
6 0.681818 0.220960 0.049716 0.085859
8 0.780540 0.395202 0.032670 0.065657
12 0.523082 0.347222 0.029119 0.047980
1 0.962713 0.446338 0.034801 0.061869
3 0.109020 0.200126 0.066051 0.087121
17 0.448153 0.924874 0.035511 0.061869
20 0.870028 0.512626 0.032670 0.058081
27 0.555398 0.085859 0.068182 0.080808
2 0.900568 0.140152 0.062500 0.085859
10 0.054332 0.636995 0.039062 0.079545
18 0.330611 0.815025 0.033381 0.059343
26 0.316761 0.890783 0.068182 0.082071
21 0.732599 0.726010 0.070312 0.085859
0 0.545455 0.781566 0.032670 0.055556
9 0.422230 0.082702 0.031960 0.061869
25 0.202060 0.847854 0.033381 0.059343
23 0.192472 0.743687 0.032670 0.058081
24 0.463068 0.090278 0.035511 0.061869
22 0.781960 0.505051 0.034091 0.058081
14 0.496449 0.858586 0.032670 0.058081