26 0.352628 0.173611 0.031960 0.056818
24 0.287287 0.721591 0.037642 0.066919
9 0.377841 0.300505 0.032670 0.065657
7 0.606889 0.070076 0.043324 0.074495
3 0.117543 0.878157 0.077415 0.102273
19 0.146307 0.253788 0.034091 0.060606
11 0.441051 0.220960 0.038352 0.078283
2 0.516335 0.577020 0.062500 0.085859
24 0.606179 0.750631 0.029119 0.051768
20 0.389205 0.909722 0.036932 0.071970
19 0.717330 0.897727 0.036932 0.065657
2 0.190341 0.679924 0.052557 0.071970
3 0.933949 0.325758 0.065341 0.085859
9 0.350852 0.517677 0.031250 0.063131
5 0.647372 0.353535 0.030540 0.055556
23 0.871449 0.325758 0.036932 0.063131
15 0.412997 0.798611 0.031960 0.056818
17 0.767045 0.395202 0.036932 0.055556
14 0.150213 0.710227 0.020597 0.041667
10 0.446023 0.862374 0.034091 0.065657
22 0.793679 0.868687 0.073153 0.088384
19 0.420810 0.684975 0.033381 0.059343
4 0.057884 0.041035 0.040483 0.064394
8 0.751420 0.535354 0.031250 0.060606