15 0.088778 0.095960 0.024148 0.047980
16 0.483665 0.655303 0.032670 0.058081
25 0.963068 0.914141 0.032670 0.058081
0 0.701705 0.412879 0.032670 0.055556
18 0.774148 0.949495 0.038352 0.058081
22 0.294744 0.919192 0.032670 0.058081
28 0.577415 0.582702 0.068182 0.082071
5 0.766690 0.481061 0.026278 0.050505
21 0.894531 0.607323 0.034801 0.068182
7 0.856179 0.345328 0.033381 0.061869
12 0.164418 0.065025 0.039062 0.079545
27 0.729048 0.738005 0.033381 0.059343
24 0.698153 0.875000 0.034091 0.058081
17 0.295099 0.123737 0.068892 0.085859
4 0.625710 0.224116 0.035511 0.056818
13 0.475142 0.313763 0.032670 0.059343
1 0.949929 0.552399 0.034801 0.061869
9 0.379616 0.261995 0.031960 0.061869
2 0.862926 0.746212 0.062500 0.085859
3 0.124645 0.578914 0.066051 0.087121