7 0.687145 0.826389 0.031960 0.061869
10 0.703480 0.631944 0.039062 0.079545
20 0.590909 0.823232 0.032670 0.058081
3 0.415838 0.865530 0.066051 0.087121
18 0.950639 0.945076 0.033381 0.059343
19 0.540128 0.386364 0.034801 0.068182
6 0.821023 0.785354 0.049716 0.085859
8 0.373580 0.571970 0.032670 0.065657
26 0.591619 0.663510 0.068182 0.082071
23 0.796875 0.220960 0.032670 0.058081
16 0.064631 0.085859 0.038352 0.058081
15 0.799361 0.535354 0.068892 0.085859
1 0.281605 0.638258 0.034801 0.061869
13 0.196733 0.292929 0.024148 0.047980
24 0.750710 0.354167 0.035511 0.061869
4 0.334517 0.633207 0.035511 0.056818
0 0.349432 0.886364 0.032670 0.055556
12 0.028764 0.790404 0.029119 0.047980
2 0.935369 0.498737 0.062500 0.085859
25 0.620384 0.184975 0.033381 0.059343
5 0.575639 0.057449 0.033381 0.061869
22 0.100142 0.250000 0.034091 0.058081
14 0.154119 0.301768 0.032670 0.058081
11 0.295455 0.962753 0.032670 0.059343
17 0.935369 0.392045 0.035511 0.061869
9 0.157315 0.509470 0.031960 0.061869
27 0.919744 0.222222 0.068182 0.080808