7 0.520241 0.217803 0.033381 0.061869
11 0.701349 0.914773 0.031960 0.061869
29 0.372159 0.172980 0.068182 0.080808
15 0.575994 0.332071 0.024148 0.047980
19 0.564631 0.198864 0.035511 0.061869
8 0.233665 0.876263 0.049716 0.085859
4 0.799716 0.585227 0.035511 0.056818
6 0.856889 0.337753 0.081676 0.137626
26 0.680398 0.606692 0.035511 0.061869
21 0.582741 0.824495 0.034801 0.068182
10 0.913352 0.055556 0.032670 0.065657
9 0.469105 0.696338 0.031960 0.061869
2 0.280540 0.604798 0.062500 0.085859
27 0.373224 0.438763 0.033381 0.059343
23 0.751065 0.281566 0.070312 0.085859
24 0.413352 0.059343 0.034091 0.058081
22 0.618608 0.635101 0.032670 0.058081
18 0.129261 0.109848 0.038352 0.058081
28 0.110085 0.700126 0.068182 0.082071
16 0.423295 0.794192 0.032670 0.058081
13 0.463068 0.609217 0.032670 0.059343
14 0.173651 0.728535 0.029119 0.047980