26 0.784091 0.172348 0.035511 0.061869
9 0.542969 0.287247 0.031960 0.061869
20 0.461293 0.676136 0.033381 0.059343
14 0.652344 0.834596 0.029119 0.047980
11 0.151634 0.414773 0.031960 0.061869
13 0.434659 0.792298 0.032670 0.059343
19 0.270597 0.890783 0.035511 0.061869
28 0.380682 0.681187 0.068182 0.082071
5 0.802202 0.962121 0.026278 0.050505
17 0.292969 0.444444 0.068892 0.085859
16 0.806818 0.723485 0.032670 0.058081
25 0.186790 0.368687 0.032670 0.058081
7 0.594815 0.563763 0.033381 0.061869
10 0.860795 0.453283 0.032670 0.065657
6 0.150213 0.118056 0.081676 0.137626
2 0.045455 0.368687 0.062500 0.085859
29 0.466619 0.299242 0.068182 0.080808
12 0.902344 0.251894 0.039062 0.079545