1 0.612571 0.472854 0.039062 0.069444
10 0.455611 0.429293 0.029119 0.055556
26 0.134233 0.628788 0.039773 0.070707
21 0.683594 0.087753 0.034801 0.061869
23 0.110795 0.399621 0.039773 0.066919
12 0.385298 0.619949 0.031960 0.058081
12 0.780540 0.955808 0.038352 0.070707
7 0.398793 0.880051 0.053267 0.090909
16 0.934659 0.799242 0.066761 0.083333
12 0.660156 0.934343 0.034801 0.063131
16 0.456321 0.800505 0.057528 0.070707
25 0.899148 0.382576 0.031250 0.055556
22 0.920455 0.102273 0.076705 0.093434
12 0.295455 0.333333 0.035511 0.065657
11 0.666903 0.356692 0.031250 0.064394