5 0.686080 0.564394 0.038352 0.070707
2 0.491477 0.853535 0.068182 0.093434
26 0.859020 0.806187 0.036222 0.064394
14 0.713068 0.434343 0.021307 0.042929
19 0.753906 0.624369 0.037642 0.066919
17 0.234375 0.836490 0.036932 0.056818
14 0.686790 0.963384 0.022727 0.045455
19 0.981179 0.143308 0.036222 0.064394
11 0.752131 0.426136 0.044034 0.089646
17 0.285866 0.857323 0.044744 0.068182
7 0.873224 0.083965 0.057528 0.099747
19 0.345170 0.696970 0.034091 0.060606
19 0.414062 0.938131 0.028409 0.050505
4 0.508523 0.400253 0.028409 0.045455
6 0.281250 0.484217 0.399148 0.155303
9 0.128906 0.189394 0.027699 0.055556
14 0.879972 0.545455 0.025568 0.050505
13 0.481889 0.718434 0.029119 0.047980
26 0.248935 0.753157 0.034801 0.061869
23 0.133168 0.322601 0.029119 0.049242
19 0.485085 0.281566 0.031250 0.055556