15 0.630682 0.210859 0.024148 0.047980
23 0.680753 0.779040 0.070312 0.085859
2 0.639205 0.289141 0.062500 0.085859
24 0.600852 0.560606 0.034091 0.058081
6 0.548651 0.688763 0.081676 0.137626
18 0.745028 0.920455 0.038352 0.058081
28 0.947443 0.371843 0.068182 0.082071
14 0.148793 0.421717 0.029119 0.047980
19 0.023438 0.240530 0.035511 0.061869
8 0.193892 0.902778 0.049716 0.085859
13 0.396307 0.106692 0.032670 0.059343
12 0.884588 0.900884 0.039062 0.079545
26 0.055398 0.070076 0.035511 0.061869
22 0.561790 0.183081 0.032670 0.058081
11 0.849787 0.501894 0.031960 0.061869
20 0.741832 0.474116 0.033381 0.059343
0 0.475142 0.921717 0.032670 0.055556
1 0.828480 0.293561 0.034801 0.061869
29 0.465199 0.608586 0.068182 0.080808
5 0.975497 0.228535 0.026278 0.050505
25 0.608665 0.388889 0.032670 0.058081
7 0.407315 0.958965 0.033381 0.061869
17 0.644531 0.948232 0.068892 0.085859
4 0.404119 0.214015 0.035511 0.056818
3 0.954901 0.929924 0.066051 0.087121
16 0.641335 0.453283 0.032670 0.058081
27 0.441406 0.116793 0.033381 0.059343
9 0.111151 0.053662 0.031960 0.061869
10 0.273438 0.808081 0.032670 0.065657