24 0.937145 0.934975 0.027699 0.049242
27 0.268111 0.291667 0.080256 0.095960
27 0.803267 0.162247 0.076705 0.092172
19 0.934659 0.290404 0.031250 0.055556
7 0.551491 0.210859 0.041903 0.073232
22 0.067116 0.086490 0.061790 0.074495
24 0.467330 0.869949 0.038352 0.068182
28 0.649503 0.583333 0.078835 0.093434
9 0.185724 0.904040 0.026278 0.053030
26 0.134588 0.287247 0.039062 0.069444
3 0.861151 0.400884 0.060369 0.079545
27 0.458452 0.125631 0.057528 0.069444
19 0.274858 0.741162 0.031250 0.055556
12 0.699574 0.272096 0.029830 0.054293
4 0.156250 0.876263 0.029830 0.047980
25 0.451349 0.550505 0.031960 0.055556
15 0.338778 0.184343 0.034091 0.060606
10 0.137074 0.397727 0.032670 0.063131