4 0.752841 0.268308 0.035511 0.056818
12 0.917969 0.184975 0.039062 0.079545
7 0.584872 0.157197 0.033381 0.061869
10 0.469460 0.255051 0.032670 0.065657
14 0.344105 0.664141 0.029119 0.047980
0 0.706676 0.876263 0.032670 0.055556
21 0.817116 0.742424 0.034801 0.068182
26 0.043324 0.958965 0.035511 0.061869
3 0.778764 0.356692 0.066051 0.087121
6 0.161577 0.811237 0.081676 0.137626
24 0.895597 0.435606 0.034091 0.058081
15 0.053977 0.885101 0.024148 0.047980
27 0.832741 0.041035 0.033381 0.059343
17 0.800781 0.647727 0.068892 0.085859
25 0.494318 0.643939 0.032670 0.058081
19 0.969460 0.676136 0.035511 0.061869
13 0.823864 0.943813 0.032670 0.059343
29 0.037642 0.319444 0.068182 0.080808
5 0.381037 0.516414 0.026278 0.050505
20 0.404474 0.927399 0.033381 0.059343
8 0.700284 0.525253 0.049716 0.085859
16 0.281250 0.205808 0.032670 0.058081
28 0.531250 0.908460 0.068182 0.082071
2 0.923295 0.939394 0.062500 0.085859
1 0.964844 0.537247 0.034801 0.061869