25 0.284801 0.315025 0.036932 0.064394
1 0.764915 0.501263 0.028409 0.050505
28 0.654474 0.342803 0.056108 0.066919
12 0.802202 0.821970 0.034801 0.063131
2 0.210582 0.089015 0.061790 0.084596
1 0.268466 0.704545 0.032670 0.058081
16 0.486151 0.686237 0.070312 0.087121
19 0.076349 0.871843 0.030540 0.054293
1 0.169744 0.651515 0.029830 0.053030
13 0.825284 0.436237 0.028409 0.046717
17 0.490057 0.805556 0.035511 0.053030
2 0.404830 0.777146 0.072443 0.099747
0 0.214134 0.652146 0.030540 0.051768
18 0.779119 0.970328 0.034091 0.059343
5 0.122159 0.371212 0.026989 0.050505
27 0.651989 0.070707 0.056818 0.068182