21 0.069957 0.372475 0.034801 0.068182
20 0.709162 0.941288 0.033381 0.059343
29 0.727273 0.676768 0.068182 0.080808
8 0.537642 0.901515 0.049716 0.085859
22 0.589489 0.474747 0.032670 0.058081
18 0.621449 0.565657 0.038352 0.058081
13 0.836648 0.917298 0.032670 0.059343
9 0.449219 0.030934 0.031960 0.061869
2 0.168324 0.890152 0.062500 0.085859
27 0.245384 0.217803 0.033381 0.059343
28 0.892756 0.640783 0.068182 0.082071
6 0.434304 0.653409 0.081676 0.137626
7 0.317116 0.160985 0.033381 0.061869
12 0.935724 0.202652 0.039062 0.079545
15 0.910511 0.968434 0.024148 0.047980
19 0.822443 0.740530 0.035511 0.061869
26 0.332386 0.277146 0.035511 0.061869
23 0.832031 0.314394 0.070312 0.085859
17 0.043679 0.467172 0.068892 0.085859
10 0.968750 0.892677 0.032670 0.065657
1 0.977628 0.445076 0.034801 0.061869
3 0.479048 0.370581 0.066051 0.087121
16 0.746449 0.184343 0.032670 0.058081
4 0.773438 0.578914 0.035511 0.056818
11 0.555043 0.365530 0.031960 0.061869
24 0.738636 0.830808 0.034091 0.058081