3 0.114702 0.936237 0.066051 0.087121
0 0.650568 0.813131 0.032670 0.055556
15 0.591619 0.789141 0.024148 0.047980
23 0.430043 0.185606 0.070312 0.085859
4 0.566051 0.701389 0.035511 0.056818
22 0.886364 0.440657 0.032670 0.058081
25 0.293324 0.762626 0.032670 0.058081
21 0.728338 0.391414 0.034801 0.068182
10 0.206676 0.553030 0.032670 0.065657
12 0.701349 0.054924 0.039062 0.079545
7 0.898793 0.816288 0.033381 0.061869
20 0.383168 0.782197 0.033381 0.059343
17 0.475497 0.579545 0.068892 0.085859
18 0.128551 0.703283 0.038352 0.058081
11 0.072088 0.152146 0.031960 0.061869
28 0.061080 0.683712 0.068182 0.082071
5 0.055753 0.377525 0.026278 0.050505
2 0.867898 0.054293 0.062500 0.085859
27 0.789418 0.433712 0.033381 0.059343
26 0.977983 0.294823 0.035511 0.061869
8 0.747159 0.137626 0.049716 0.085859
9 0.673651 0.625631 0.031960 0.061869
6 0.306463 0.508207 0.081676 0.137626
14 0.414418 0.411616 0.029119 0.047980
29 0.573864 0.210859 0.068182 0.080808
24 0.473011 0.941919 0.034091 0.058081
13 0.350852 0.075126 0.032670 0.059343