0 0.583097 0.327020 0.032670 0.055556
7 0.398082 0.293561 0.031960 0.061869
5 0.151634 0.711490 0.033381 0.061869
12 0.864702 0.421717 0.029119 0.047980
15 0.373224 0.054293 0.068892 0.085859
19 0.538707 0.308081 0.034801 0.068182
26 0.324574 0.210227 0.068182 0.082071
10 0.763849 0.304924 0.039062 0.079545
23 0.578125 0.136364 0.032670 0.058081
16 0.823864 0.260101 0.038352 0.058081
27 0.702415 0.487374 0.068182 0.080808
9 0.341264 0.724116 0.031960 0.061869
2 0.526278 0.550505 0.062500 0.085859
25 0.964844 0.782197 0.033381 0.059343
20 0.660511 0.215909 0.032670 0.058081
14 0.489347 0.628788 0.032670 0.058081
1 0.055753 0.107955 0.034801 0.061869
6 0.455256 0.549242 0.049716 0.085859
17 0.628551 0.284722 0.035511 0.061869
18 0.399503 0.184975 0.033381 0.059343