25 0.330966 0.417929 0.038352 0.068182
2 0.788352 0.088384 0.036932 0.065657
21 0.240412 0.142045 0.036222 0.064394
9 0.841974 0.482955 0.040483 0.071970
21 0.596591 0.357323 0.034091 0.060606
2 0.683239 0.407828 0.028409 0.050505
18 0.742188 0.678030 0.036932 0.065657
5 0.625355 0.114268 0.027699 0.049242
13 0.515270 0.633207 0.034801 0.061869
17 0.028764 0.931187 0.027699 0.049242
10 0.712713 0.071338 0.034801 0.061869
24 0.923295 0.169192 0.034091 0.060606
19 0.568892 0.904040 0.039773 0.070707
20 0.668324 0.661616 0.035511 0.063131