6 0.728693 0.537879 0.049716 0.085859
26 0.631392 0.378157 0.068182 0.082071
14 0.951705 0.135101 0.032670 0.058081
13 0.534091 0.109848 0.024148 0.047980
3 0.737571 0.919823 0.066051 0.087121
27 0.566761 0.801768 0.068182 0.080808
7 0.806463 0.147096 0.031960 0.061869
2 0.703125 0.712121 0.062500 0.085859
18 0.290838 0.600379 0.033381 0.059343
24 0.496449 0.706439 0.035511 0.061869
11 0.943892 0.345328 0.032670 0.059343
21 0.277344 0.837121 0.070312 0.085859
9 0.219105 0.488005 0.031960 0.061869
10 0.925781 0.823864 0.039062 0.079545
8 0.046875 0.112374 0.032670 0.065657
1 0.137429 0.909722 0.034801 0.061869
12 0.678622 0.299242 0.029119 0.047980
4 0.672585 0.139520 0.035511 0.056818
20 0.981534 0.055556 0.032670 0.058081
5 0.018821 0.412247 0.033381 0.061869
22 0.791193 0.816919 0.034091 0.058081
16 0.497869 0.397727 0.038352 0.058081
19 0.881747 0.077020 0.034801 0.068182