3 0.041548 0.573864 0.066051 0.087121
28 0.803267 0.522096 0.068182 0.082071
18 0.941761 0.930556 0.038352 0.058081
11 0.413707 0.195076 0.031960 0.061869
19 0.656960 0.543561 0.035511 0.061869
10 0.914062 0.352273 0.032670 0.065657
15 0.888494 0.752525 0.024148 0.047980
13 0.455256 0.666035 0.032670 0.059343
2 0.776278 0.285354 0.062500 0.085859
17 0.930043 0.251263 0.068892 0.085859
8 0.263494 0.542929 0.049716 0.085859
26 0.615057 0.030934 0.035511 0.061869
5 0.769531 0.146465 0.026278 0.050505
24 0.905540 0.424242 0.034091 0.058081
0 0.346591 0.886364 0.032670 0.055556
4 0.093750 0.538510 0.035511 0.056818