17 0.796875 0.301136 0.035511 0.061869
23 0.490767 0.364899 0.032670 0.058081
13 0.493608 0.025253 0.024148 0.047980
20 0.181108 0.710859 0.032670 0.058081
24 0.644886 0.280934 0.035511 0.061869
9 0.838423 0.546086 0.031960 0.061869
4 0.062500 0.720328 0.035511 0.056818
10 0.277344 0.894571 0.039062 0.079545
19 0.961293 0.761364 0.034801 0.068182
22 0.974432 0.550505 0.034091 0.058081
26 0.080256 0.927399 0.068182 0.082071
7 0.936435 0.614268 0.031960 0.061869
6 0.732955 0.060606 0.049716 0.085859
25 0.061435 0.422348 0.033381 0.059343
14 0.779830 0.888889 0.032670 0.058081