16 0.549716 0.756313 0.032670 0.058081
8 0.191761 0.587121 0.049716 0.085859
25 0.104403 0.726010 0.032670 0.058081
13 0.513494 0.147096 0.032670 0.059343
26 0.377131 0.493056 0.035511 0.061869
27 0.119673 0.618056 0.033381 0.059343
28 0.759943 0.869318 0.068182 0.082071
15 0.021307 0.065657 0.024148 0.047980
7 0.339844 0.034722 0.033381 0.061869
24 0.178977 0.054293 0.034091 0.058081
5 0.077770 0.199495 0.026278 0.050505
22 0.578835 0.650253 0.032670 0.058081
29 0.594460 0.486111 0.068182 0.080808
14 0.236151 0.934343 0.029119 0.047980
23 0.645952 0.715909 0.070312 0.085859
1 0.555043 0.826389 0.034801 0.061869
10 0.322443 0.943182 0.032670 0.065657
2 0.519886 0.681818 0.062500 0.085859
17 0.158736 0.887626 0.068892 0.085859
4 0.316051 0.484217 0.035511 0.056818
20 0.535866 0.921086 0.033381 0.059343
0 0.828125 0.512626 0.032670 0.055556
12 0.285156 0.207702 0.039062 0.079545
21 0.376065 0.949495 0.034801 0.068182
18 0.649148 0.148990 0.038352 0.058081
6 0.450639 0.115530 0.081676 0.137626
9 0.473366 0.403409 0.031960 0.061869
11 0.832031 0.322601 0.031960 0.061869
3 0.368963 0.187500 0.066051 0.087121