6 0.779119 0.426768 0.345170 0.133838
13 0.780895 0.078283 0.029119 0.047980
28 0.870384 0.707071 0.074574 0.088384
10 0.925071 0.620581 0.034801 0.066919
11 0.227273 0.486742 0.034091 0.069444
21 0.973366 0.227904 0.033381 0.059343
26 0.492188 0.410354 0.029830 0.053030
28 0.344460 0.070707 0.062500 0.073232
14 0.035866 0.362374 0.019176 0.037879
22 0.895241 0.939394 0.056108 0.068182
14 0.066051 0.184975 0.026989 0.054293
6 0.709872 0.558081 0.281960 0.108586
2 0.432528 0.354798 0.068182 0.093434
1 0.377486 0.926136 0.040483 0.071970
21 0.699219 0.303662 0.033381 0.059343
3 0.498935 0.872475 0.053267 0.070707
24 0.419034 0.231061 0.028409 0.050505