24 0.098011 0.602273 0.034091 0.058081
6 0.849787 0.292298 0.081676 0.137626
29 0.391335 0.607323 0.068182 0.080808
3 0.172230 0.350379 0.066051 0.087121
20 0.795099 0.649621 0.033381 0.059343
7 0.094105 0.235480 0.033381 0.061869
13 0.949574 0.450126 0.032670 0.059343
5 0.230469 0.406566 0.026278 0.050505
26 0.869318 0.947601 0.035511 0.061869
22 0.445312 0.334596 0.032670 0.058081
14 0.451349 0.488636 0.029119 0.047980
10 0.482955 0.315657 0.032670 0.065657
1 0.394531 0.308712 0.034801 0.061869
23 0.102628 0.339646 0.070312 0.085859
2 0.382812 0.864899 0.062500 0.085859
19 0.484375 0.513258 0.035511 0.061869
9 0.622514 0.101641 0.031960 0.061869
15 0.061790 0.138889 0.024148 0.047980
8 0.894176 0.446970 0.049716 0.085859
11 0.062855 0.076389 0.031960 0.061869
17 0.957031 0.275253 0.068892 0.085859
25 0.624290 0.207071 0.032670 0.058081
16 0.847301 0.478535 0.032670 0.058081
12 0.538707 0.809975 0.039062 0.079545
21 0.390270 0.053030 0.034801 0.068182
0 0.490767 0.188131 0.032670 0.055556
18 0.564631 0.643939 0.038352 0.058081