21 0.053622 0.422980 0.034801 0.068182
17 0.479759 0.075758 0.068892 0.085859
18 0.605824 0.756313 0.038352 0.058081
16 0.948153 0.032828 0.032670 0.058081
27 0.604048 0.950126 0.033381 0.059343
24 0.959517 0.747475 0.034091 0.058081
7 0.359020 0.496843 0.033381 0.061869
9 0.201349 0.240530 0.031960 0.061869
3 0.046520 0.599116 0.066051 0.087121
25 0.613636 0.260101 0.032670 0.058081
10 0.232955 0.166667 0.032670 0.065657
28 0.279830 0.403409 0.068182 0.082071
8 0.385653 0.895202 0.049716 0.085859
26 0.637074 0.594066 0.035511 0.061869
12 0.738281 0.822601 0.039062 0.079545
23 0.331321 0.209596 0.070312 0.085859
15 0.602273 0.521465 0.024148 0.047980
0 0.808949 0.474747 0.032670 0.055556
22 0.127131 0.252525 0.032670 0.058081
20 0.854048 0.899621 0.033381 0.059343
2 0.508523 0.248737 0.062500 0.085859
13 0.625710 0.437500 0.032670 0.059343
1 0.032315 0.129419 0.034801 0.061869
19 0.860795 0.580177 0.035511 0.061869
6 0.197798 0.436237 0.081676 0.137626
4 0.551136 0.721591 0.035511 0.056818
14 0.279474 0.718434 0.029119 0.047980
29 0.213068 0.584596 0.068182 0.080808