24 0.838778 0.214015 0.035511 0.061869
12 0.730469 0.234848 0.029119 0.047980
3 0.140980 0.287247 0.066051 0.087121
21 0.199219 0.603535 0.070312 0.085859
23 0.827415 0.377525 0.032670 0.058081
11 0.892045 0.520833 0.032670 0.059343
7 0.576349 0.041035 0.031960 0.061869
13 0.651989 0.489899 0.024148 0.047980
9 0.042259 0.178662 0.031960 0.061869
5 0.449219 0.390783 0.033381 0.061869
16 0.069602 0.114899 0.038352 0.058081
17 0.315341 0.881944 0.035511 0.061869
0 0.071023 0.400253 0.032670 0.055556
15 0.610440 0.300505 0.068892 0.085859
25 0.255327 0.582702 0.033381 0.059343
2 0.084517 0.732323 0.062500 0.085859
6 0.177557 0.787879 0.049716 0.085859