4 0.051136 0.370581 0.035511 0.056818
23 0.898438 0.594697 0.032670 0.058081
15 0.741832 0.628788 0.068892 0.085859
0 0.539062 0.753788 0.032670 0.055556
7 0.258878 0.644571 0.031960 0.061869
20 0.441051 0.116162 0.032670 0.058081
17 0.547585 0.155934 0.035511 0.061869
3 0.371804 0.678662 0.066051 0.087121
27 0.659091 0.328283 0.068182 0.080808
11 0.651989 0.191288 0.032670 0.059343
9 0.622514 0.405934 0.031960 0.061869
8 0.796165 0.708333 0.032670 0.065657
10 0.303622 0.397096 0.039062 0.079545
19 0.710582 0.869949 0.034801 0.068182
1 0.954190 0.851641 0.034801 0.061869
22 0.615057 0.946970 0.034091 0.058081
26 0.108665 0.744318 0.068182 0.082071