17 0.779474 0.155303 0.068892 0.085859
28 0.455966 0.837753 0.068182 0.082071
6 0.099787 0.182449 0.081676 0.137626
16 0.279830 0.226010 0.032670 0.058081
25 0.695312 0.174242 0.032670 0.058081
7 0.048651 0.509470 0.033381 0.061869
23 0.488281 0.626263 0.070312 0.085859
12 0.588423 0.571338 0.039062 0.079545
22 0.504261 0.511364 0.032670 0.058081
8 0.339489 0.946970 0.049716 0.085859
20 0.278054 0.405934 0.033381 0.059343
4 0.608665 0.943813 0.035511 0.056818
27 0.897372 0.488005 0.033381 0.059343
0 0.902699 0.196970 0.032670 0.055556
18 0.341619 0.430556 0.038352 0.058081
15 0.960938 0.780303 0.024148 0.047980
13 0.485795 0.934975 0.032670 0.059343
21 0.906605 0.131313 0.034801 0.068182
29 0.290483 0.602273 0.068182 0.080808
19 0.249290 0.736742 0.035511 0.061869