18 0.753196 0.698864 0.033381 0.059343
23 0.389915 0.880051 0.032670 0.058081
13 0.588778 0.160354 0.024148 0.047980
3 0.312855 0.331439 0.066051 0.087121
16 0.581676 0.652778 0.038352 0.058081
20 0.760653 0.522727 0.032670 0.058081
1 0.912287 0.951389 0.034801 0.061869
0 0.284801 0.787879 0.032670 0.055556
8 0.835938 0.046717 0.032670 0.065657
10 0.078480 0.623106 0.039062 0.079545
25 0.850497 0.678662 0.033381 0.059343
12 0.719105 0.359848 0.029119 0.047980
17 0.903409 0.279672 0.035511 0.061869
4 0.186080 0.630682 0.035511 0.056818
21 0.838423 0.933081 0.070312 0.085859
27 0.602983 0.833333 0.068182 0.080808