4 0.301136 0.183712 0.035511 0.056818
6 0.147017 0.222222 0.049716 0.085859
9 0.118963 0.880682 0.031960 0.061869
3 0.756037 0.595328 0.066051 0.087121
20 0.287642 0.356061 0.032670 0.058081
10 0.040838 0.866793 0.039062 0.079545
7 0.261719 0.046086 0.031960 0.061869
2 0.667614 0.251263 0.062500 0.085859
11 0.785511 0.335227 0.032670 0.059343
16 0.550426 0.602273 0.038352 0.058081
27 0.926136 0.079545 0.068182 0.080808
17 0.088068 0.206439 0.035511 0.061869
13 0.029119 0.757576 0.024148 0.047980
19 0.068537 0.039141 0.034801 0.068182
5 0.858310 0.755682 0.033381 0.061869
21 0.384588 0.794192 0.070312 0.085859
22 0.308949 0.686869 0.034091 0.058081
23 0.453835 0.547980 0.032670 0.058081
14 0.390625 0.320707 0.032670 0.058081
8 0.481534 0.306818 0.032670 0.065657
15 0.511719 0.460859 0.068892 0.085859