1 0.414418 0.841540 0.034801 0.061869
9 0.392401 0.133207 0.031960 0.061869
20 0.643821 0.469066 0.033381 0.059343
6 0.099077 0.596591 0.081676 0.137626
21 0.551491 0.554293 0.034801 0.068182
15 0.606534 0.882576 0.024148 0.047980
25 0.587358 0.248737 0.032670 0.058081
18 0.287642 0.679293 0.038352 0.058081
3 0.699219 0.152146 0.066051 0.087121
26 0.940341 0.634470 0.035511 0.061869
2 0.515625 0.296717 0.062500 0.085859
13 0.475852 0.438763 0.032670 0.059343
27 0.890980 0.722854 0.033381 0.059343
23 0.492543 0.565657 0.070312 0.085859
29 0.420455 0.465909 0.068182 0.080808
19 0.901278 0.859217 0.035511 0.061869
16 0.262074 0.502525 0.032670 0.058081
11 0.091974 0.238005 0.031960 0.061869
7 0.776634 0.508207 0.033381 0.061869
14 0.949219 0.217172 0.029119 0.047980
4 0.436790 0.054924 0.035511 0.056818
24 0.847301 0.911616 0.034091 0.058081
17 0.273082 0.222222 0.068892 0.085859
5 0.219815 0.263889 0.026278 0.050505
10 0.184659 0.334596 0.032670 0.065657
22 0.252841 0.327020 0.032670 0.058081
8 0.701705 0.656566 0.049716 0.085859
28 0.415483 0.687500 0.068182 0.082071
12 0.241122 0.773359 0.039062 0.079545