27 0.096591 0.368687 0.068182 0.080808
8 0.156250 0.242424 0.032670 0.065657
7 0.317116 0.878157 0.031960 0.061869
24 0.113636 0.551136 0.035511 0.061869
26 0.299716 0.273359 0.068182 0.082071
9 0.605469 0.852904 0.031960 0.061869
20 0.962358 0.227273 0.032670 0.058081
11 0.740767 0.947601 0.032670 0.059343
17 0.672585 0.706439 0.035511 0.061869
23 0.665483 0.064394 0.032670 0.058081
14 0.603693 0.534091 0.032670 0.058081
21 0.177912 0.550505 0.070312 0.085859
12 0.173651 0.138889 0.029119 0.047980
19 0.562145 0.590909 0.034801 0.068182
18 0.959872 0.695076 0.033381 0.059343
10 0.183594 0.068813 0.039062 0.079545
2 0.502131 0.560606 0.062500 0.085859
16 0.249290 0.407828 0.038352 0.058081
13 0.469460 0.094697 0.024148 0.047980
4 0.389205 0.407197 0.035511 0.056818
6 0.749290 0.723485 0.049716 0.085859
1 0.220526 0.253157 0.034801 0.061869
25 0.428622 0.091540 0.033381 0.059343
22 0.369318 0.718434 0.034091 0.058081