2 0.626420 0.810606 0.062500 0.085859
29 0.427557 0.349747 0.068182 0.080808
1 0.976207 0.340278 0.034801 0.061869
12 0.423651 0.914773 0.039062 0.079545
10 0.831676 0.542929 0.032670 0.065657
27 0.884588 0.650884 0.033381 0.059343
19 0.232955 0.817551 0.035511 0.061869
0 0.285511 0.214646 0.032670 0.055556
9 0.351207 0.736742 0.031960 0.061869
8 0.970881 0.953283 0.049716 0.085859
11 0.277344 0.707702 0.031960 0.061869
21 0.871094 0.372475 0.034801 0.068182
4 0.765625 0.485480 0.035511 0.056818
22 0.546875 0.786616 0.032670 0.058081
7 0.458452 0.695076 0.033381 0.061869
20 0.557884 0.071338 0.033381 0.059343
3 0.104759 0.139520 0.066051 0.087121
26 0.061080 0.333965 0.035511 0.061869
5 0.472656 0.762626 0.026278 0.050505
6 0.126776 0.679924 0.081676 0.137626
24 0.027699 0.957071 0.034091 0.058081