9 0.878551 0.217172 0.032670 0.065657
27 0.863636 0.702020 0.062500 0.075758
18 0.613281 0.270202 0.039062 0.068182
22 0.439986 0.861742 0.073153 0.089646
15 0.739702 0.955177 0.030540 0.054293
28 0.139560 0.918561 0.075994 0.089646
7 0.348722 0.903409 0.058239 0.099747
16 0.750000 0.857323 0.079545 0.098485
0 0.274148 0.254419 0.038352 0.064394
11 0.310369 0.563763 0.045455 0.092172
12 0.986506 0.053662 0.026989 0.049242
6 0.452415 0.077020 0.312500 0.121212
0 0.799716 0.542929 0.038352 0.065657
5 0.067472 0.385101 0.032670 0.060606
21 0.225497 0.628157 0.027699 0.049242
7 0.849432 0.582071 0.046875 0.080808
3 0.922230 0.904040 0.077415 0.101010
13 0.179332 0.213384 0.029119 0.047980
19 0.053622 0.234217 0.037642 0.066919
21 0.915838 0.063763 0.031960 0.056818
13 0.542969 0.366162 0.023438 0.037879
5 0.982599 0.506944 0.027699 0.051768
15 0.644531 0.769571 0.036222 0.064394
2 0.403764 0.515783 0.054688 0.074495
1 0.131747 0.085227 0.037642 0.066919
4 0.412642 0.308712 0.036932 0.059343
5 0.289773 0.471591 0.036932 0.069444
12 0.043679 0.147727 0.030540 0.055556
2 0.701705 0.313763 0.053977 0.074495