12 0.740412 0.684343 0.029119 0.047980
18 0.858310 0.272096 0.033381 0.059343
24 0.506392 0.383207 0.035511 0.061869
16 0.490767 0.041667 0.038352 0.058081
11 0.622159 0.518308 0.032670 0.059343
21 0.955611 0.459596 0.070312 0.085859
22 0.220170 0.707071 0.034091 0.058081
23 0.139205 0.409091 0.032670 0.058081
2 0.235795 0.463384 0.062500 0.085859
8 0.332386 0.238636 0.032670 0.065657
27 0.050426 0.440657 0.068182 0.080808
1 0.359020 0.818813 0.034801 0.061869
14 0.512074 0.286616 0.032670 0.058081
10 0.209872 0.592803 0.039062 0.079545
20 0.333807 0.073232 0.032670 0.058081
13 0.026989 0.727273 0.024148 0.047980
5 0.781605 0.443813 0.033381 0.061869
17 0.797585 0.884470 0.035511 0.061869