19 0.467330 0.836490 0.035511 0.061869
1 0.517401 0.825126 0.034801 0.061869
25 0.928267 0.785354 0.032670 0.058081
8 0.493608 0.195707 0.049716 0.085859
5 0.219815 0.821970 0.026278 0.050505
4 0.188210 0.951389 0.035511 0.056818
17 0.355469 0.848485 0.068892 0.085859
18 0.299006 0.837121 0.038352 0.058081
24 0.557528 0.674242 0.034091 0.058081
28 0.078125 0.663510 0.068182 0.082071
6 0.577060 0.443813 0.081676 0.137626
13 0.434659 0.124369 0.032670 0.059343
26 0.333097 0.951389 0.035511 0.061869
22 0.277699 0.930556 0.032670 0.058081
3 0.292969 0.537247 0.066051 0.087121
14 0.877486 0.065657 0.029119 0.047980
27 0.349787 0.215278 0.033381 0.059343
10 0.705966 0.550505 0.032670 0.065657
20 0.260298 0.125631 0.033381 0.059343
9 0.170099 0.052399 0.031960 0.061869
7 0.922940 0.330177 0.033381 0.061869
0 0.496449 0.659091 0.032670 0.055556
23 0.770952 0.054293 0.070312 0.085859
16 0.664062 0.599747 0.032670 0.058081
11 0.137429 0.462753 0.031960 0.061869
15 0.232955 0.702020 0.024148 0.047980
12 0.036577 0.417298 0.039062 0.079545
21 0.974787 0.628788 0.034801 0.068182
2 0.156960 0.809343 0.062500 0.085859
29 0.065341 0.547980 0.068182 0.080808