24 0.742898 0.912879 0.034091 0.058081
12 0.032315 0.119318 0.039062 0.079545
23 0.516690 0.242424 0.070312 0.085859
26 0.927557 0.510732 0.035511 0.061869
2 0.337358 0.290404 0.062500 0.085859
25 0.667614 0.047980 0.032670 0.058081
6 0.241122 0.802399 0.081676 0.137626
4 0.890625 0.077652 0.035511 0.056818
22 0.872159 0.536616 0.032670 0.058081
5 0.634588 0.465909 0.026278 0.050505
16 0.921875 0.676768 0.032670 0.058081
29 0.424716 0.585859 0.068182 0.080808
9 0.590554 0.780934 0.031960 0.061869
13 0.551847 0.469066 0.032670 0.059343
3 0.719105 0.696338 0.066051 0.087121
14 0.312855 0.440657 0.029119 0.047980
10 0.269886 0.920455 0.032670 0.065657
7 0.189986 0.440025 0.033381 0.061869
28 0.085227 0.613005 0.068182 0.082071
15 0.223722 0.453283 0.024148 0.047980
8 0.045455 0.405303 0.049716 0.085859