25 0.853693 0.051136 0.039773 0.069444
5 0.769886 0.054293 0.028409 0.053030
17 0.480114 0.783460 0.041193 0.061869
8 0.414773 0.202020 0.034091 0.065657
12 0.470526 0.127525 0.029119 0.053030
5 0.134233 0.276515 0.035511 0.065657
26 0.935369 0.917929 0.035511 0.063131
28 0.369318 0.322601 0.069602 0.082071
16 0.749290 0.242424 0.079545 0.098485
24 0.931463 0.505682 0.031960 0.056818
14 0.702415 0.107955 0.028409 0.056818
10 0.651278 0.931818 0.028409 0.055556
7 0.971236 0.058712 0.046165 0.079545
16 0.174006 0.897727 0.073864 0.090909
17 0.303267 0.366162 0.036932 0.055556
27 0.823153 0.660354 0.055398 0.065657
4 0.958807 0.650253 0.038352 0.060606
8 0.273438 0.871212 0.032670 0.063131
15 0.345170 0.417929 0.036932 0.065657
24 0.505327 0.226641 0.036222 0.064394
26 0.536932 0.472222 0.029830 0.053030
12 0.627131 0.100379 0.038352 0.069444
5 0.691406 0.323864 0.026278 0.049242
28 0.953480 0.427399 0.067472 0.079545