24 0.843395 0.273359 0.037642 0.066919
8 0.160866 0.275884 0.031960 0.061869
15 0.442827 0.232955 0.031960 0.056818
17 0.929688 0.799874 0.034091 0.051768
24 0.896662 0.205177 0.031960 0.056818
1 0.892045 0.313131 0.029830 0.053030
27 0.394531 0.875631 0.080256 0.097222
23 0.745384 0.250631 0.039062 0.066919
5 0.872159 0.856061 0.031250 0.058081
22 0.567472 0.536616 0.076705 0.093434
13 0.300781 0.467172 0.030540 0.050505
25 0.947443 0.546086 0.036932 0.064394
6 0.492898 0.668561 0.284091 0.109848
14 0.692116 0.787247 0.023438 0.046717
1 0.887429 0.134470 0.036222 0.064394
22 0.325639 0.352273 0.074574 0.090909
9 0.734730 0.094697 0.034801 0.070707
9 0.481889 0.858586 0.026278 0.053030
13 0.839489 0.936237 0.029830 0.049242
13 0.621449 0.535985 0.026989 0.044192
0 0.275568 0.606692 0.038352 0.064394
2 0.034091 0.855429 0.053977 0.074495
27 0.687145 0.559343 0.068892 0.083333
12 0.884943 0.452652 0.031250 0.056818
4 0.069957 0.733586 0.036222 0.058081
7 0.323509 0.907828 0.058949 0.101010
22 0.310724 0.798611 0.066051 0.079545
4 0.941051 0.618687 0.028409 0.045455
9 0.154830 0.412247 0.036932 0.074495
4 0.621094 0.052399 0.029119 0.046717