15 0.813920 0.255051 0.038352 0.068182
7 0.278764 0.530934 0.051847 0.089646
25 0.291193 0.243687 0.039773 0.068182
17 0.045810 0.087121 0.041903 0.063131
10 0.898438 0.588384 0.031250 0.060606
6 0.308594 0.831439 0.303267 0.117424
15 0.345526 0.138258 0.036222 0.064394
11 0.354759 0.696970 0.033381 0.068182
22 0.848366 0.372475 0.074574 0.090909
19 0.605469 0.604167 0.031960 0.056818
11 0.660511 0.621843 0.045455 0.092172
13 0.519886 0.587753 0.024148 0.039141
12 0.209872 0.114899 0.033381 0.060606
1 0.617188 0.044192 0.036932 0.065657
11 0.607599 0.919823 0.041903 0.084596
9 0.843040 0.780303 0.038352 0.078283
27 0.703835 0.457071 0.078125 0.093434
19 0.955966 0.898990 0.035511 0.063131
1 0.077770 0.418561 0.037642 0.066919
25 0.955966 0.219066 0.041193 0.071970
3 0.114702 0.297348 0.067472 0.089646
3 0.064986 0.826389 0.070312 0.092172
13 0.728338 0.308081 0.030540 0.050505
24 0.297585 0.084596 0.036932 0.065657
13 0.039062 0.270833 0.034091 0.056818
18 0.546520 0.805556 0.034801 0.060606
1 0.452770 0.167298 0.034801 0.061869
11 0.779830 0.804924 0.041193 0.084596