15 0.197088 0.621212 0.068892 0.085859
6 0.873580 0.623737 0.049716 0.085859
10 0.162287 0.258207 0.039062 0.079545
7 0.367543 0.047348 0.031960 0.061869
5 0.064986 0.947601 0.033381 0.061869
3 0.408026 0.202652 0.066051 0.087121
25 0.701349 0.395833 0.033381 0.059343
4 0.892045 0.818813 0.035511 0.056818
1 0.257457 0.192551 0.034801 0.061869
0 0.296875 0.405303 0.032670 0.055556
18 0.491122 0.836490 0.033381 0.059343
27 0.953835 0.555556 0.068182 0.080808
21 0.146662 0.498737 0.070312 0.085859
19 0.614702 0.722222 0.034801 0.068182
26 0.720881 0.313763 0.068182 0.082071
17 0.098011 0.750631 0.035511 0.061869
2 0.318182 0.489899 0.062500 0.085859
24 0.772727 0.806187 0.035511 0.061869
13 0.606534 0.832071 0.024148 0.047980
14 0.945312 0.948232 0.032670 0.058081
8 0.386364 0.761364 0.032670 0.065657
23 0.669034 0.571970 0.032670 0.058081
9 0.279474 0.327652 0.031960 0.061869
22 0.947443 0.223485 0.034091 0.058081
11 0.492898 0.490530 0.032670 0.059343
12 0.888849 0.157828 0.029119 0.047980