11 0.302202 0.458333 0.033381 0.068182
21 0.175071 0.412247 0.027699 0.049242
6 0.806818 0.399621 0.346591 0.135101
28 0.700994 0.756313 0.072443 0.085859
24 0.123580 0.679293 0.031250 0.055556
0 0.672940 0.852904 0.033381 0.056818
13 0.272017 0.264520 0.032670 0.054293
26 0.640625 0.145202 0.032670 0.058081
4 0.454545 0.333965 0.035511 0.056818
17 0.494318 0.849747 0.039773 0.060606
21 0.221591 0.685606 0.035511 0.063131
21 0.710938 0.863636 0.028409 0.050505
19 0.290838 0.660985 0.036222 0.064394
21 0.289062 0.189394 0.032670 0.058081
2 0.346236 0.547348 0.050426 0.069444
2 0.595170 0.742424 0.069602 0.095960
19 0.910156 0.706439 0.033381 0.059343
7 0.406605 0.532197 0.050426 0.087121
20 0.223366 0.241162 0.033381 0.065657
16 0.406605 0.080177 0.075994 0.094697
6 0.301136 0.841540 0.316761 0.122475
10 0.615057 0.419192 0.025568 0.050505
6 0.600852 0.630051 0.281250 0.108586
27 0.225142 0.527778 0.075284 0.090909
5 0.500355 0.139520 0.039062 0.071970
20 0.950639 0.087753 0.039062 0.077020
22 0.560369 0.282197 0.069602 0.084596