16 0.185369 0.803030 0.038352 0.058081
18 0.738281 0.121843 0.033381 0.059343
21 0.628196 0.582071 0.070312 0.085859
4 0.761364 0.475379 0.035511 0.056818
14 0.415483 0.270202 0.032670 0.058081
0 0.318182 0.806818 0.032670 0.055556
1 0.598366 0.188763 0.034801 0.061869
6 0.240057 0.941919 0.049716 0.085859
8 0.581676 0.771465 0.032670 0.065657
5 0.111861 0.600379 0.033381 0.061869
17 0.132812 0.472854 0.035511 0.061869
3 0.200639 0.553662 0.066051 0.087121
15 0.601918 0.284091 0.068892 0.085859
24 0.780540 0.169823 0.035511 0.061869
10 0.812145 0.869318 0.039062 0.079545
7 0.251776 0.240530 0.031960 0.061869
20 0.072443 0.164141 0.032670 0.058081
11 0.626420 0.100379 0.032670 0.059343
12 0.393111 0.454545 0.029119 0.047980
23 0.883523 0.943182 0.032670 0.058081
26 0.663352 0.722854 0.068182 0.082071
22 0.535511 0.554293 0.034091 0.058081
27 0.325284 0.106061 0.068182 0.080808