16 0.247869 0.697601 0.072443 0.089646
0 0.551491 0.517045 0.034801 0.059343
20 0.172230 0.820707 0.036222 0.070707
13 0.549006 0.277778 0.024148 0.040404
26 0.018111 0.491793 0.034801 0.061869
25 0.349432 0.845328 0.032670 0.056818
13 0.952415 0.772096 0.026989 0.044192
9 0.932884 0.390152 0.037642 0.075758
23 0.985085 0.765783 0.028409 0.049242
24 0.435724 0.765783 0.037642 0.066919
9 0.099432 0.233586 0.029830 0.060606
0 0.769176 0.090278 0.026989 0.046717
6 0.253906 0.094697 0.395597 0.154040
11 0.619318 0.602904 0.042614 0.087121
20 0.865767 0.553662 0.032670 0.064394
15 0.788707 0.503157 0.039062 0.069444
10 0.918679 0.887626 0.026278 0.050505
12 0.377131 0.289773 0.029830 0.054293
5 0.262074 0.517677 0.038352 0.070707
25 0.700994 0.149621 0.035511 0.061869
3 0.043324 0.614268 0.073864 0.097222
12 0.034446 0.135101 0.026278 0.047980
18 0.190341 0.285985 0.038352 0.066919
23 0.502131 0.825758 0.029830 0.050505
8 0.726562 0.901515 0.029830 0.058081
21 0.828480 0.115530 0.030540 0.054293
11 0.057528 0.888889 0.038352 0.078283
0 0.326349 0.964015 0.033381 0.056818
23 0.798295 0.628788 0.038352 0.065657
24 0.368963 0.721591 0.026278 0.046717