7 0.259233 0.300505 0.044034 0.075758
4 0.031605 0.477904 0.041903 0.066919
22 0.199574 0.715909 0.076705 0.093434
11 0.264205 0.845960 0.036932 0.075758
2 0.569247 0.760732 0.061790 0.084596
7 0.076349 0.755682 0.043324 0.074495
6 0.563565 0.417298 0.341619 0.132576
28 0.619673 0.272727 0.074574 0.088384
23 0.256747 0.083965 0.036222 0.061869
27 0.102628 0.390783 0.064631 0.077020
23 0.926847 0.075758 0.031250 0.053030
19 0.840554 0.068813 0.036222 0.064394
13 0.257812 0.958333 0.029830 0.047980
5 0.707031 0.643308 0.029119 0.054293
18 0.835582 0.832071 0.040483 0.070707
23 0.745739 0.877525 0.034091 0.058081
18 0.162642 0.541035 0.034091 0.059343
27 0.581321 0.857323 0.054688 0.065657
27 0.631392 0.610480 0.080966 0.097222
28 0.940341 0.337753 0.061080 0.071970
25 0.020597 0.670455 0.036932 0.063131
19 0.093040 0.568182 0.034091 0.060606
18 0.431463 0.973485 0.030540 0.053030
5 0.338068 0.344697 0.026989 0.050505
24 0.308949 0.830808 0.035511 0.063131
5 0.379616 0.808081 0.037642 0.070707
1 0.332386 0.675505 0.041193 0.073232
9 0.946023 0.419192 0.034091 0.068182
26 0.870028 0.741162 0.031250 0.055556