23 0.424006 0.517677 0.026989 0.045455
2 0.468395 0.359848 0.071733 0.098485
16 0.357244 0.390783 0.082386 0.102273
26 0.566761 0.734848 0.036932 0.065657
14 0.365057 0.308081 0.021307 0.042929
28 0.947798 0.409722 0.064631 0.077020
7 0.117898 0.762626 0.051136 0.088384
21 0.683949 0.959596 0.029830 0.053030
9 0.454190 0.623737 0.039062 0.078283
11 0.780540 0.926768 0.035511 0.073232
4 0.359730 0.071338 0.029119 0.046717
16 0.560014 0.527146 0.080256 0.099747
2 0.357244 0.749369 0.061080 0.084596
24 0.356534 0.925505 0.038352 0.068182
13 0.332386 0.558712 0.028409 0.046717