21 0.414773 0.955808 0.038352 0.068182
14 0.522727 0.626263 0.025568 0.050505
10 0.023793 0.167929 0.034801 0.068182
20 0.537642 0.871843 0.036932 0.071970
3 0.426136 0.761995 0.063920 0.084596
12 0.861151 0.627525 0.037642 0.068182
25 0.047940 0.335859 0.041903 0.073232
26 0.257457 0.466540 0.030540 0.054293
16 0.633168 0.789141 0.078835 0.098485
0 0.932528 0.727904 0.034091 0.056818
2 0.921520 0.233586 0.058949 0.080808
17 0.203125 0.953283 0.039773 0.060606
27 0.046165 0.474116 0.068182 0.082071
16 0.273793 0.123106 0.056108 0.069444
26 0.519531 0.971591 0.031960 0.056818
25 0.270952 0.393939 0.040483 0.070707
28 0.577060 0.224116 0.064631 0.077020
11 0.770241 0.120581 0.046165 0.094697
14 0.769176 0.816288 0.021307 0.041667
18 0.835582 0.715909 0.037642 0.065657
27 0.406250 0.667298 0.068182 0.082071
24 0.659801 0.108586 0.032670 0.058081
12 0.582386 0.482955 0.032670 0.059343
8 0.065341 0.815657 0.029830 0.058081
24 0.531250 0.332071 0.035511 0.063131