27 0.419389 0.621212 0.058949 0.070707
16 0.254972 0.844697 0.071023 0.088384
20 0.701705 0.247475 0.039773 0.078283
6 0.651634 0.587121 0.370028 0.143939
16 0.880327 0.561869 0.068892 0.085859
8 0.969460 0.678030 0.025568 0.050505
23 0.498935 0.243687 0.040483 0.068182
9 0.961648 0.407197 0.038352 0.077020
16 0.145952 0.824495 0.056108 0.070707
4 0.308239 0.750631 0.038352 0.061869
19 0.311435 0.451389 0.027699 0.049242
18 0.542259 0.123737 0.033381 0.058081
11 0.220881 0.658460 0.041193 0.084596
10 0.621094 0.181818 0.029119 0.055556
28 0.810369 0.460227 0.073864 0.087121
2 0.271662 0.654040 0.057528 0.078283