21 0.388139 0.272727 0.034801 0.068182
29 0.200994 0.291667 0.068182 0.080808
19 0.660511 0.428662 0.035511 0.061869
13 0.174716 0.488005 0.032670 0.059343
1 0.189986 0.153409 0.034801 0.061869
23 0.817827 0.800505 0.070312 0.085859
25 0.582386 0.220960 0.032670 0.058081
16 0.785511 0.452020 0.032670 0.058081
8 0.242188 0.628788 0.049716 0.085859
17 0.077060 0.834596 0.068892 0.085859
28 0.192472 0.847854 0.068182 0.082071
27 0.052202 0.403409 0.033381 0.059343
5 0.734020 0.140152 0.026278 0.050505
11 0.519531 0.115530 0.031960 0.061869
3 0.133878 0.083965 0.066051 0.087121
2 0.266335 0.468434 0.062500 0.085859
0 0.700284 0.640152 0.032670 0.055556
4 0.508523 0.407197 0.035511 0.056818
26 0.710938 0.951389 0.035511 0.061869
24 0.982244 0.659091 0.034091 0.058081
6 0.454901 0.844066 0.081676 0.137626
12 0.853338 0.356692 0.039062 0.079545
20 0.751776 0.878157 0.033381 0.059343
18 0.639915 0.549242 0.038352 0.058081
7 0.551491 0.443813 0.033381 0.061869
14 0.674361 0.164141 0.029119 0.047980