22 0.347301 0.169192 0.034091 0.058081
0 0.026989 0.223485 0.032670 0.055556
4 0.853693 0.206439 0.035511 0.056818
24 0.077415 0.297348 0.035511 0.061869
11 0.376420 0.333965 0.032670 0.059343
26 0.181818 0.616793 0.068182 0.082071
17 0.440341 0.620581 0.035511 0.061869
8 0.512784 0.715909 0.032670 0.065657
1 0.926491 0.089015 0.034801 0.061869
5 0.676491 0.034722 0.033381 0.061869
12 0.360440 0.675505 0.029119 0.047980
20 0.529119 0.940657 0.032670 0.058081
19 0.216974 0.275253 0.034801 0.068182
6 0.309659 0.900253 0.049716 0.085859
3 0.092685 0.645833 0.066051 0.087121
15 0.410156 0.482323 0.068892 0.085859