13 0.497159 0.611111 0.024148 0.047980
9 0.096946 0.421086 0.031960 0.061869
17 0.764205 0.749369 0.035511 0.061869
1 0.155895 0.176136 0.034801 0.061869
18 0.456321 0.951389 0.033381 0.059343
2 0.905540 0.521465 0.062500 0.085859
10 0.680043 0.613005 0.039062 0.079545
3 0.686435 0.510732 0.066051 0.087121
6 0.708097 0.852273 0.049716 0.085859
19 0.068537 0.078283 0.034801 0.068182
22 0.451705 0.417929 0.034091 0.058081
20 0.195312 0.501263 0.032670 0.058081
12 0.419389 0.642677 0.029119 0.047980
23 0.464489 0.537879 0.032670 0.058081
11 0.619318 0.413510 0.032670 0.059343
25 0.660156 0.083965 0.033381 0.059343
5 0.821378 0.109217 0.033381 0.061869
8 0.470881 0.784091 0.032670 0.065657
14 0.330256 0.883838 0.032670 0.058081
21 0.624645 0.856061 0.070312 0.085859
26 0.924716 0.379419 0.068182 0.082071
4 0.140625 0.643308 0.035511 0.056818
15 0.823509 0.890152 0.068892 0.085859