4 0.504261 0.793561 0.035511 0.056818
5 0.188565 0.419192 0.026278 0.050505
20 0.084872 0.250631 0.033381 0.059343
17 0.231889 0.627525 0.068892 0.085859
16 0.436790 0.416667 0.032670 0.058081
3 0.116122 0.395833 0.066051 0.087121
26 0.571023 0.172348 0.035511 0.061869
24 0.933949 0.568182 0.034091 0.058081
6 0.694247 0.491793 0.081676 0.137626
7 0.902344 0.167298 0.033381 0.061869
29 0.589489 0.348485 0.068182 0.080808
27 0.209162 0.702652 0.033381 0.059343
19 0.395597 0.967803 0.035511 0.061869
14 0.876776 0.444444 0.029119 0.047980
28 0.124290 0.690025 0.068182 0.082071
13 0.725852 0.788510 0.032670 0.059343
18 0.959517 0.371212 0.038352 0.058081
2 0.868608 0.915404 0.062500 0.085859
8 0.270597 0.376263 0.049716 0.085859
23 0.583452 0.753788 0.070312 0.085859
10 0.623580 0.594697 0.032670 0.065657
25 0.171165 0.114899 0.032670 0.058081
11 0.897372 0.523359 0.031960 0.061869
22 0.223011 0.077020 0.032670 0.058081
0 0.340199 0.553030 0.032670 0.055556
12 0.215554 0.840278 0.039062 0.079545