26 0.714489 0.820076 0.035511 0.061869
29 0.522727 0.604798 0.068182 0.080808
22 0.331676 0.684343 0.032670 0.058081
0 0.194602 0.092172 0.032670 0.055556
28 0.742898 0.648359 0.068182 0.082071
21 0.923651 0.674242 0.034801 0.068182
14 0.132457 0.441919 0.029119 0.047980
23 0.662997 0.190657 0.070312 0.085859
24 0.897727 0.191919 0.034091 0.058081
17 0.319247 0.077020 0.068892 0.085859
3 0.839134 0.816288 0.066051 0.087121
8 0.320312 0.304293 0.049716 0.085859
7 0.520241 0.698864 0.033381 0.061869
15 0.035511 0.618687 0.024148 0.047980
20 0.721946 0.345328 0.033381 0.059343
4 0.025568 0.413510 0.035511 0.056818
11 0.443537 0.510732 0.031960 0.061869
19 0.900568 0.783460 0.035511 0.061869
10 0.422585 0.035354 0.032670 0.065657
16 0.379972 0.181818 0.032670 0.058081
6 0.504616 0.476641 0.081676 0.137626
5 0.774503 0.755051 0.026278 0.050505
1 0.260298 0.654672 0.034801 0.061869
2 0.215909 0.529040 0.062500 0.085859
27 0.886719 0.479167 0.033381 0.059343
9 0.145952 0.948864 0.031960 0.061869