25 0.104048 0.340278 0.033381 0.059343
18 0.212003 0.431187 0.033381 0.059343
27 0.650568 0.084596 0.068182 0.080808
15 0.619673 0.369949 0.068892 0.085859
21 0.246094 0.084596 0.070312 0.085859
11 0.739347 0.441288 0.032670 0.059343
19 0.377486 0.598485 0.034801 0.068182
22 0.976562 0.765152 0.034091 0.058081
10 0.687145 0.267045 0.039062 0.079545
20 0.512074 0.938131 0.032670 0.058081
2 0.444602 0.762626 0.062500 0.085859
13 0.038352 0.027778 0.024148 0.047980
12 0.259588 0.544192 0.029119 0.047980
6 0.556818 0.703283 0.049716 0.085859
17 0.618608 0.284722 0.035511 0.061869
9 0.199219 0.533460 0.031960 0.061869
3 0.286577 0.696338 0.066051 0.087121
16 0.203125 0.779040 0.038352 0.058081
4 0.580256 0.219066 0.035511 0.056818