26 0.313920 0.308712 0.035511 0.061869
7 0.839134 0.892045 0.033381 0.061869
11 0.501776 0.066288 0.031960 0.061869
21 0.572798 0.167929 0.034801 0.068182
25 0.442472 0.439394 0.032670 0.058081
4 0.299716 0.096591 0.035511 0.056818
1 0.909446 0.895833 0.034801 0.061869
6 0.639560 0.767045 0.081676 0.137626
18 0.855114 0.627525 0.038352 0.058081
0 0.708097 0.246212 0.032670 0.055556
9 0.388139 0.590278 0.031960 0.061869
12 0.790838 0.325126 0.039062 0.079545
22 0.129972 0.623737 0.032670 0.058081
19 0.092330 0.486742 0.035511 0.061869
20 0.720526 0.807449 0.033381 0.059343