3 0.453480 0.554924 0.066051 0.087121
18 0.362216 0.655303 0.038352 0.058081
19 0.033381 0.860480 0.035511 0.061869
21 0.339844 0.501263 0.034801 0.068182
20 0.417969 0.229167 0.033381 0.059343
4 0.364347 0.376894 0.035511 0.056818
0 0.802557 0.810606 0.032670 0.055556
14 0.138849 0.170455 0.029119 0.047980
2 0.663352 0.919192 0.062500 0.085859
11 0.084162 0.725379 0.031960 0.061869
17 0.714844 0.369949 0.068892 0.085859
9 0.023793 0.038510 0.031960 0.061869
7 0.550781 0.193813 0.033381 0.061869
16 0.666903 0.741162 0.032670 0.058081
27 0.302202 0.139520 0.033381 0.059343
24 0.892045 0.084596 0.034091 0.058081
13 0.880682 0.530934 0.032670 0.059343
28 0.666903 0.101641 0.068182 0.082071
15 0.330256 0.827020 0.024148 0.047980
6 0.587003 0.804924 0.081676 0.137626