9 0.582031 0.967803 0.031960 0.061869
26 0.381392 0.815025 0.035511 0.061869
0 0.081676 0.281566 0.032670 0.055556
5 0.783736 0.815657 0.026278 0.050505
14 0.274503 0.965909 0.029119 0.047980
22 0.294034 0.574495 0.032670 0.058081
23 0.908736 0.261364 0.070312 0.085859
24 0.809659 0.881313 0.034091 0.058081
10 0.926847 0.938131 0.032670 0.065657
12 0.411577 0.567551 0.039062 0.079545
2 0.890625 0.476010 0.062500 0.085859
11 0.023793 0.220328 0.031960 0.061869
8 0.441051 0.203283 0.049716 0.085859
16 0.223722 0.640152 0.032670 0.058081
15 0.385653 0.098485 0.024148 0.047980
3 0.529474 0.239268 0.066051 0.087121
21 0.256037 0.743687 0.034801 0.068182
13 0.144176 0.402146 0.032670 0.059343
6 0.219105 0.104167 0.081676 0.137626
18 0.166193 0.795455 0.038352 0.058081
17 0.118253 0.508838 0.068892 0.085859
27 0.329901 0.698864 0.033381 0.059343
1 0.055043 0.764520 0.034801 0.061869
7 0.822798 0.451389 0.033381 0.061869
4 0.487926 0.652146 0.035511 0.056818
28 0.626420 0.452652 0.068182 0.082071
25 0.370028 0.959596 0.032670 0.058081