16 0.784091 0.824495 0.038352 0.058081
25 0.116832 0.212753 0.033381 0.059343
14 0.174006 0.445707 0.032670 0.058081
8 0.563920 0.320707 0.032670 0.065657
21 0.153054 0.684343 0.070312 0.085859
4 0.957386 0.548611 0.035511 0.056818
15 0.785866 0.396465 0.068892 0.085859
23 0.411222 0.037879 0.032670 0.058081
13 0.644886 0.452020 0.024148 0.047980
19 0.653054 0.631313 0.034801 0.068182
24 0.355824 0.336490 0.035511 0.061869
3 0.605469 0.876894 0.066051 0.087121
12 0.093395 0.813131 0.029119 0.047980
2 0.668324 0.723485 0.062500 0.085859
18 0.142401 0.947601 0.033381 0.059343
11 0.236506 0.616793 0.032670 0.059343
6 0.519176 0.540404 0.049716 0.085859
17 0.148438 0.125631 0.035511 0.061869
0 0.311080 0.669192 0.032670 0.055556
5 0.577770 0.201389 0.033381 0.061869
20 0.194602 0.044192 0.032670 0.058081
10 0.196378 0.770833 0.039062 0.079545