1 0.594105 0.892045 0.034801 0.061869
17 0.412287 0.260101 0.068892 0.085859
26 0.929688 0.317551 0.035511 0.061869
10 0.066051 0.357323 0.032670 0.065657
21 0.384588 0.444444 0.034801 0.068182
24 0.272017 0.920455 0.034091 0.058081
18 0.411222 0.940657 0.038352 0.058081
15 0.324574 0.147727 0.024148 0.047980
3 0.858310 0.903409 0.066051 0.087121
19 0.882812 0.803662 0.035511 0.061869
0 0.215909 0.893939 0.032670 0.055556
12 0.547230 0.630682 0.039062 0.079545
2 0.066761 0.150253 0.062500 0.085859
8 0.526989 0.419192 0.049716 0.085859
9 0.100497 0.693813 0.031960 0.061869
25 0.276989 0.226010 0.032670 0.058081
14 0.780895 0.255051 0.029119 0.047980
7 0.584872 0.251894 0.033381 0.061869
4 0.399148 0.080177 0.035511 0.056818
29 0.614347 0.800505 0.068182 0.080808
6 0.810724 0.499369 0.081676 0.137626
20 0.351918 0.659722 0.033381 0.059343
23 0.949219 0.127525 0.070312 0.085859
13 0.428267 0.691288 0.032670 0.059343
16 0.314631 0.537879 0.032670 0.058081
11 0.731179 0.496843 0.031960 0.061869
22 0.441051 0.137626 0.032670 0.058081
5 0.471236 0.382576 0.026278 0.050505
28 0.458807 0.797348 0.068182 0.082071