19 0.578480 0.210227 0.027699 0.049242
3 0.927557 0.421717 0.058239 0.075758
23 0.246094 0.916667 0.039062 0.065657
23 0.693892 0.352273 0.038352 0.065657
24 0.218040 0.065657 0.026989 0.047980
8 0.396662 0.621843 0.034801 0.066919
11 0.633168 0.083965 0.039062 0.079545
5 0.525568 0.560606 0.038352 0.070707
18 0.311790 0.034722 0.028409 0.049242
14 0.312145 0.150884 0.023438 0.046717
26 0.797585 0.737374 0.031250 0.055556
28 0.040838 0.073232 0.068892 0.080808
8 0.599077 0.450758 0.026278 0.050505
23 0.188920 0.396465 0.035511 0.060606
21 0.064986 0.549874 0.030540 0.054293
24 0.102628 0.076389 0.036222 0.064394
14 0.865057 0.583333 0.019886 0.040404
10 0.712003 0.523359 0.034801 0.066919
5 0.304688 0.715909 0.034091 0.063131
15 0.371449 0.750000 0.035511 0.063131