22 0.340554 0.304924 0.075994 0.092172
0 0.648082 0.079545 0.026278 0.045455
11 0.488281 0.440025 0.037642 0.077020
28 0.169744 0.870581 0.073864 0.087121
24 0.815696 0.724116 0.031960 0.056818
24 0.817116 0.065025 0.029119 0.051768
11 0.839134 0.950758 0.041903 0.085859
20 0.920455 0.250000 0.039773 0.078283
23 0.692472 0.251263 0.032670 0.055556
8 0.762074 0.364268 0.034091 0.066919
13 0.205966 0.121212 0.025568 0.042929
15 0.480114 0.771465 0.029830 0.053030
25 0.041903 0.042298 0.031250 0.054293
5 0.362926 0.720960 0.032670 0.060606
17 0.149148 0.589646 0.039773 0.060606
24 0.347656 0.432449 0.030540 0.054293
26 0.631037 0.868056 0.039062 0.069444
14 0.256747 0.316288 0.023438 0.046717
5 0.345881 0.854798 0.032670 0.060606
3 0.617188 0.722854 0.068182 0.089646
21 0.942116 0.340278 0.034801 0.061869
3 0.728338 0.901515 0.067472 0.088384
25 0.059659 0.818813 0.029830 0.051768
28 0.558594 0.834596 0.077415 0.090909