24 0.880682 0.118687 0.038352 0.068182
20 0.145952 0.496843 0.040483 0.079545
23 0.488991 0.594066 0.027699 0.046717
3 0.243608 0.757576 0.075284 0.098485
24 0.280185 0.874369 0.030540 0.054293
26 0.320312 0.863636 0.029830 0.053030
21 0.375710 0.560606 0.029830 0.053030
17 0.145241 0.349116 0.036222 0.054293
0 0.589134 0.934975 0.029119 0.049242
6 0.497869 0.174242 0.397727 0.154040
19 0.411222 0.770202 0.026989 0.047980
21 0.803977 0.675505 0.026989 0.047980
18 0.568537 0.313131 0.040483 0.070707
27 0.911932 0.727904 0.071023 0.084596
12 0.207386 0.493056 0.031250 0.056818
28 0.756037 0.902146 0.058949 0.069444
6 0.832741 0.502525 0.320312 0.123737
3 0.898438 0.627525 0.072443 0.095960
27 0.282670 0.546086 0.080966 0.097222
13 0.882102 0.270833 0.024148 0.039141
20 0.592685 0.681818 0.031960 0.063131
18 0.971591 0.796086 0.028409 0.049242
10 0.196733 0.666035 0.025568 0.049242
14 0.302202 0.743056 0.026278 0.051768
14 0.835227 0.357955 0.026989 0.054293
9 0.255327 0.258838 0.037642 0.075758
17 0.053267 0.053030 0.035511 0.053030
13 0.454901 0.311869 0.023438 0.037879