17 0.311435 0.607323 0.068892 0.085859
20 0.719815 0.904672 0.033381 0.059343
21 0.562145 0.233586 0.034801 0.068182
0 0.156960 0.675505 0.032670 0.055556
7 0.164418 0.477904 0.033381 0.061869
9 0.792969 0.424874 0.031960 0.061869
4 0.397017 0.647096 0.035511 0.056818
28 0.075994 0.955177 0.068182 0.082071
19 0.269886 0.126894 0.035511 0.061869
8 0.537642 0.757576 0.049716 0.085859
11 0.883878 0.220328 0.031960 0.061869
24 0.495028 0.440657 0.034091 0.058081
15 0.298295 0.378788 0.024148 0.047980
27 0.111151 0.369318 0.033381 0.059343
16 0.816761 0.887626 0.032670 0.058081
12 0.866122 0.855429 0.039062 0.079545
26 0.408381 0.759470 0.035511 0.061869
3 0.523082 0.355429 0.066051 0.087121