19 0.335582 0.726010 0.034801 0.068182
9 0.438565 0.365530 0.031960 0.061869
17 0.596591 0.152146 0.035511 0.061869
5 0.197798 0.349116 0.033381 0.061869
24 0.501420 0.133207 0.035511 0.061869
1 0.781605 0.446338 0.034801 0.061869
0 0.293324 0.515152 0.032670 0.055556
10 0.362571 0.486742 0.039062 0.079545
11 0.754261 0.032197 0.032670 0.059343
25 0.609730 0.668561 0.033381 0.059343
15 0.177912 0.233586 0.068892 0.085859
6 0.065341 0.148990 0.049716 0.085859
3 0.309304 0.407197 0.066051 0.087121
20 0.117188 0.099747 0.032670 0.058081
14 0.309659 0.825758 0.032670 0.058081
26 0.646307 0.076389 0.068182 0.082071