13 0.710938 0.179293 0.024148 0.047980
27 0.817472 0.779040 0.068182 0.080808
17 0.418324 0.823864 0.035511 0.061869
19 0.352628 0.314394 0.034801 0.068182
25 0.843395 0.929924 0.033381 0.059343
10 0.651634 0.648359 0.039062 0.079545
16 0.518466 0.521465 0.038352 0.058081
0 0.337358 0.625000 0.032670 0.055556
4 0.286932 0.639520 0.035511 0.056818
2 0.896307 0.821970 0.062500 0.085859
11 0.768466 0.147096 0.032670 0.059343
15 0.115412 0.446970 0.068892 0.085859
22 0.508523 0.457071 0.034091 0.058081
21 0.933594 0.541667 0.070312 0.085859
24 0.272017 0.187500 0.035511 0.061869
6 0.759233 0.660354 0.049716 0.085859
14 0.319602 0.547980 0.032670 0.058081
12 0.525213 0.970960 0.029119 0.047980
3 0.587713 0.889520 0.066051 0.087121
8 0.615767 0.349747 0.032670 0.065657
7 0.209872 0.767045 0.031960 0.061869
23 0.184659 0.656566 0.032670 0.058081
5 0.214844 0.298611 0.033381 0.061869
26 0.656960 0.779672 0.068182 0.082071
1 0.183594 0.530934 0.034801 0.061869
18 0.130327 0.539773 0.033381 0.059343
20 0.964489 0.371212 0.032670 0.058081
9 0.622514 0.101641 0.031960 0.061869