18 0.459162 0.380682 0.033381 0.059343
17 0.930398 0.118056 0.035511 0.061869
7 0.592685 0.360480 0.031960 0.061869
10 0.217685 0.269571 0.039062 0.079545
3 0.450639 0.460227 0.066051 0.087121
4 0.696733 0.529672 0.035511 0.056818
8 0.622869 0.722222 0.032670 0.065657
25 0.473366 0.946338 0.033381 0.059343
11 0.563920 0.034722 0.032670 0.059343
27 0.599432 0.818182 0.068182 0.080808
12 0.886719 0.486111 0.029119 0.047980
5 0.878906 0.164773 0.033381 0.061869
0 0.829545 0.400253 0.032670 0.055556
20 0.789773 0.358586 0.032670 0.058081
23 0.546875 0.737374 0.032670 0.058081
1 0.221946 0.100379 0.034801 0.061869
14 0.352983 0.674242 0.032670 0.058081