17 0.928622 0.717172 0.040483 0.060606
20 0.230824 0.650884 0.029830 0.059343
0 0.211293 0.967803 0.034801 0.059343
19 0.872514 0.486742 0.027699 0.049242
12 0.562500 0.048611 0.029830 0.054293
27 0.406605 0.756944 0.070312 0.084596
25 0.160511 0.702652 0.038352 0.066919
12 0.684304 0.347222 0.029119 0.053030
17 0.639205 0.070076 0.041193 0.061869
22 0.846591 0.041035 0.065341 0.079545
1 0.055753 0.238005 0.036222 0.064394
8 0.097301 0.549874 0.026989 0.051768
16 0.541193 0.386364 0.076705 0.095960
3 0.387784 0.054924 0.073864 0.097222
13 0.725852 0.886364 0.024148 0.040404
14 0.428977 0.260732 0.026989 0.054293
16 0.776634 0.719066 0.060369 0.074495
14 0.301491 0.046086 0.023438 0.046717
3 0.044034 0.566288 0.056818 0.074495
23 0.208452 0.441919 0.039062 0.065657
20 0.372869 0.431818 0.039773 0.078283
10 0.885298 0.369318 0.026278 0.051768
1 0.099077 0.184975 0.031960 0.056818