23 0.620739 0.811869 0.036932 0.063131
3 0.615767 0.684343 0.069602 0.090909
0 0.681463 0.106692 0.027699 0.046717
11 0.680043 0.459596 0.033381 0.068182
19 0.508878 0.616793 0.033381 0.059343
10 0.412997 0.689394 0.037642 0.073232
7 0.695312 0.778409 0.052557 0.089646
3 0.850852 0.585859 0.055398 0.073232
17 0.263849 0.886364 0.033381 0.050505
27 0.197088 0.520202 0.075994 0.090909
4 0.406250 0.041667 0.028409 0.045455
25 0.401634 0.109848 0.041903 0.073232
23 0.030540 0.737374 0.039773 0.068182
6 0.529830 0.287247 0.379261 0.147727
28 0.377841 0.875000 0.055398 0.065657