6 0.309304 0.524621 0.037642 0.066919
3 0.545455 0.929293 0.035511 0.063131
16 0.934304 0.514520 0.037642 0.066919
25 0.840909 0.650253 0.039773 0.070707
15 0.703125 0.871212 0.036932 0.065657
20 0.290128 0.155934 0.030540 0.054293
11 0.955256 0.868687 0.039773 0.070707
9 0.610085 0.602273 0.039773 0.070707
19 0.838778 0.916667 0.031250 0.055556
16 0.045455 0.025253 0.028409 0.050505
27 0.765980 0.287247 0.029119 0.051768
25 0.220881 0.900253 0.035511 0.063131
11 0.535866 0.202652 0.037642 0.066919
28 0.825639 0.409722 0.034801 0.061869