26 0.160511 0.964015 0.035511 0.061869
15 0.639915 0.606061 0.024148 0.047980
6 0.185014 0.178662 0.081676 0.137626
9 0.043679 0.361742 0.031960 0.061869
17 0.055753 0.210859 0.068892 0.085859
10 0.774148 0.717172 0.032670 0.065657
21 0.241122 0.613636 0.034801 0.068182
20 0.519531 0.461490 0.033381 0.059343
0 0.367898 0.891414 0.032670 0.055556
14 0.891690 0.343434 0.029119 0.047980
23 0.572088 0.454545 0.070312 0.085859
5 0.138849 0.566919 0.026278 0.050505
8 0.659801 0.861111 0.049716 0.085859
29 0.365057 0.530303 0.068182 0.080808
28 0.350142 0.110480 0.068182 0.082071
22 0.460938 0.818182 0.032670 0.058081
18 0.710938 0.314394 0.038352 0.058081
16 0.493608 0.220960 0.032670 0.058081
13 0.845881 0.049874 0.032670 0.059343
12 0.308594 0.546086 0.039062 0.079545
7 0.719105 0.038510 0.033381 0.061869