7 0.220170 0.313131 0.051136 0.088384
14 0.520241 0.162879 0.023438 0.045455
2 0.370384 0.567551 0.061790 0.084596
9 0.641335 0.398359 0.026989 0.054293
6 0.601207 0.658460 0.330256 0.127525
11 0.858665 0.488005 0.032670 0.066919
27 0.720170 0.792929 0.066761 0.080808
2 0.751776 0.202020 0.057528 0.078283
25 0.241122 0.085859 0.029119 0.050505
4 0.322443 0.054924 0.039773 0.064394
10 0.461648 0.409091 0.034091 0.065657
16 0.463068 0.273359 0.066761 0.082071
6 0.797585 0.369318 0.282670 0.109848
19 0.276634 0.410985 0.029119 0.051768
3 0.482599 0.924242 0.068892 0.090909
20 0.753906 0.078914 0.039062 0.077020
12 0.121449 0.378157 0.031250 0.056818
8 0.234730 0.722222 0.027699 0.053030
7 0.594815 0.822601 0.044744 0.077020
26 0.632812 0.763889 0.029830 0.053030
18 0.299361 0.208965 0.041903 0.071970
15 0.522372 0.830177 0.036222 0.064394
3 0.267401 0.570707 0.073153 0.095960