7 0.823509 0.114268 0.033381 0.061869
11 0.363991 0.043561 0.031960 0.061869
13 0.169744 0.530934 0.032670 0.059343
17 0.857599 0.955808 0.068892 0.085859
29 0.603693 0.203283 0.068182 0.080808
1 0.379616 0.832702 0.034801 0.061869
28 0.752841 0.688763 0.068182 0.082071
8 0.335227 0.688131 0.049716 0.085859
4 0.548295 0.399621 0.035511 0.056818
2 0.231534 0.910354 0.062500 0.085859
10 0.066761 0.484848 0.032670 0.065657
0 0.269176 0.190657 0.032670 0.055556
23 0.679332 0.465909 0.070312 0.085859
12 0.457031 0.591540 0.039062 0.079545
24 0.031960 0.933081 0.034091 0.058081
19 0.944602 0.168561 0.035511 0.061869
22 0.540483 0.079545 0.032670 0.058081
6 0.222656 0.664773 0.081676 0.137626
3 0.614702 0.671086 0.066051 0.087121
15 0.232955 0.256313 0.024148 0.047980
26 0.473011 0.186237 0.035511 0.061869
9 0.366122 0.578914 0.031960 0.061869
5 0.959872 0.348485 0.026278 0.050505
16 0.445312 0.910354 0.032670 0.058081