1 0.827770 0.183712 0.034801 0.061869
11 0.164418 0.908460 0.031960 0.061869
17 0.208452 0.715909 0.068892 0.085859
7 0.814986 0.758207 0.033381 0.061869
0 0.470170 0.635101 0.032670 0.055556
6 0.940696 0.899621 0.081676 0.137626
13 0.281960 0.437500 0.032670 0.059343
14 0.541548 0.794192 0.029119 0.047980
21 0.251065 0.592172 0.034801 0.068182
26 0.828835 0.418561 0.035511 0.061869
23 0.342685 0.058081 0.070312 0.085859
24 0.134233 0.146465 0.034091 0.058081
28 0.586648 0.118056 0.068182 0.082071
25 0.058239 0.579545 0.032670 0.058081
20 0.777344 0.193813 0.033381 0.059343
19 0.154830 0.299874 0.035511 0.061869
12 0.091974 0.370581 0.039062 0.079545
18 0.664773 0.628788 0.038352 0.058081
27 0.927912 0.044823 0.033381 0.059343
29 0.044744 0.776515 0.068182 0.080808
9 0.670810 0.758207 0.031960 0.061869
22 0.031960 0.921717 0.032670 0.058081
15 0.569602 0.628788 0.024148 0.047980