23 0.147372 0.541035 0.039062 0.069444
16 0.049006 0.650253 0.038352 0.068182
28 0.184659 0.448232 0.029830 0.053030
17 0.073864 0.710859 0.032670 0.058081
10 0.899503 0.192551 0.039062 0.069444
16 0.040483 0.045455 0.028409 0.050505
0 0.390980 0.097854 0.030540 0.054293
25 0.735440 0.412247 0.027699 0.049242
7 0.950284 0.768939 0.036932 0.065657
29 0.781250 0.391414 0.026989 0.047980
12 0.331676 0.559343 0.035511 0.063131
25 0.265980 0.659722 0.039062 0.069444
16 0.144176 0.310606 0.032670 0.058081
22 0.460582 0.741793 0.031960 0.056818