26 0.149148 0.395833 0.068182 0.082071
8 0.174716 0.079545 0.032670 0.065657
11 0.636364 0.118056 0.032670 0.059343
7 0.713423 0.110480 0.031960 0.061869
15 0.474077 0.508838 0.068892 0.085859
27 0.587358 0.425505 0.068182 0.080808
25 0.790128 0.941288 0.033381 0.059343
4 0.156250 0.474116 0.035511 0.056818
10 0.476918 0.179924 0.039062 0.079545
23 0.762784 0.742424 0.032670 0.058081
6 0.776278 0.214646 0.049716 0.085859
21 0.212003 0.195707 0.070312 0.085859
14 0.266335 0.957071 0.032670 0.058081
18 0.387429 0.458965 0.033381 0.059343
13 0.882102 0.175505 0.024148 0.047980
22 0.693892 0.320707 0.034091 0.058081
9 0.838423 0.374369 0.031960 0.061869
24 0.661932 0.207702 0.035511 0.061869
17 0.169744 0.316288 0.035511 0.061869
19 0.498935 0.073232 0.034801 0.068182
16 0.217330 0.521465 0.038352 0.058081
12 0.537287 0.972222 0.029119 0.047980
20 0.501420 0.262626 0.032670 0.058081
3 0.271662 0.736742 0.066051 0.087121
0 0.924006 0.077020 0.032670 0.055556
5 0.883878 0.932449 0.033381 0.061869
2 0.861506 0.630051 0.062500 0.085859
1 0.646662 0.946338 0.034801 0.061869