25 0.769176 0.902778 0.036932 0.063131
1 0.488636 0.873737 0.029830 0.053030
7 0.597301 0.242424 0.041193 0.070707
19 0.778054 0.172348 0.039062 0.069444
26 0.355114 0.392677 0.028409 0.050505
13 0.781250 0.642045 0.031250 0.051768
23 0.381037 0.796086 0.034801 0.059343
17 0.100497 0.132576 0.043324 0.065657
0 0.119673 0.850379 0.030540 0.051768
22 0.338423 0.711490 0.073153 0.089646
27 0.851207 0.379419 0.064631 0.077020
28 0.933594 0.478535 0.061790 0.073232
1 0.795099 0.836490 0.037642 0.066919
23 0.507457 0.482955 0.029119 0.049242
28 0.571378 0.165404 0.066051 0.078283
21 0.971591 0.108586 0.034091 0.060606
5 0.966264 0.042298 0.030540 0.056818