0 0.408026 0.549874 0.031960 0.054293
23 0.416903 0.291035 0.038352 0.064394
14 0.363636 0.622475 0.024148 0.047980
1 0.279830 0.523990 0.031250 0.055556
5 0.079901 0.066288 0.034801 0.064394
28 0.082031 0.171086 0.058949 0.069444
25 0.387074 0.838384 0.041193 0.070707
25 0.190341 0.467803 0.035511 0.061869
12 0.351207 0.053030 0.031960 0.058081
24 0.809304 0.419823 0.037642 0.066919
18 0.629616 0.858586 0.037642 0.065657
7 0.873580 0.353535 0.045455 0.078283
20 0.265625 0.165404 0.031250 0.060606
0 0.506037 0.395833 0.030540 0.051768
7 0.173295 0.729798 0.049716 0.085859
18 0.950284 0.071338 0.029830 0.051768
19 0.905540 0.500000 0.036932 0.065657
17 0.124645 0.780934 0.030540 0.046717
2 0.126420 0.565025 0.052557 0.071970
9 0.930753 0.907197 0.033381 0.066919
27 0.170455 0.358586 0.061080 0.073232
3 0.686790 0.546086 0.073864 0.097222