13 0.553977 0.494318 0.032670 0.059343
26 0.411932 0.065025 0.035511 0.061869
2 0.169034 0.332071 0.062500 0.085859
23 0.721946 0.255051 0.070312 0.085859
0 0.392756 0.487374 0.032670 0.055556
29 0.045455 0.202020 0.068182 0.080808
5 0.074929 0.133838 0.026278 0.050505
12 0.226207 0.077652 0.039062 0.079545
1 0.640270 0.397096 0.034801 0.061869
14 0.858310 0.647727 0.029119 0.047980
17 0.810724 0.202020 0.068892 0.085859
4 0.360085 0.193813 0.035511 0.056818
7 0.623935 0.240530 0.033381 0.061869
6 0.232599 0.673611 0.081676 0.137626
9 0.925071 0.505682 0.031960 0.061869
10 0.865057 0.265152 0.032670 0.065657
8 0.308239 0.800505 0.049716 0.085859
25 0.938920 0.944444 0.032670 0.058081
28 0.930398 0.607955 0.068182 0.082071
24 0.128551 0.787879 0.034091 0.058081
16 0.127841 0.454545 0.032670 0.058081
3 0.169389 0.889520 0.066051 0.087121
20 0.875355 0.427399 0.033381 0.059343
22 0.035511 0.070707 0.032670 0.058081
27 0.636719 0.825126 0.033381 0.059343
19 0.031960 0.361742 0.035511 0.061869
15 0.669744 0.251263 0.024148 0.047980
11 0.376065 0.056187 0.031960 0.061869