9 0.304332 0.470328 0.031960 0.061869
23 0.628196 0.042929 0.070312 0.085859
22 0.191051 0.580808 0.032670 0.058081
27 0.179332 0.489268 0.033381 0.059343
17 0.217685 0.737374 0.068892 0.085859
24 0.732244 0.867424 0.034091 0.058081
7 0.945668 0.456439 0.033381 0.061869
20 0.529474 0.884470 0.033381 0.059343
1 0.787287 0.764520 0.034801 0.061869
10 0.754972 0.556818 0.032670 0.065657
15 0.056108 0.084596 0.024148 0.047980
0 0.955256 0.184343 0.032670 0.055556
12 0.568537 0.056187 0.039062 0.079545
28 0.151278 0.909722 0.068182 0.082071
18 0.106534 0.486111 0.038352 0.058081
2 0.624290 0.688131 0.062500 0.085859
13 0.284091 0.104167 0.032670 0.059343