12 0.719815 0.941288 0.039062 0.079545
23 0.172940 0.523990 0.070312 0.085859
13 0.723011 0.455177 0.032670 0.059343
0 0.352983 0.195707 0.032670 0.055556
22 0.340909 0.863636 0.032670 0.058081
1 0.927912 0.404672 0.034801 0.061869
3 0.044389 0.710227 0.066051 0.087121
4 0.723722 0.056187 0.035511 0.056818
28 0.602273 0.811237 0.068182 0.082071
11 0.069957 0.410985 0.031960 0.061869
8 0.925426 0.305556 0.049716 0.085859
15 0.024148 0.452020 0.024148 0.047980
7 0.178622 0.899621 0.033381 0.061869
21 0.078480 0.888889 0.034801 0.068182
27 0.298651 0.453914 0.033381 0.059343
5 0.156605 0.741162 0.026278 0.050505
20 0.622514 0.623106 0.033381 0.059343
29 0.854403 0.786616 0.068182 0.080808
24 0.097301 0.680556 0.034091 0.058081
2 0.764205 0.756313 0.062500 0.085859
9 0.628906 0.167298 0.031960 0.061869
14 0.884588 0.340909 0.029119 0.047980
10 0.160511 0.361111 0.032670 0.065657
18 0.404830 0.805556 0.038352 0.058081
6 0.555753 0.171086 0.081676 0.137626
16 0.210227 0.104798 0.032670 0.058081
19 0.497869 0.725379 0.035511 0.061869
26 0.159801 0.136995 0.035511 0.061869
25 0.249290 0.895202 0.032670 0.058081
17 0.453480 0.387626 0.068892 0.085859