13 0.246449 0.150253 0.024148 0.047980
15 0.148793 0.272727 0.068892 0.085859
24 0.885653 0.325126 0.035511 0.061869
7 0.973366 0.895833 0.031960 0.061869
4 0.782670 0.474116 0.035511 0.056818
11 0.507812 0.586490 0.032670 0.059343
27 0.134233 0.896465 0.068182 0.080808
0 0.531250 0.512626 0.032670 0.055556
18 0.160156 0.684975 0.033381 0.059343
22 0.855824 0.622475 0.034091 0.058081
25 0.573509 0.625631 0.033381 0.059343
21 0.133878 0.460859 0.070312 0.085859
10 0.567116 0.397096 0.039062 0.079545
26 0.277699 0.525884 0.068182 0.082071
12 0.596236 0.758838 0.029119 0.047980
6 0.510653 0.142677 0.049716 0.085859
8 0.058239 0.847222 0.032670 0.065657
23 0.025568 0.710859 0.032670 0.058081
2 0.491477 0.349747 0.062500 0.085859
9 0.639560 0.871843 0.031960 0.061869
14 0.372869 0.766414 0.032670 0.058081
1 0.018111 0.940025 0.034801 0.061869
17 0.061080 0.111742 0.035511 0.061869
5 0.020241 0.270833 0.033381 0.061869
16 0.411932 0.674242 0.038352 0.058081