17 0.667969 0.376263 0.068892 0.085859
29 0.622159 0.646465 0.068182 0.080808
11 0.182884 0.376894 0.031960 0.061869
7 0.122514 0.272096 0.033381 0.061869
9 0.090554 0.458965 0.031960 0.061869
24 0.026989 0.375000 0.034091 0.058081
8 0.355824 0.467172 0.049716 0.085859
22 0.523438 0.171717 0.032670 0.058081
5 0.659446 0.566919 0.026278 0.050505
20 0.368963 0.563763 0.033381 0.059343
19 0.302557 0.673611 0.035511 0.061869
15 0.764205 0.910354 0.024148 0.047980
16 0.882812 0.239899 0.032670 0.058081
25 0.806108 0.378788 0.032670 0.058081
23 0.529474 0.647727 0.070312 0.085859
28 0.213778 0.099116 0.068182 0.082071
13 0.923295 0.029672 0.032670 0.059343
0 0.967330 0.916667 0.032670 0.055556