14 0.820668 0.885732 0.026278 0.051768
21 0.092685 0.582702 0.026278 0.046717
19 0.555753 0.659722 0.031960 0.056818
2 0.214489 0.424242 0.073864 0.101010
7 0.607955 0.099747 0.051136 0.088384
23 0.191051 0.732323 0.032670 0.055556
12 0.589134 0.376263 0.030540 0.055556
12 0.833452 0.125000 0.039062 0.070707
27 0.503196 0.647096 0.057528 0.069444
16 0.846236 0.741162 0.068892 0.085859
9 0.087713 0.679293 0.037642 0.075758
4 0.691761 0.245581 0.034091 0.054293
26 0.165838 0.808712 0.030540 0.054293
3 0.242898 0.886995 0.072443 0.094697
14 0.089134 0.959596 0.024858 0.050505
13 0.622514 0.391414 0.027699 0.045455
10 0.943182 0.239899 0.025568 0.050505
27 0.668679 0.071970 0.058949 0.070707
14 0.726207 0.597854 0.022017 0.044192
5 0.959872 0.101641 0.030540 0.056818