9 0.761009 0.392045 0.031960 0.061869
13 0.495739 0.707071 0.024148 0.047980
14 0.083097 0.654040 0.032670 0.058081
5 0.482599 0.041035 0.033381 0.061869
3 0.884588 0.198864 0.066051 0.087121
12 0.383168 0.133838 0.029119 0.047980
7 0.047230 0.787247 0.031960 0.061869
4 0.678977 0.815025 0.035511 0.056818
15 0.206321 0.631313 0.068892 0.085859
21 0.404474 0.869949 0.070312 0.085859
11 0.433239 0.491793 0.032670 0.059343
10 0.624645 0.196338 0.039062 0.079545
24 0.728693 0.477904 0.035511 0.061869
18 0.736861 0.674874 0.033381 0.059343
2 0.090199 0.215909 0.062500 0.085859
6 0.549716 0.161616 0.049716 0.085859
17 0.613636 0.625631 0.035511 0.061869
27 0.565341 0.066919 0.068182 0.080808
20 0.948864 0.761364 0.032670 0.058081