26 0.607955 0.940025 0.068182 0.082071
8 0.643466 0.651515 0.032670 0.065657
24 0.356534 0.145833 0.035511 0.061869
2 0.317472 0.380051 0.062500 0.085859
0 0.494318 0.396465 0.032670 0.055556
7 0.958452 0.393308 0.031960 0.061869
22 0.182528 0.699495 0.034091 0.058081
11 0.784801 0.336490 0.032670 0.059343
21 0.720526 0.506313 0.070312 0.085859
20 0.882102 0.234848 0.032670 0.058081
13 0.036222 0.638889 0.024148 0.047980
27 0.464489 0.689394 0.068182 0.080808
9 0.597656 0.253157 0.031960 0.061869
19 0.233310 0.698232 0.034801 0.068182
17 0.083097 0.731692 0.035511 0.061869
1 0.142401 0.400884 0.034801 0.061869
25 0.188565 0.174874 0.033381 0.059343
12 0.401634 0.425505 0.029119 0.047980
10 0.785866 0.898359 0.039062 0.079545
18 0.131747 0.339015 0.033381 0.059343
15 0.763139 0.732323 0.068892 0.085859
3 0.285866 0.511995 0.066051 0.087121
5 0.285866 0.091540 0.033381 0.061869
4 0.461648 0.292298 0.035511 0.056818
23 0.137074 0.570707 0.032670 0.058081
14 0.708807 0.762626 0.032670 0.058081