8 0.330611 0.690025 0.031960 0.061869
11 0.145241 0.189394 0.034801 0.070707
26 0.618608 0.597222 0.036932 0.065657
6 0.569247 0.321338 0.387074 0.150253
13 0.765625 0.026515 0.032670 0.053030
16 0.914062 0.546086 0.062500 0.077020
26 0.851918 0.244318 0.030540 0.054293
1 0.327770 0.842803 0.037642 0.066919
2 0.818537 0.405934 0.054688 0.074495
22 0.833452 0.941919 0.078835 0.095960
16 0.732599 0.885101 0.077415 0.095960
13 0.262429 0.315025 0.024858 0.041667
7 0.479759 0.102904 0.058949 0.102273
8 0.823864 0.525253 0.029830 0.058081
1 0.439276 0.486742 0.027699 0.049242
23 0.881747 0.637626 0.027699 0.047980
8 0.931108 0.359848 0.025568 0.050505
22 0.392756 0.806818 0.066761 0.080808
3 0.336293 0.202652 0.054688 0.071970
10 0.210582 0.089646 0.037642 0.073232
13 0.148793 0.411616 0.030540 0.050505
9 0.020241 0.193182 0.027699 0.055556
9 0.250355 0.588384 0.026278 0.053030
15 0.763849 0.753157 0.039062 0.069444