14 0.777344 0.452020 0.029119 0.047980
23 0.187855 0.351010 0.070312 0.085859
1 0.599077 0.231692 0.034801 0.061869
24 0.380682 0.877525 0.034091 0.058081
12 0.373935 0.751894 0.039062 0.079545
15 0.291903 0.157828 0.024148 0.047980
5 0.069247 0.378788 0.026278 0.050505
8 0.736506 0.354798 0.049716 0.085859
4 0.151278 0.730429 0.035511 0.056818
18 0.030540 0.411616 0.038352 0.058081
10 0.715909 0.116162 0.032670 0.065657
2 0.357244 0.176768 0.062500 0.085859
11 0.016690 0.636995 0.031960 0.061869
26 0.638494 0.643308 0.035511 0.061869
13 0.053977 0.250631 0.032670 0.059343