2 0.629972 0.782197 0.063920 0.087121
21 0.273082 0.384470 0.036222 0.064394
21 0.829545 0.450758 0.038352 0.068182
27 0.561080 0.879419 0.058239 0.069444
9 0.436790 0.256944 0.029830 0.059343
11 0.194602 0.316288 0.044034 0.089646
21 0.670455 0.055556 0.035511 0.063131
24 0.732955 0.094697 0.028409 0.050505
10 0.808594 0.285354 0.034801 0.068182
1 0.553622 0.524621 0.040483 0.071970
25 0.834162 0.893308 0.029119 0.051768
20 0.252486 0.558712 0.027699 0.054293
1 0.964844 0.903409 0.029119 0.051768
19 0.035511 0.262626 0.035511 0.063131
23 0.545810 0.282197 0.033381 0.056818
15 0.828835 0.114899 0.036932 0.065657
23 0.599077 0.046086 0.030540 0.051768
16 0.545810 0.142677 0.077415 0.095960
23 0.781250 0.967172 0.036932 0.063131
7 0.765980 0.168561 0.053267 0.092172
1 0.194247 0.934975 0.031960 0.056818
18 0.018111 0.800505 0.030540 0.053030