17 0.573153 0.814394 0.045455 0.068182
4 0.149503 0.119949 0.033381 0.053030
15 0.253906 0.152146 0.027699 0.049242
25 0.349077 0.472222 0.030540 0.053030
3 0.756037 0.655934 0.066051 0.087121
22 0.880682 0.468434 0.066761 0.080808
13 0.523082 0.755682 0.033381 0.054293
26 0.589489 0.694444 0.031250 0.055556
16 0.412287 0.770833 0.066051 0.082071
17 0.634588 0.414141 0.041903 0.063131
24 0.149858 0.371212 0.025568 0.045455
25 0.324929 0.806818 0.039062 0.068182
1 0.475852 0.691919 0.029830 0.053030
25 0.880682 0.114268 0.031250 0.054293
25 0.721591 0.152146 0.031250 0.054293
5 0.780895 0.343434 0.037642 0.070707
26 0.490412 0.592803 0.031960 0.056818
5 0.191051 0.621212 0.039773 0.073232
22 0.621804 0.941919 0.060369 0.073232
10 0.507457 0.046086 0.031960 0.061869
18 0.057528 0.548611 0.031250 0.054293
19 0.636364 0.614899 0.032670 0.058081