16 0.046165 0.104798 0.038352 0.058081
21 0.593395 0.502525 0.070312 0.085859
6 0.208807 0.108586 0.049716 0.085859
11 0.208097 0.331439 0.032670 0.059343
20 0.539062 0.757576 0.032670 0.058081
12 0.912997 0.622475 0.029119 0.047980
26 0.718750 0.116793 0.068182 0.082071
27 0.060369 0.353535 0.068182 0.080808
8 0.281960 0.131313 0.032670 0.065657
0 0.258523 0.540404 0.032670 0.055556
4 0.435369 0.130682 0.035511 0.056818
18 0.524503 0.187500 0.033381 0.059343
2 0.636364 0.165404 0.062500 0.085859
22 0.955256 0.047980 0.034091 0.058081
23 0.781960 0.050505 0.032670 0.058081
25 0.388139 0.048611 0.033381 0.059343
24 0.979403 0.604167 0.035511 0.061869
19 0.778054 0.857323 0.034801 0.068182
10 0.166548 0.654672 0.039062 0.079545
9 0.395241 0.445076 0.031960 0.061869
5 0.599077 0.669823 0.033381 0.061869