3 0.055398 0.566288 0.072443 0.094697
4 0.359375 0.650253 0.028409 0.045455
24 0.834872 0.714015 0.029119 0.051768
6 0.328480 0.311237 0.348722 0.135101
4 0.887429 0.472222 0.036222 0.058081
2 0.598722 0.334596 0.055398 0.075758
23 0.695312 0.733586 0.026989 0.045455
12 0.398793 0.464646 0.036222 0.065657
4 0.408381 0.813763 0.031250 0.049242
14 0.782315 0.648359 0.023438 0.046717
12 0.269176 0.581439 0.034091 0.061869
22 0.080611 0.881313 0.078835 0.095960
16 0.203125 0.059343 0.061080 0.075758
22 0.198509 0.630051 0.083097 0.101010
24 0.938565 0.409722 0.034801 0.061869
26 0.800781 0.154672 0.027699 0.049242
0 0.042259 0.107955 0.030540 0.051768
17 0.574574 0.952652 0.042614 0.064394
19 0.673651 0.400884 0.029119 0.051768