14 0.675781 0.395202 0.029119 0.047980
19 0.267756 0.215278 0.035511 0.061869
3 0.179332 0.432449 0.066051 0.087121
16 0.403409 0.272727 0.032670 0.058081
7 0.832741 0.177399 0.033381 0.061869
18 0.151278 0.825758 0.038352 0.058081
6 0.400213 0.143308 0.081676 0.137626
27 0.927912 0.736742 0.033381 0.059343
2 0.602273 0.813131 0.062500 0.085859
1 0.793679 0.472854 0.034801 0.061869
29 0.306818 0.141414 0.068182 0.080808
25 0.787642 0.335859 0.032670 0.058081
23 0.925781 0.142677 0.070312 0.085859
8 0.255682 0.460859 0.049716 0.085859
10 0.880682 0.916667 0.032670 0.065657
4 0.875710 0.486742 0.035511 0.056818
5 0.094815 0.507576 0.026278 0.050505
15 0.547585 0.708333 0.024148 0.047980
20 0.619673 0.397096 0.033381 0.059343
11 0.116122 0.095328 0.031960 0.061869