0 0.911222 0.183081 0.032670 0.055556
16 0.667614 0.247475 0.032670 0.058081
21 0.412997 0.380051 0.034801 0.068182
26 0.970170 0.528409 0.035511 0.061869
12 0.476207 0.179924 0.039062 0.079545
2 0.134943 0.170455 0.062500 0.085859
1 0.939986 0.761995 0.034801 0.061869
11 0.772372 0.743056 0.031960 0.061869
17 0.295099 0.494949 0.068892 0.085859
28 0.147017 0.769571 0.068182 0.082071
22 0.194602 0.178030 0.032670 0.058081
4 0.955966 0.940025 0.035511 0.056818
23 0.126065 0.455808 0.070312 0.085859
29 0.292614 0.614899 0.068182 0.080808
7 0.357599 0.339015 0.033381 0.061869
19 0.713778 0.092803 0.035511 0.061869
6 0.649503 0.474116 0.081676 0.137626
14 0.837003 0.871212 0.029119 0.047980
15 0.482955 0.626263 0.024148 0.047980
10 0.857244 0.446970 0.032670 0.065657
5 0.421520 0.830808 0.026278 0.050505