3 0.698153 0.469697 0.065341 0.085859
26 0.549716 0.070707 0.036932 0.065657
17 0.931463 0.113636 0.043324 0.065657
0 0.189276 0.530934 0.033381 0.056818
3 0.853693 0.780934 0.072443 0.094697
22 0.749645 0.559975 0.075994 0.092172
13 0.229759 0.934343 0.031960 0.053030
27 0.867898 0.508838 0.065341 0.078283
19 0.650213 0.850379 0.033381 0.059343
27 0.039418 0.929924 0.060369 0.071970
22 0.113636 0.203283 0.068182 0.083333
9 0.974077 0.156566 0.033381 0.068182
15 0.466974 0.620581 0.036222 0.064394
27 0.872869 0.236742 0.059659 0.071970
22 0.920810 0.872475 0.061790 0.075758
5 0.637429 0.346591 0.036222 0.066919
14 0.328125 0.459596 0.022727 0.045455
19 0.937145 0.519571 0.039062 0.069444
18 0.673651 0.395202 0.031960 0.055556