20 0.811435 0.106061 0.036222 0.070707
26 0.069957 0.157197 0.031960 0.056818
22 0.139205 0.697601 0.079545 0.097222
9 0.605469 0.716540 0.036222 0.071970
12 0.127131 0.043561 0.026989 0.049242
2 0.617898 0.583333 0.053977 0.073232
6 0.674006 0.888258 0.328125 0.127525
20 0.605824 0.479798 0.036932 0.073232
21 0.319957 0.541035 0.036222 0.064394
20 0.418324 0.534091 0.039773 0.078283
3 0.910156 0.722854 0.070312 0.092172
4 0.788352 0.219697 0.039773 0.063131
7 0.708807 0.277778 0.045455 0.078283
15 0.666193 0.632576 0.034091 0.060606
6 0.337003 0.210227 0.316051 0.122475
28 0.850497 0.601010 0.056108 0.065657
3 0.223011 0.365530 0.078125 0.102273
28 0.930043 0.817551 0.080256 0.094697
24 0.756037 0.673611 0.029119 0.051768
0 0.813920 0.713384 0.036932 0.063131
25 0.286577 0.667929 0.034801 0.060606
18 0.503196 0.781566 0.041903 0.073232
25 0.798651 0.617424 0.037642 0.065657
13 0.632457 0.412879 0.029119 0.047980