8 0.101562 0.075758 0.032670 0.065657
17 0.104403 0.662247 0.035511 0.061869
3 0.263849 0.692551 0.066051 0.087121
26 0.698153 0.716540 0.068182 0.082071
12 0.785156 0.876263 0.029119 0.047980
4 0.844460 0.309975 0.035511 0.056818
24 0.519176 0.479167 0.035511 0.061869
16 0.350852 0.626263 0.038352 0.058081
15 0.067116 0.795455 0.068892 0.085859
22 0.241477 0.565657 0.034091 0.058081
0 0.205256 0.728535 0.032670 0.055556
19 0.704190 0.590909 0.034801 0.068182
18 0.613281 0.153409 0.033381 0.059343
21 0.652344 0.429293 0.070312 0.085859
2 0.500000 0.751263 0.062500 0.085859
9 0.596946 0.779672 0.031960 0.061869
6 0.943182 0.127525 0.049716 0.085859
10 0.138849 0.388258 0.039062 0.079545