27 0.123580 0.180556 0.068182 0.080808
11 0.503551 0.750631 0.032670 0.059343
0 0.070312 0.752525 0.032670 0.055556
22 0.216619 0.380051 0.034091 0.058081
26 0.789062 0.931187 0.068182 0.082071
19 0.366832 0.352273 0.034801 0.068182
5 0.575639 0.864268 0.033381 0.061869
14 0.350852 0.900253 0.032670 0.058081
25 0.655895 0.481692 0.033381 0.059343
21 0.611151 0.751263 0.070312 0.085859
9 0.572798 0.270833 0.031960 0.061869
20 0.636364 0.589646 0.032670 0.058081
7 0.233310 0.253157 0.031960 0.061869
2 0.854403 0.138889 0.062500 0.085859
4 0.753551 0.783460 0.035511 0.056818
10 0.861861 0.582702 0.039062 0.079545
17 0.905540 0.287247 0.035511 0.061869
15 0.625355 0.214646 0.068892 0.085859
3 0.426491 0.846591 0.066051 0.087121
23 0.802557 0.559343 0.032670 0.058081
6 0.458097 0.623737 0.049716 0.085859
8 0.099432 0.349747 0.032670 0.065657