13 0.826705 0.465909 0.024148 0.047980
11 0.223722 0.839015 0.032670 0.059343
14 0.053977 0.934343 0.032670 0.058081
19 0.951349 0.588384 0.034801 0.068182
10 0.614702 0.049874 0.039062 0.079545
25 0.564276 0.879419 0.033381 0.059343
16 0.196023 0.714646 0.038352 0.058081
26 0.916903 0.780934 0.068182 0.082071
27 0.149148 0.311869 0.068182 0.080808
20 0.490057 0.042929 0.032670 0.058081
4 0.490057 0.546086 0.035511 0.056818
22 0.629972 0.857323 0.034091 0.058081
5 0.508168 0.744318 0.033381 0.061869
23 0.638494 0.243687 0.032670 0.058081
18 0.975497 0.100379 0.033381 0.059343
24 0.919034 0.224116 0.035511 0.061869
9 0.302202 0.316288 0.031960 0.061869
7 0.898082 0.636995 0.031960 0.061869
12 0.547230 0.486111 0.029119 0.047980
21 0.655895 0.666667 0.070312 0.085859
8 0.031960 0.521465 0.032670 0.065657
6 0.771307 0.357323 0.049716 0.085859
1 0.699219 0.484217 0.034801 0.061869
2 0.507812 0.301768 0.062500 0.085859
17 0.443892 0.533460 0.035511 0.061869