22 0.943182 0.635101 0.032670 0.058081
28 0.576705 0.365530 0.068182 0.082071
21 0.813565 0.856061 0.034801 0.068182
2 0.366477 0.886364 0.062500 0.085859
12 0.223366 0.289773 0.039062 0.079545
18 0.815341 0.969697 0.038352 0.058081
4 0.256392 0.692551 0.035511 0.056818
20 0.742543 0.472854 0.033381 0.059343
25 0.563920 0.747475 0.032670 0.058081
29 0.281250 0.532828 0.068182 0.080808
10 0.200284 0.094697 0.032670 0.065657
26 0.299006 0.719066 0.035511 0.061869
16 0.050426 0.053030 0.032670 0.058081
7 0.290128 0.787247 0.033381 0.061869
0 0.507102 0.069444 0.032670 0.055556
8 0.447443 0.400253 0.049716 0.085859
17 0.664418 0.630051 0.068892 0.085859
9 0.712003 0.712753 0.031960 0.061869
27 0.846946 0.460227 0.033381 0.059343
6 0.353338 0.231692 0.081676 0.137626
15 0.649858 0.815657 0.024148 0.047980
5 0.042259 0.866162 0.026278 0.050505
3 0.697798 0.816288 0.066051 0.087121
11 0.252486 0.922348 0.031960 0.061869
1 0.954190 0.116793 0.034801 0.061869
23 0.538707 0.943182 0.070312 0.085859
19 0.119318 0.575126 0.035511 0.061869
24 0.612216 0.813131 0.034091 0.058081
13 0.357955 0.369318 0.032670 0.059343