17 0.647372 0.282197 0.030540 0.046717
8 0.239347 0.824495 0.035511 0.068182
11 0.833097 0.398359 0.034091 0.069444
23 0.562855 0.083965 0.031960 0.054293
22 0.670099 0.085227 0.077415 0.094697
2 0.485795 0.852273 0.068182 0.093434
20 0.397017 0.558081 0.039773 0.078283
26 0.124290 0.248737 0.029830 0.053030
6 0.823864 0.925505 0.301136 0.116162
27 0.330611 0.638258 0.057528 0.069444
22 0.174361 0.542929 0.066051 0.080808
8 0.063210 0.319444 0.028409 0.055556
0 0.168324 0.212121 0.032670 0.055556
15 0.870739 0.383838 0.035511 0.063131
19 0.771662 0.668561 0.039062 0.069444
0 0.137074 0.733586 0.035511 0.060606
19 0.733310 0.371843 0.034801 0.061869