28 0.134233 0.127525 0.063920 0.075758
11 0.354403 0.294823 0.042614 0.087121
6 0.284446 0.540404 0.384233 0.148990
3 0.220881 0.426136 0.055398 0.071970
3 0.356534 0.415404 0.072443 0.095960
18 0.701705 0.188763 0.041193 0.071970
26 0.665128 0.349116 0.034801 0.061869
0 0.172940 0.229167 0.037642 0.064394
3 0.551491 0.769571 0.056108 0.074495
16 0.685014 0.761995 0.080256 0.099747
11 0.765980 0.172980 0.043324 0.088384
6 0.744673 0.928030 0.333097 0.128788
2 0.164773 0.044823 0.053977 0.074495
28 0.738991 0.409722 0.075994 0.089646
6 0.741477 0.515152 0.285511 0.111111
16 0.841619 0.406566 0.066761 0.083333
18 0.102983 0.346591 0.031250 0.054293
28 0.176847 0.710227 0.079545 0.094697
24 0.401989 0.125000 0.032670 0.058081
21 0.588068 0.184343 0.034091 0.060606
15 0.224787 0.927399 0.026278 0.046717
5 0.563920 0.438131 0.031250 0.058081
7 0.455966 0.251263 0.058239 0.101010