4 0.551847 0.139520 0.035511 0.056818
18 0.051847 0.166667 0.038352 0.058081
23 0.499645 0.580808 0.070312 0.085859
17 0.685724 0.393939 0.068892 0.085859
29 0.754972 0.136364 0.068182 0.080808
21 0.172940 0.323232 0.034801 0.068182
22 0.377841 0.226010 0.032670 0.058081
25 0.897017 0.079545 0.032670 0.058081
12 0.327770 0.501894 0.039062 0.079545
28 0.731534 0.626894 0.068182 0.082071
6 0.823509 0.376894 0.081676 0.137626
1 0.360440 0.803662 0.034801 0.061869
14 0.145952 0.922980 0.029119 0.047980
15 0.697443 0.236111 0.024148 0.047980
11 0.248224 0.620581 0.031960 0.061869
0 0.344460 0.414141 0.032670 0.055556
9 0.902344 0.222854 0.031960 0.061869
19 0.431818 0.835227 0.035511 0.061869
2 0.417614 0.425505 0.062500 0.085859
27 0.632457 0.192551 0.033381 0.059343