18 0.442116 0.895833 0.033381 0.059343
9 0.761009 0.169823 0.031960 0.061869
19 0.587003 0.767677 0.034801 0.068182
24 0.695312 0.325126 0.035511 0.061869
10 0.595526 0.346591 0.039062 0.079545
21 0.574219 0.075758 0.070312 0.085859
20 0.821733 0.040404 0.032670 0.058081
26 0.574574 0.610480 0.068182 0.082071
22 0.192472 0.220960 0.034091 0.058081
14 0.262784 0.492424 0.032670 0.058081
3 0.106179 0.385732 0.066051 0.087121
27 0.659801 0.632576 0.068182 0.080808
17 0.799716 0.755682 0.035511 0.061869
7 0.131037 0.669823 0.031960 0.061869
1 0.102628 0.105429 0.034801 0.061869
23 0.494318 0.882576 0.032670 0.058081
16 0.340199 0.160354 0.038352 0.058081
25 0.137429 0.509470 0.033381 0.059343
12 0.224787 0.243687 0.029119 0.047980
13 0.914062 0.412879 0.024148 0.047980
8 0.617188 0.450758 0.032670 0.065657
6 0.215199 0.936869 0.049716 0.085859
5 0.780895 0.317551 0.033381 0.061869
0 0.874290 0.609848 0.032670 0.055556
15 0.942827 0.204545 0.068892 0.085859
11 0.455966 0.171086 0.032670 0.059343
4 0.110085 0.905934 0.035511 0.056818
2 0.649148 0.155303 0.062500 0.085859