3 0.964489 0.090909 0.063920 0.083333
20 0.391690 0.246843 0.040483 0.079545
14 0.980824 0.208965 0.025568 0.051768
0 0.056108 0.406566 0.034091 0.058081
12 0.982599 0.333333 0.029119 0.053030
14 0.171875 0.827020 0.022727 0.045455
0 0.632457 0.746843 0.033381 0.056818
21 0.217330 0.789141 0.036932 0.065657
22 0.286577 0.917929 0.080256 0.098485
12 0.366832 0.888889 0.031960 0.058081
24 0.362216 0.751263 0.031250 0.055556
25 0.979048 0.871843 0.037642 0.064394
19 0.905185 0.544823 0.037642 0.066919
24 0.038352 0.150253 0.038352 0.068182
28 0.852983 0.466540 0.065341 0.077020
25 0.436790 0.720328 0.041193 0.071970
6 0.541548 0.579545 0.370028 0.143939
22 0.279119 0.287879 0.071023 0.085859
4 0.400568 0.811869 0.031250 0.050505
5 0.191406 0.347854 0.029119 0.054293
17 0.515980 0.893939 0.033381 0.050505