4 0.230114 0.825126 0.035511 0.056818
2 0.850852 0.558081 0.062500 0.085859
6 0.933239 0.430556 0.049716 0.085859
20 0.252841 0.318182 0.032670 0.058081
8 0.856534 0.047980 0.032670 0.065657
0 0.431108 0.544192 0.032670 0.055556
17 0.910511 0.049874 0.035511 0.061869
1 0.924361 0.509470 0.034801 0.061869
9 0.574929 0.659722 0.031960 0.061869
22 0.632812 0.786616 0.034091 0.058081
7 0.049361 0.288510 0.031960 0.061869
5 0.966264 0.706439 0.033381 0.061869
21 0.506747 0.765152 0.070312 0.085859
16 0.200284 0.535354 0.038352 0.058081
14 0.649148 0.693182 0.032670 0.058081
19 0.903764 0.589646 0.034801 0.068182
27 0.540483 0.175505 0.068182 0.080808
24 0.264205 0.614268 0.035511 0.061869
12 0.751065 0.203283 0.029119 0.047980
23 0.688210 0.367424 0.032670 0.058081