24 0.723722 0.771465 0.029830 0.053030
24 0.283736 0.339015 0.029119 0.051768
4 0.941406 0.756313 0.030540 0.047980
0 0.431108 0.262626 0.031250 0.053030
21 0.903054 0.253157 0.030540 0.054293
17 0.526278 0.356692 0.035511 0.054293
24 0.181463 0.767045 0.029119 0.051768
25 0.205256 0.211490 0.035511 0.061869
22 0.846236 0.078283 0.070312 0.085859
22 0.085227 0.806818 0.073864 0.090909
17 0.079901 0.521465 0.033381 0.050505
28 0.271662 0.861111 0.057528 0.068182
7 0.888494 0.560606 0.045455 0.078283
15 0.224077 0.033460 0.030540 0.054293
7 0.580611 0.458333 0.057528 0.098485
25 0.345170 0.942551 0.032670 0.056818
15 0.625355 0.581439 0.036222 0.064394
24 0.452770 0.337753 0.027699 0.049242
17 0.821023 0.302399 0.034091 0.051768
8 0.485085 0.535354 0.029830 0.058081
20 0.420099 0.777778 0.034801 0.068182
12 0.965199 0.600379 0.035511 0.064394
4 0.100497 0.265783 0.041903 0.066919
28 0.750000 0.933081 0.080966 0.095960
1 0.138494 0.676768 0.038352 0.068182