0 0.639915 0.308081 0.032670 0.055556
2 0.073864 0.460859 0.062500 0.085859
19 0.775568 0.874369 0.035511 0.061869
29 0.536932 0.448232 0.068182 0.080808
21 0.486151 0.212121 0.034801 0.068182
10 0.950284 0.738636 0.032670 0.065657
17 0.726207 0.678030 0.068892 0.085859
5 0.125355 0.407828 0.026278 0.050505
8 0.056108 0.679293 0.049716 0.085859
1 0.433594 0.323864 0.034801 0.061869
12 0.428622 0.772096 0.039062 0.079545
7 0.670810 0.662247 0.033381 0.061869
13 0.183949 0.172348 0.032670 0.059343
23 0.263849 0.478535 0.070312 0.085859
18 0.525568 0.659091 0.038352 0.058081
28 0.755682 0.249369 0.068182 0.082071
20 0.487571 0.351641 0.033381 0.059343
15 0.218750 0.604798 0.024148 0.047980
25 0.476562 0.082071 0.032670 0.058081
24 0.855824 0.032828 0.034091 0.058081
4 0.897727 0.404672 0.035511 0.056818
6 0.368253 0.605429 0.081676 0.137626
9 0.699219 0.157197 0.031960 0.061869
3 0.768821 0.417298 0.066051 0.087121
26 0.259233 0.898359 0.035511 0.061869