2 0.274148 0.445707 0.062500 0.085859
3 0.047230 0.658460 0.066051 0.087121
8 0.531960 0.287879 0.032670 0.065657
26 0.289062 0.095328 0.068182 0.082071
13 0.431818 0.636364 0.024148 0.047980
12 0.398082 0.320707 0.029119 0.047980
11 0.041193 0.753157 0.032670 0.059343
1 0.947798 0.864268 0.034801 0.061869
14 0.050426 0.191919 0.032670 0.058081
9 0.373935 0.898359 0.031960 0.061869
4 0.493608 0.481692 0.035511 0.056818
16 0.492188 0.212121 0.038352 0.058081
20 0.351562 0.376263 0.032670 0.058081
22 0.200284 0.862374 0.034091 0.058081
25 0.364702 0.460227 0.033381 0.059343
5 0.856889 0.128157 0.033381 0.061869
23 0.647727 0.218434 0.032670 0.058081
7 0.476207 0.142045 0.031960 0.061869
19 0.045810 0.263889 0.034801 0.068182
15 0.084162 0.542929 0.068892 0.085859
10 0.734730 0.861742 0.039062 0.079545