7 0.936435 0.106692 0.031960 0.061869
19 0.102628 0.911616 0.034801 0.068182
17 0.651989 0.860480 0.035511 0.061869
6 0.806818 0.271465 0.049716 0.085859
27 0.189631 0.736111 0.068182 0.080808
22 0.337358 0.532828 0.034091 0.058081
0 0.297585 0.794192 0.032670 0.055556
25 0.803622 0.438763 0.033381 0.059343
11 0.196733 0.224116 0.032670 0.059343
2 0.264915 0.564394 0.062500 0.085859
14 0.786932 0.795455 0.032670 0.058081
21 0.145241 0.051768 0.070312 0.085859
4 0.142756 0.395833 0.035511 0.056818
24 0.397017 0.893308 0.035511 0.061869
16 0.748580 0.823232 0.038352 0.058081
23 0.977983 0.542929 0.032670 0.058081
12 0.912997 0.378788 0.029119 0.047980
1 0.866122 0.490530 0.034801 0.061869
18 0.561435 0.773359 0.033381 0.059343
26 0.886364 0.780934 0.068182 0.082071
8 0.199574 0.877525 0.032670 0.065657
13 0.328125 0.753788 0.024148 0.047980
5 0.295810 0.229167 0.033381 0.061869