2 0.621449 0.308081 0.056818 0.078283
14 0.703835 0.908460 0.019886 0.039141
27 0.250710 0.328914 0.075284 0.089646
5 0.902344 0.756944 0.029119 0.054293
9 0.435724 0.193182 0.027699 0.055556
28 0.063210 0.771465 0.066761 0.078283
28 0.858665 0.348485 0.059659 0.070707
22 0.932173 0.672980 0.078835 0.095960
22 0.864347 0.528409 0.065341 0.079545
7 0.384943 0.353535 0.052557 0.090909
26 0.861506 0.804293 0.029830 0.053030
5 0.625355 0.700126 0.039062 0.071970
7 0.816761 0.251263 0.053977 0.093434
10 0.017045 0.602273 0.034091 0.065657
19 0.116477 0.544192 0.036932 0.065657
18 0.431818 0.554924 0.035511 0.061869
27 0.927202 0.380682 0.056108 0.066919
27 0.311080 0.631944 0.055398 0.066919
19 0.142045 0.853535 0.031250 0.055556
23 0.431818 0.088384 0.036932 0.063131
19 0.501065 0.698864 0.031960 0.056818
3 0.354759 0.523990 0.073153 0.095960