4 0.088423 0.721591 0.033381 0.054293
5 0.774148 0.900253 0.028409 0.053030
18 0.665128 0.340909 0.037642 0.065657
23 0.229048 0.254419 0.029119 0.049242
2 0.562145 0.950126 0.050426 0.069444
12 0.827415 0.239268 0.028409 0.051768
11 0.552202 0.696970 0.031960 0.065657
5 0.923651 0.717803 0.034801 0.064394
10 0.818892 0.131944 0.034091 0.066919
18 0.298651 0.780303 0.040483 0.070707
19 0.640980 0.804924 0.039062 0.069444
2 0.668324 0.633838 0.061080 0.083333
0 0.425781 0.679924 0.036222 0.061869
7 0.049361 0.346591 0.051847 0.089646
11 0.490767 0.203914 0.042614 0.087121
8 0.358310 0.098485 0.033381 0.065657
21 0.950284 0.063131 0.028409 0.050505
21 0.391335 0.126263 0.031250 0.055556
9 0.852983 0.144571 0.031250 0.061869
13 0.424716 0.436237 0.029830 0.049242
5 0.031250 0.520202 0.034091 0.063131
6 0.609375 0.082071 0.352273 0.136364
16 0.902699 0.926136 0.078125 0.097222