25 0.110795 0.839015 0.028409 0.049242
11 0.497869 0.859848 0.039773 0.080808
16 0.271662 0.838384 0.068892 0.085859
11 0.350852 0.819444 0.044034 0.090909
1 0.412997 0.859217 0.027699 0.049242
14 0.949929 0.863005 0.024858 0.049242
6 0.774858 0.744949 0.359375 0.138889
6 0.759233 0.910985 0.322443 0.125000
7 0.186435 0.135101 0.053267 0.090909
11 0.200994 0.693813 0.038352 0.077020
16 0.504972 0.951389 0.059659 0.074495
1 0.789773 0.573232 0.038352 0.068182
6 0.410511 0.236111 0.359375 0.138889
11 0.618963 0.471591 0.034801 0.071970
9 0.100852 0.402146 0.028409 0.056818
3 0.455256 0.764520 0.058239 0.077020
23 0.859020 0.273990 0.027699 0.047980
2 0.260653 0.489268 0.065341 0.089646
13 0.589489 0.381313 0.031250 0.050505
4 0.142401 0.550505 0.034801 0.055556
8 0.378906 0.683081 0.034801 0.068182
15 0.380682 0.589646 0.034091 0.060606
20 0.122514 0.708333 0.030540 0.060606
27 0.154830 0.408460 0.068182 0.082071
3 0.961648 0.335859 0.071023 0.093434