5 0.848366 0.543561 0.037642 0.069444
14 0.196023 0.749369 0.028409 0.056818
3 0.355824 0.520833 0.078125 0.102273
12 0.765270 0.486111 0.036222 0.065657
14 0.820668 0.835227 0.026278 0.051768
28 0.232244 0.558081 0.062500 0.073232
7 0.838068 0.916667 0.056818 0.098485
26 0.771662 0.265783 0.037642 0.066919
24 0.323153 0.925505 0.032670 0.058081
28 0.949574 0.784091 0.071023 0.083333
15 0.749645 0.695076 0.030540 0.054293
1 0.168679 0.841540 0.036222 0.064394
12 0.612216 0.897096 0.029830 0.054293
0 0.563565 0.534722 0.029119 0.049242
10 0.127486 0.870581 0.037642 0.071970
12 0.118253 0.098485 0.030540 0.055556
6 0.491122 0.183081 0.377131 0.146465
26 0.710938 0.065657 0.036932 0.065657
26 0.951705 0.867424 0.035511 0.063131
7 0.371094 0.360480 0.049006 0.084596
7 0.076349 0.410354 0.041903 0.073232
16 0.754261 0.173611 0.068182 0.084596
25 0.403764 0.797980 0.031960 0.055556
26 0.603693 0.619949 0.028409 0.050505
3 0.302557 0.418561 0.058239 0.077020