26 0.083097 0.352904 0.035511 0.061869
11 0.977628 0.041035 0.031960 0.061869
18 0.538352 0.611111 0.038352 0.058081
14 0.608310 0.635101 0.029119 0.047980
27 0.916548 0.630682 0.033381 0.059343
13 0.389205 0.563763 0.032670 0.059343
22 0.632812 0.945707 0.032670 0.058081
21 0.273793 0.202020 0.034801 0.068182
25 0.073864 0.914141 0.032670 0.058081
1 0.329901 0.076389 0.034801 0.061869
5 0.709162 0.101010 0.026278 0.050505
16 0.761364 0.419192 0.032670 0.058081
20 0.885298 0.162247 0.033381 0.059343
2 0.315341 0.295455 0.062500 0.085859
17 0.167969 0.946970 0.068892 0.085859
19 0.254261 0.946338 0.035511 0.061869
15 0.172585 0.304293 0.024148 0.047980