20 0.477983 0.340909 0.032670 0.058081
25 0.443537 0.058712 0.033381 0.059343
14 0.955966 0.448232 0.032670 0.058081
16 0.441051 0.941919 0.038352 0.058081
4 0.629261 0.621843 0.035511 0.056818
22 0.936080 0.895202 0.034091 0.058081
0 0.335938 0.688131 0.032670 0.055556
8 0.249290 0.803030 0.032670 0.065657
11 0.404830 0.102904 0.032670 0.059343
10 0.560724 0.953914 0.039062 0.079545
12 0.722656 0.444444 0.029119 0.047980
6 0.117898 0.171717 0.049716 0.085859
24 0.800426 0.308712 0.035511 0.061869
9 0.839134 0.922348 0.031960 0.061869
23 0.016335 0.886364 0.032670 0.058081
2 0.286222 0.925505 0.062500 0.085859
27 0.345170 0.102273 0.068182 0.080808
7 0.233310 0.929924 0.031960 0.061869
5 0.949219 0.033460 0.033381 0.061869
13 0.557528 0.055556 0.024148 0.047980
21 0.919389 0.554293 0.070312 0.085859
26 0.206676 0.534722 0.068182 0.082071
15 0.396662 0.486111 0.068892 0.085859
3 0.807884 0.778409 0.066051 0.087121
17 0.460227 0.470328 0.035511 0.061869
18 0.650213 0.942551 0.033381 0.059343
19 0.794389 0.136364 0.034801 0.068182
1 0.697798 0.095328 0.034801 0.061869