3 0.676491 0.460227 0.066051 0.087121
13 0.145597 0.474747 0.024148 0.047980
18 0.704190 0.034722 0.033381 0.059343
26 0.409091 0.182449 0.068182 0.082071
14 0.975852 0.316919 0.032670 0.058081
19 0.040838 0.709596 0.034801 0.068182
4 0.611506 0.224116 0.035511 0.056818
15 0.375355 0.625000 0.068892 0.085859
1 0.605469 0.565025 0.034801 0.061869
7 0.113281 0.342803 0.031960 0.061869
20 0.277699 0.746212 0.032670 0.058081
0 0.938210 0.270202 0.032670 0.055556
11 0.259943 0.394571 0.032670 0.059343
16 0.730824 0.135101 0.038352 0.058081
8 0.144886 0.271465 0.032670 0.065657
12 0.453480 0.023990 0.029119 0.047980
27 0.708097 0.833333 0.068182 0.080808
10 0.447798 0.726641 0.039062 0.079545
17 0.625710 0.361742 0.035511 0.061869
2 0.337358 0.387626 0.062500 0.085859
21 0.268111 0.098485 0.070312 0.085859
25 0.493253 0.321338 0.033381 0.059343
5 0.241122 0.789773 0.033381 0.061869