19 0.836293 0.909091 0.034801 0.068182
22 0.884943 0.170455 0.034091 0.058081
24 0.653409 0.889520 0.035511 0.061869
18 0.130327 0.807449 0.033381 0.059343
7 0.908026 0.671086 0.031960 0.061869
11 0.769886 0.602904 0.032670 0.059343
21 0.426491 0.564394 0.070312 0.085859
6 0.187500 0.733586 0.049716 0.085859
16 0.426136 0.825758 0.038352 0.058081
17 0.533381 0.719066 0.035511 0.061869
15 0.054332 0.463384 0.068892 0.085859
27 0.735795 0.284091 0.068182 0.080808
1 0.518821 0.087753 0.034801 0.061869
0 0.600852 0.669192 0.032670 0.055556
3 0.069957 0.698864 0.066051 0.087121