11 0.537287 0.124369 0.031960 0.061869
0 0.046165 0.145202 0.032670 0.055556
1 0.203480 0.118056 0.034801 0.061869
25 0.405540 0.560606 0.032670 0.058081
5 0.393821 0.448232 0.026278 0.050505
18 0.916193 0.334596 0.038352 0.058081
29 0.471591 0.462121 0.068182 0.080808
15 0.178267 0.565657 0.024148 0.047980
27 0.261719 0.129419 0.033381 0.059343
13 0.903409 0.902146 0.032670 0.059343
28 0.546165 0.565025 0.068182 0.082071
23 0.819247 0.323232 0.070312 0.085859
9 0.934304 0.470328 0.031960 0.061869
7 0.016690 0.491793 0.033381 0.061869
21 0.699219 0.433081 0.034801 0.068182
4 0.676136 0.332702 0.035511 0.056818
10 0.162642 0.829545 0.032670 0.065657
8 0.193892 0.353535 0.049716 0.085859
26 0.937500 0.090278 0.035511 0.061869
6 0.232599 0.802399 0.081676 0.137626
17 0.531605 0.869949 0.068892 0.085859
12 0.599077 0.352904 0.039062 0.079545
24 0.767045 0.851010 0.034091 0.058081
3 0.116832 0.596591 0.066051 0.087121
22 0.691051 0.159091 0.032670 0.058081
19 0.863636 0.577652 0.035511 0.061869
20 0.533026 0.056187 0.033381 0.059343
16 0.726562 0.284091 0.032670 0.058081
2 0.324574 0.787879 0.062500 0.085859
14 0.344815 0.123737 0.029119 0.047980