4 0.580611 0.121212 0.033381 0.053030
0 0.021662 0.511995 0.031960 0.054293
2 0.317827 0.300505 0.064631 0.088384
27 0.418679 0.935606 0.054688 0.065657
5 0.486506 0.354798 0.036932 0.068182
24 0.964489 0.207071 0.029830 0.053030
1 0.236506 0.462121 0.034091 0.060606
3 0.217330 0.289773 0.061080 0.079545
0 0.679332 0.503157 0.029119 0.049242
27 0.751776 0.588384 0.057528 0.068182
25 0.035156 0.929293 0.040483 0.070707
11 0.414062 0.496843 0.045455 0.092172
6 0.381392 0.748737 0.390625 0.151515
15 0.365767 0.953283 0.026989 0.047980
11 0.089134 0.059975 0.046165 0.094697
12 0.159446 0.833333 0.029119 0.053030
23 0.777344 0.691288 0.036222 0.061869
25 0.838778 0.347854 0.038352 0.066919
8 0.543679 0.424874 0.034801 0.066919
23 0.429332 0.132576 0.037642 0.063131
9 0.557884 0.601641 0.034801 0.069444
21 0.254972 0.107323 0.034091 0.060606
10 0.137074 0.299242 0.031250 0.060606
12 0.927202 0.598485 0.031960 0.058081
16 0.717685 0.327652 0.080256 0.099747
6 0.767756 0.909091 0.403409 0.156566
9 0.822443 0.693813 0.025568 0.051768
20 0.643466 0.770202 0.032670 0.063131
15 0.100142 0.373737 0.029830 0.053030
18 0.150923 0.922980 0.034801 0.060606