23 0.907670 0.847222 0.032670 0.058081
7 0.305753 0.269571 0.031960 0.061869
5 0.313565 0.929924 0.033381 0.061869
17 0.913352 0.642045 0.035511 0.061869
27 0.531250 0.830808 0.068182 0.080808
25 0.774503 0.638258 0.033381 0.059343
24 0.742898 0.244318 0.035511 0.061869
20 0.820312 0.116162 0.032670 0.058081
16 0.904830 0.546717 0.038352 0.058081
12 0.192116 0.723485 0.029119 0.047980
18 0.610440 0.690025 0.033381 0.059343
0 0.693892 0.084596 0.032670 0.055556
8 0.103693 0.315657 0.032670 0.065657
26 0.550426 0.424874 0.068182 0.082071
13 0.398438 0.594697 0.024148 0.047980
2 0.397727 0.391414 0.062500 0.085859
19 0.452770 0.896465 0.034801 0.068182