1 0.846236 0.479167 0.034801 0.061869
10 0.404119 0.446970 0.032670 0.065657
16 0.573864 0.202020 0.032670 0.058081
20 0.731889 0.751894 0.033381 0.059343
28 0.246449 0.585227 0.068182 0.082071
22 0.882812 0.904040 0.032670 0.058081
27 0.516690 0.922348 0.033381 0.059343
23 0.667259 0.342172 0.070312 0.085859
14 0.936435 0.580808 0.029119 0.047980
18 0.215199 0.257576 0.038352 0.058081
7 0.138849 0.744318 0.033381 0.061869
4 0.415483 0.667298 0.035511 0.056818
8 0.826705 0.186869 0.049716 0.085859
15 0.936790 0.172980 0.024148 0.047980
21 0.177912 0.068182 0.034801 0.068182
6 0.516690 0.782197 0.081676 0.137626
19 0.071023 0.443813 0.035511 0.061869
0 0.487926 0.554293 0.032670 0.055556
9 0.106179 0.825126 0.031960 0.061869
29 0.779119 0.070707 0.068182 0.080808
3 0.483310 0.135732 0.066051 0.087121
13 0.458807 0.688763 0.032670 0.059343
12 0.932173 0.868056 0.039062 0.079545
2 0.874290 0.325758 0.062500 0.085859
17 0.183594 0.388889 0.068892 0.085859
25 0.642756 0.262626 0.032670 0.058081
26 0.333807 0.767045 0.035511 0.061869
11 0.679332 0.774621 0.031960 0.061869
5 0.915838 0.066919 0.026278 0.050505