26 0.607955 0.423611 0.035511 0.061869
15 0.058239 0.523990 0.024148 0.047980
4 0.219460 0.535985 0.035511 0.056818
1 0.118963 0.768308 0.034801 0.061869
5 0.498935 0.476010 0.026278 0.050505
7 0.093395 0.076389 0.033381 0.061869
10 0.510653 0.122475 0.032670 0.065657
14 0.849077 0.251263 0.029119 0.047980
29 0.581676 0.636364 0.068182 0.080808
17 0.116122 0.265152 0.068892 0.085859
19 0.121449 0.604167 0.035511 0.061869
21 0.508878 0.324495 0.034801 0.068182
20 0.042969 0.221591 0.033381 0.059343
9 0.554332 0.839015 0.031960 0.061869
23 0.716974 0.758838 0.070312 0.085859
3 0.331321 0.311237 0.066051 0.087121
27 0.127486 0.389520 0.033381 0.059343
22 0.696733 0.547980 0.032670 0.058081
28 0.656960 0.304924 0.068182 0.082071