21 0.468040 0.516414 0.029830 0.053030
5 0.239347 0.576389 0.029830 0.054293
20 0.909446 0.964646 0.031960 0.063131
16 0.614347 0.864899 0.056818 0.070707
25 0.439631 0.272096 0.035511 0.061869
6 0.471236 0.635101 0.404119 0.156566
18 0.549006 0.370581 0.036932 0.064394
8 0.095170 0.742424 0.029830 0.058081
19 0.640270 0.048611 0.036222 0.064394
27 0.754261 0.105429 0.063920 0.077020
15 0.541903 0.930556 0.038352 0.068182
18 0.903764 0.444444 0.037642 0.065657
3 0.096236 0.539141 0.067472 0.088384
10 0.110440 0.857323 0.037642 0.073232
8 0.198864 0.228535 0.031250 0.060606
15 0.226562 0.931818 0.034091 0.060606
17 0.036932 0.773359 0.044034 0.066919