8 0.843750 0.040404 0.032670 0.065657
25 0.567116 0.335227 0.033381 0.059343
12 0.236151 0.851010 0.029119 0.047980
7 0.226207 0.326389 0.031960 0.061869
0 0.699574 0.046717 0.032670 0.055556
15 0.462003 0.935606 0.068892 0.085859
27 0.678977 0.752525 0.068182 0.080808
19 0.230469 0.444444 0.034801 0.068182
22 0.190341 0.603535 0.034091 0.058081
16 0.665483 0.219697 0.038352 0.058081
21 0.180043 0.839646 0.070312 0.085859
5 0.094105 0.866793 0.033381 0.061869
6 0.145597 0.704545 0.049716 0.085859
23 0.475852 0.405303 0.032670 0.058081
18 0.078480 0.485480 0.033381 0.059343
14 0.321733 0.191919 0.032670 0.058081
13 0.390625 0.130051 0.024148 0.047980
3 0.371094 0.890783 0.066051 0.087121
11 0.450284 0.118056 0.032670 0.059343
20 0.622869 0.246212 0.032670 0.058081
1 0.534446 0.539773 0.034801 0.061869
17 0.752131 0.828914 0.035511 0.061869