7 0.071378 0.190657 0.044744 0.078283
17 0.400568 0.287247 0.045455 0.069444
9 0.256037 0.886364 0.026278 0.053030
17 0.600142 0.027146 0.034091 0.051768
3 0.322088 0.381944 0.070312 0.092172
12 0.573153 0.836490 0.032670 0.059343
19 0.622869 0.555556 0.026989 0.047980
24 0.551491 0.203914 0.030540 0.054293
7 0.394176 0.106061 0.051136 0.088384
8 0.685724 0.066919 0.037642 0.073232
19 0.203480 0.081439 0.033381 0.059343
27 0.807884 0.138258 0.064631 0.077020
0 0.631392 0.263889 0.035511 0.060606
17 0.914773 0.063763 0.039773 0.059343
13 0.442827 0.863636 0.023438 0.037879
24 0.772372 0.857955 0.030540 0.054293
24 0.586293 0.769571 0.026278 0.046717
9 0.610085 0.489899 0.029830 0.060606
13 0.569602 0.294823 0.034091 0.056818
16 0.475852 0.246843 0.065341 0.082071
3 0.222656 0.434975 0.071733 0.094697
9 0.219460 0.860480 0.029830 0.059343
9 0.753906 0.260101 0.034801 0.070707
26 0.389560 0.203914 0.030540 0.054293
26 0.105469 0.082702 0.034801 0.061869
5 0.824219 0.701389 0.029119 0.054293
9 0.091619 0.323864 0.028409 0.056818
8 0.724787 0.377525 0.026278 0.050505