24 0.541193 0.712121 0.034091 0.060606
23 0.961293 0.870581 0.036222 0.061869
16 0.617898 0.141414 0.071023 0.088384
18 0.417259 0.871212 0.040483 0.070707
20 0.808239 0.743687 0.039773 0.078283
8 0.318892 0.104798 0.031250 0.060606
21 0.255327 0.115530 0.026278 0.046717
3 0.203835 0.438131 0.075284 0.098485
12 0.052557 0.043561 0.029830 0.054293
9 0.413707 0.246212 0.037642 0.075758
20 0.754972 0.071338 0.031250 0.061869
8 0.210582 0.625000 0.031960 0.063131
14 0.595170 0.410985 0.021307 0.041667
14 0.517756 0.821338 0.019886 0.039141
17 0.191051 0.691288 0.042614 0.064394
15 0.513849 0.962753 0.029119 0.051768
5 0.807884 0.934343 0.033381 0.063131
14 0.418324 0.309975 0.019886 0.039141
4 0.325639 0.904672 0.033381 0.054293
28 0.594105 0.685606 0.057528 0.068182
14 0.430043 0.484217 0.024858 0.049242
1 0.360085 0.055556 0.032670 0.058081
24 0.960582 0.152146 0.030540 0.054293
24 0.725497 0.751894 0.027699 0.049242
28 0.251065 0.918561 0.063210 0.074495
3 0.505327 0.219697 0.068892 0.090909
23 0.523793 0.896465 0.030540 0.053030
25 0.281960 0.501894 0.036932 0.064394
19 0.708807 0.031566 0.032670 0.058081
0 0.464844 0.140783 0.031960 0.054293