5 0.077060 0.320707 0.026278 0.050505
20 0.476918 0.131944 0.033381 0.059343
8 0.665483 0.479798 0.049716 0.085859
16 0.236506 0.247475 0.032670 0.058081
18 0.201705 0.895202 0.038352 0.058081
12 0.899503 0.552399 0.039062 0.079545
27 0.275213 0.875631 0.033381 0.059343
10 0.104403 0.093434 0.032670 0.065657
23 0.403054 0.607323 0.070312 0.085859
25 0.200284 0.479798 0.032670 0.058081
24 0.208097 0.584596 0.034091 0.058081
4 0.017756 0.720328 0.035511 0.056818
7 0.595526 0.274621 0.033381 0.061869
9 0.361151 0.398359 0.031960 0.061869
15 0.923295 0.226010 0.024148 0.047980
29 0.448864 0.522727 0.068182 0.080808
2 0.455966 0.856061 0.062500 0.085859
6 0.325639 0.743056 0.081676 0.137626
28 0.660511 0.775884 0.068182 0.082071
1 0.899503 0.866793 0.034801 0.061869
17 0.057884 0.864899 0.068892 0.085859
26 0.670455 0.302399 0.035511 0.061869
3 0.594105 0.090278 0.066051 0.087121