12 0.519886 0.086490 0.031250 0.056818
23 0.610440 0.927399 0.039062 0.066919
7 0.916193 0.088384 0.046875 0.080808
14 0.867188 0.087121 0.026989 0.053030
11 0.241832 0.597854 0.040483 0.082071
0 0.712713 0.806187 0.033381 0.056818
13 0.044744 0.838384 0.032670 0.053030
17 0.524148 0.157197 0.031250 0.046717
8 0.627131 0.734848 0.032670 0.063131
3 0.421520 0.690025 0.074574 0.097222
13 0.957386 0.414773 0.032670 0.054293
1 0.908026 0.594066 0.034801 0.061869
4 0.399858 0.270202 0.031250 0.050505
14 0.029830 0.576389 0.019886 0.039141
18 0.183239 0.601641 0.032670 0.056818
25 0.692827 0.321970 0.033381 0.058081
6 0.348722 0.934975 0.296875 0.114899
5 0.848722 0.462121 0.028409 0.053030
10 0.574219 0.438131 0.029119 0.055556
12 0.321023 0.461490 0.035511 0.064394
15 0.567827 0.039773 0.036222 0.064394
24 0.578835 0.334596 0.032670 0.058081
18 0.112216 0.335227 0.032670 0.056818
21 0.911577 0.730429 0.029119 0.051768
3 0.275568 0.242424 0.072443 0.095960
26 0.910511 0.917929 0.031250 0.055556
9 0.972301 0.799242 0.032670 0.065657
25 0.871804 0.382576 0.033381 0.058081
8 0.683949 0.412879 0.032670 0.063131
20 0.110440 0.181818 0.034801 0.068182