4 0.662642 0.344066 0.035511 0.056818
23 0.856889 0.637626 0.070312 0.085859
25 0.945312 0.698232 0.032670 0.058081
29 0.410511 0.352273 0.068182 0.080808
1 0.570668 0.328914 0.034801 0.061869
6 0.101207 0.222854 0.081676 0.137626
5 0.326349 0.092172 0.026278 0.050505
19 0.274148 0.370581 0.035511 0.061869
0 0.115057 0.628788 0.032670 0.055556
27 0.879616 0.763258 0.033381 0.059343
7 0.934304 0.457702 0.033381 0.061869
18 0.031250 0.313131 0.038352 0.058081
21 0.974077 0.546717 0.034801 0.068182
22 0.490767 0.165404 0.032670 0.058081
3 0.286577 0.469066 0.066051 0.087121
13 0.389915 0.706439 0.032670 0.059343
10 0.312500 0.843434 0.032670 0.065657
2 0.189631 0.857323 0.062500 0.085859
15 0.286222 0.229798 0.024148 0.047980
20 0.120384 0.426136 0.033381 0.059343
12 0.236151 0.730429 0.039062 0.079545