23 0.887784 0.137626 0.032670 0.058081
20 0.165483 0.551768 0.032670 0.058081
10 0.447798 0.698864 0.039062 0.079545
26 0.826705 0.216540 0.068182 0.082071
14 0.761364 0.136364 0.032670 0.058081
12 0.334162 0.119949 0.029119 0.047980
2 0.319602 0.263889 0.062500 0.085859
24 0.224432 0.041035 0.035511 0.061869
25 0.253906 0.953914 0.033381 0.059343
27 0.242898 0.229798 0.068182 0.080808
17 0.945312 0.765783 0.035511 0.061869
13 0.592330 0.681818 0.024148 0.047980
11 0.647727 0.309975 0.032670 0.059343
3 0.439986 0.417298 0.066051 0.087121
6 0.928267 0.227273 0.049716 0.085859