2 0.666193 0.306818 0.066761 0.090909
12 0.617898 0.052399 0.035511 0.064394
5 0.411932 0.111111 0.034091 0.063131
22 0.918679 0.224116 0.064631 0.079545
19 0.064986 0.163510 0.037642 0.066919
28 0.729759 0.631313 0.070312 0.083333
14 0.571378 0.630682 0.026278 0.051768
26 0.361151 0.035985 0.029119 0.051768
23 0.658026 0.608586 0.034801 0.058081
5 0.164418 0.115530 0.037642 0.069444
22 0.498580 0.132576 0.068182 0.083333
7 0.490767 0.244949 0.046875 0.080808
1 0.128551 0.487374 0.038352 0.068182
7 0.905540 0.439394 0.052557 0.090909
19 0.522727 0.621212 0.035511 0.063131
0 0.470170 0.525253 0.034091 0.058081
22 0.735440 0.502525 0.074574 0.090909