11 0.534091 0.842803 0.032670 0.059343
9 0.672230 0.647096 0.031960 0.061869
6 0.917614 0.282828 0.049716 0.085859
27 0.789062 0.383838 0.068182 0.080808
8 0.693182 0.440657 0.032670 0.065657
21 0.045099 0.886364 0.070312 0.085859
13 0.203125 0.962121 0.024148 0.047980
20 0.854403 0.306818 0.032670 0.058081
3 0.963423 0.726641 0.066051 0.087121
2 0.914773 0.166667 0.062500 0.085859
4 0.290483 0.883207 0.035511 0.056818
1 0.606179 0.898359 0.034801 0.061869
22 0.434659 0.818182 0.034091 0.058081
25 0.524503 0.929924 0.033381 0.059343
24 0.272727 0.041035 0.035511 0.061869
7 0.100497 0.408460 0.031960 0.061869
15 0.860440 0.398990 0.068892 0.085859
17 0.485085 0.429924 0.035511 0.061869
19 0.539418 0.305556 0.034801 0.068182
0 0.201705 0.890152 0.032670 0.055556