23 0.046520 0.087121 0.070312 0.085859
28 0.361506 0.369318 0.068182 0.082071
17 0.435014 0.068182 0.068892 0.085859
18 0.914773 0.172980 0.038352 0.058081
5 0.511009 0.859848 0.026278 0.050505
26 0.941051 0.447601 0.035511 0.061869
19 0.783381 0.302399 0.035511 0.061869
0 0.973011 0.266414 0.032670 0.055556
14 0.802202 0.934343 0.029119 0.047980
15 0.728693 0.564394 0.024148 0.047980
21 0.492543 0.551768 0.034801 0.068182
6 0.474787 0.330177 0.081676 0.137626
4 0.418324 0.794823 0.035511 0.056818
2 0.367898 0.054293 0.062500 0.085859
20 0.841264 0.373106 0.033381 0.059343
8 0.502131 0.631313 0.049716 0.085859
10 0.145597 0.861111 0.032670 0.065657
13 0.275568 0.232955 0.032670 0.059343
9 0.738991 0.106692 0.031960 0.061869