25 0.480114 0.141414 0.032670 0.058081
21 0.309304 0.731061 0.034801 0.068182
29 0.034091 0.380051 0.068182 0.080808
20 0.439276 0.847854 0.033381 0.059343
7 0.398082 0.658460 0.033381 0.061869
10 0.069602 0.795455 0.032670 0.065657
1 0.581321 0.349116 0.034801 0.061869
26 0.104403 0.105429 0.035511 0.061869
11 0.378906 0.900884 0.031960 0.061869
4 0.863636 0.909722 0.035511 0.056818
28 0.914773 0.164773 0.068182 0.082071
22 0.153409 0.551768 0.032670 0.058081
6 0.841264 0.484217 0.081676 0.137626
13 0.383523 0.073864 0.032670 0.059343
23 0.306463 0.452020 0.070312 0.085859
5 0.182173 0.406566 0.026278 0.050505
27 0.479048 0.248106 0.033381 0.059343
3 0.236151 0.835227 0.066051 0.087121
8 0.678267 0.291667 0.049716 0.085859
18 0.475142 0.483586 0.038352 0.058081
24 0.517045 0.518939 0.034091 0.058081
0 0.034091 0.481061 0.032670 0.055556
19 0.242898 0.634470 0.035511 0.061869