18 0.197798 0.734217 0.037642 0.064394
15 0.072443 0.960859 0.029830 0.053030
25 0.207031 0.212121 0.034801 0.060606
24 0.399148 0.589646 0.028409 0.050505
10 0.646307 0.424874 0.036932 0.071970
19 0.933949 0.917929 0.026989 0.047980
13 0.170099 0.285354 0.030540 0.050505
20 0.912997 0.566919 0.030540 0.060606
16 0.122514 0.921717 0.063210 0.078283
13 0.111151 0.203283 0.023438 0.037879
14 0.437855 0.790404 0.019176 0.037879
20 0.482955 0.460227 0.032670 0.064394
21 0.432884 0.210227 0.029119 0.051768
16 0.031605 0.541035 0.056108 0.069444
28 0.818182 0.354798 0.080966 0.095960
7 0.916548 0.700126 0.049006 0.084596
3 0.496804 0.766414 0.057528 0.075758
7 0.600852 0.820707 0.051136 0.088384
24 0.942116 0.823864 0.031960 0.056818
7 0.700639 0.462753 0.047585 0.082071
19 0.742898 0.948232 0.038352 0.068182
20 0.514205 0.252525 0.028409 0.055556
11 0.724432 0.213384 0.041193 0.083333
4 0.152699 0.612374 0.028409 0.045455
1 0.920810 0.431187 0.031960 0.056818