1 0.244673 0.955177 0.034801 0.061869
18 0.597656 0.414773 0.033381 0.059343
0 0.872869 0.309343 0.032670 0.055556
8 0.082386 0.460859 0.032670 0.065657
2 0.468750 0.109848 0.062500 0.085859
23 0.433949 0.757576 0.032670 0.058081
12 0.625355 0.611111 0.029119 0.047980
16 0.865767 0.436869 0.038352 0.058081
11 0.764205 0.940025 0.032670 0.059343
26 0.894886 0.123106 0.068182 0.082071
4 0.813210 0.206439 0.035511 0.056818
19 0.905185 0.492424 0.034801 0.068182
7 0.953480 0.066288 0.031960 0.061869
22 0.070312 0.861111 0.034091 0.058081
20 0.487926 0.482323 0.032670 0.058081
27 0.157670 0.281566 0.068182 0.080808
10 0.631747 0.535985 0.039062 0.079545
6 0.109375 0.154040 0.049716 0.085859
14 0.257812 0.651515 0.032670 0.058081
13 0.297585 0.108586 0.024148 0.047980
21 0.498935 0.731061 0.070312 0.085859
15 0.715554 0.816919 0.068892 0.085859
24 0.053977 0.131944 0.035511 0.061869
5 0.615412 0.700126 0.033381 0.061869
17 0.928977 0.216540 0.035511 0.061869
9 0.537287 0.174874 0.031960 0.061869
25 0.033736 0.917298 0.033381 0.059343