6 0.645241 0.441288 0.303267 0.117424
4 0.615057 0.052399 0.035511 0.056818
12 0.373935 0.101010 0.031960 0.058081
0 0.881392 0.589015 0.028409 0.049242
20 0.192472 0.480429 0.035511 0.069444
21 0.564631 0.047980 0.028409 0.050505
0 0.701349 0.658460 0.027699 0.046717
16 0.550426 0.686869 0.079545 0.098485
12 0.351562 0.687500 0.036932 0.066919
15 0.290838 0.759470 0.030540 0.054293
10 0.820312 0.034722 0.028409 0.054293
12 0.229403 0.730429 0.038352 0.069444
0 0.129261 0.794192 0.034091 0.058081
0 0.514205 0.071970 0.029830 0.050505
25 0.407315 0.928030 0.036222 0.063131
17 0.056818 0.292298 0.032670 0.049242
8 0.391335 0.693182 0.034091 0.065657
5 0.843395 0.134470 0.034801 0.064394
23 0.881747 0.144571 0.039062 0.066919
9 0.460582 0.369949 0.037642 0.075758
28 0.055398 0.620581 0.078125 0.092172
13 0.489347 0.256944 0.029830 0.049242
19 0.210938 0.204545 0.035511 0.063131