16 0.069602 0.148359 0.082386 0.102273
17 0.549006 0.447601 0.045455 0.069444
4 0.243963 0.824495 0.036222 0.058081
23 0.727983 0.386364 0.028409 0.047980
17 0.906960 0.285985 0.042614 0.064394
10 0.590554 0.865530 0.030540 0.059343
6 0.513849 0.191919 0.352983 0.136364
22 0.250000 0.739899 0.062500 0.075758
22 0.860440 0.647727 0.066051 0.080808
18 0.316051 0.506944 0.028409 0.049242
3 0.682528 0.686869 0.066761 0.088384
27 0.678622 0.364899 0.063210 0.075758
13 0.755682 0.647096 0.034091 0.056818
22 0.721236 0.477904 0.075994 0.092172
10 0.416903 0.540404 0.029830 0.058081
9 0.728693 0.178030 0.035511 0.070707
27 0.149503 0.304293 0.054688 0.065657
9 0.215554 0.436237 0.033381 0.066919
5 0.524503 0.378157 0.036222 0.066919
24 0.144886 0.936869 0.038352 0.068182