15 0.063920 0.926768 0.024148 0.047980
5 0.436435 0.069444 0.026278 0.050505
21 0.172230 0.109848 0.034801 0.068182
0 0.023438 0.367424 0.032670 0.055556
8 0.693892 0.114899 0.049716 0.085859
4 0.577415 0.504419 0.035511 0.056818
13 0.114347 0.744318 0.032670 0.059343
29 0.039062 0.652778 0.068182 0.080808
22 0.960938 0.556818 0.032670 0.058081
10 0.899148 0.535354 0.032670 0.065657
2 0.559659 0.708333 0.062500 0.085859
27 0.407315 0.770833 0.033381 0.059343
14 0.212003 0.693182 0.029119 0.047980
6 0.829190 0.539773 0.081676 0.137626
18 0.024148 0.558081 0.038352 0.058081
1 0.422230 0.394571 0.034801 0.061869
23 0.131747 0.534091 0.070312 0.085859
26 0.364347 0.607955 0.035511 0.061869
7 0.743253 0.846591 0.033381 0.061869
16 0.776989 0.656566 0.032670 0.058081
24 0.817472 0.664141 0.034091 0.058081
3 0.047230 0.289773 0.066051 0.087121
12 0.558594 0.234217 0.039062 0.079545
25 0.500000 0.671717 0.032670 0.058081
19 0.796165 0.100379 0.035511 0.061869
20 0.922940 0.292298 0.033381 0.059343
28 0.606534 0.115530 0.068182 0.082071
11 0.135298 0.945076 0.031960 0.061869
9 0.235440 0.034722 0.031960 0.061869