15 0.570312 0.710859 0.024148 0.047980
11 0.164418 0.701389 0.031960 0.061869
21 0.409446 0.285354 0.034801 0.068182
25 0.845170 0.224747 0.032670 0.058081
1 0.268111 0.618056 0.034801 0.061869
28 0.434659 0.868056 0.068182 0.082071
23 0.939276 0.914141 0.070312 0.085859
19 0.513494 0.693813 0.035511 0.061869
18 0.950284 0.213384 0.038352 0.058081
9 0.528054 0.254419 0.031960 0.061869
4 0.069602 0.849116 0.035511 0.056818
13 0.615767 0.962753 0.032670 0.059343
8 0.757102 0.580808 0.049716 0.085859
22 0.181818 0.036616 0.032670 0.058081
20 0.458452 0.092803 0.033381 0.059343
16 0.825284 0.285354 0.032670 0.058081
17 0.849787 0.797980 0.068892 0.085859
6 0.298651 0.480429 0.081676 0.137626
2 0.240057 0.366162 0.062500 0.085859
24 0.608665 0.720960 0.034091 0.058081
14 0.033026 0.179293 0.029119 0.047980
27 0.284446 0.926136 0.033381 0.059343