26 0.614347 0.403409 0.068182 0.082071
4 0.901989 0.910985 0.035511 0.056818
2 0.335227 0.234848 0.062500 0.085859
10 0.739702 0.755682 0.039062 0.079545
27 0.046165 0.513889 0.068182 0.080808
0 0.957386 0.468434 0.032670 0.055556
24 0.579545 0.303662 0.035511 0.061869
3 0.572798 0.719066 0.066051 0.087121
5 0.726207 0.840278 0.033381 0.061869
12 0.890270 0.215909 0.029119 0.047980
11 0.916903 0.482955 0.032670 0.059343
17 0.643466 0.163510 0.035511 0.061869
23 0.429688 0.410354 0.032670 0.058081
19 0.142401 0.656566 0.034801 0.068182
13 0.255682 0.741162 0.024148 0.047980
6 0.056108 0.152778 0.049716 0.085859
22 0.325284 0.938131 0.034091 0.058081
15 0.437145 0.854798 0.068892 0.085859
18 0.400923 0.350379 0.033381 0.059343
8 0.671875 0.334596 0.032670 0.065657
21 0.567116 0.191919 0.070312 0.085859
20 0.270597 0.404040 0.032670 0.058081
1 0.795099 0.754419 0.034801 0.061869
16 0.164062 0.133838 0.038352 0.058081
9 0.535866 0.506944 0.031960 0.061869
14 0.468750 0.327020 0.032670 0.058081
25 0.719815 0.307449 0.033381 0.059343