5 0.116122 0.954545 0.026278 0.050505
6 0.712003 0.413510 0.081676 0.137626
10 0.122869 0.287879 0.032670 0.065657
3 0.452060 0.289773 0.066051 0.087121
9 0.599787 0.797348 0.031960 0.061869
12 0.498935 0.916035 0.039062 0.079545
0 0.358665 0.768939 0.032670 0.055556
11 0.584162 0.208965 0.031960 0.061869
19 0.489347 0.571338 0.035511 0.061869
22 0.229403 0.299242 0.032670 0.058081
14 0.169389 0.743687 0.029119 0.047980
16 0.668324 0.253788 0.032670 0.058081
17 0.182173 0.498737 0.068892 0.085859
18 0.393466 0.233586 0.038352 0.058081
20 0.785156 0.355429 0.033381 0.059343
28 0.849432 0.537247 0.068182 0.082071
7 0.339844 0.154672 0.033381 0.061869
13 0.196023 0.270833 0.032670 0.059343
27 0.672230 0.664773 0.033381 0.059343
4 0.850852 0.047348 0.035511 0.056818
24 0.455256 0.106061 0.034091 0.058081
8 0.075994 0.617424 0.049716 0.085859
2 0.067472 0.760101 0.062500 0.085859
26 0.049716 0.169823 0.035511 0.061869