0 0.617188 0.958333 0.032670 0.055556
21 0.155895 0.193182 0.070312 0.085859
10 0.614702 0.216540 0.039062 0.079545
4 0.034801 0.479167 0.035511 0.056818
20 0.879972 0.467172 0.032670 0.058081
18 0.443537 0.794823 0.033381 0.059343
22 0.341619 0.520202 0.034091 0.058081
16 0.523438 0.739899 0.038352 0.058081
3 0.937855 0.393308 0.066051 0.087121
12 0.841974 0.277778 0.029119 0.047980
6 0.827415 0.675505 0.049716 0.085859
8 0.888494 0.047980 0.032670 0.065657
5 0.829901 0.570076 0.033381 0.061869
11 0.414773 0.210227 0.032670 0.059343
2 0.844460 0.844697 0.062500 0.085859
14 0.226562 0.212121 0.032670 0.058081