16 0.872159 0.219697 0.038352 0.058081
15 0.439986 0.237374 0.068892 0.085859
19 0.939986 0.787879 0.034801 0.068182
27 0.525568 0.775253 0.068182 0.080808
2 0.672585 0.130051 0.062500 0.085859
17 0.715909 0.248106 0.035511 0.061869
13 0.181818 0.791667 0.024148 0.047980
6 0.442472 0.387626 0.049716 0.085859
1 0.283026 0.688763 0.034801 0.061869
26 0.867188 0.453914 0.068182 0.082071
25 0.683594 0.702652 0.033381 0.059343
21 0.519531 0.864899 0.070312 0.085859
0 0.365057 0.070707 0.032670 0.055556
24 0.611506 0.846591 0.035511 0.061869
10 0.633878 0.756944 0.039062 0.079545
11 0.249290 0.583965 0.032670 0.059343
3 0.950639 0.602904 0.066051 0.087121