24 0.296165 0.318813 0.035511 0.061869
26 0.467330 0.360480 0.068182 0.082071
27 0.114347 0.368687 0.068182 0.080808
0 0.979403 0.875000 0.032670 0.055556
5 0.819247 0.205177 0.033381 0.061869
7 0.237571 0.427399 0.031960 0.061869
14 0.139915 0.731061 0.032670 0.058081
13 0.526989 0.469697 0.024148 0.047980
17 0.352273 0.823864 0.035511 0.061869
11 0.818182 0.801136 0.032670 0.059343
6 0.385653 0.468434 0.049716 0.085859
21 0.736861 0.670455 0.070312 0.085859
8 0.174006 0.645202 0.032670 0.065657
15 0.376776 0.670455 0.068892 0.085859
16 0.798295 0.282828 0.038352 0.058081
18 0.502486 0.937500 0.033381 0.059343
23 0.973011 0.806818 0.032670 0.058081
3 0.525923 0.696338 0.066051 0.087121
10 0.564276 0.368056 0.039062 0.079545
20 0.105114 0.556818 0.032670 0.058081
4 0.473722 0.582702 0.035511 0.056818
19 0.790128 0.454545 0.034801 0.068182
1 0.922230 0.931187 0.034801 0.061869
9 0.038707 0.304924 0.031960 0.061869
22 0.549006 0.156566 0.034091 0.058081
25 0.610440 0.544823 0.033381 0.059343