28 0.088778 0.714646 0.055398 0.065657
16 0.898793 0.936237 0.057528 0.071970
9 0.513849 0.147727 0.029119 0.058081
4 0.017401 0.760732 0.031960 0.051768
2 0.501776 0.068813 0.056108 0.077020
13 0.285866 0.584596 0.031960 0.053030
23 0.376065 0.182449 0.037642 0.064394
17 0.119673 0.545455 0.044744 0.068182
27 0.265980 0.513889 0.064631 0.078283
15 0.865767 0.861111 0.026989 0.047980
14 0.256747 0.755051 0.027699 0.055556
25 0.029474 0.090909 0.034801 0.060606
17 0.158381 0.214015 0.041193 0.061869
26 0.333807 0.563131 0.032670 0.058081
1 0.206321 0.476641 0.040483 0.071970
22 0.215554 0.113005 0.058949 0.071970
20 0.415483 0.550505 0.039773 0.078283
25 0.437855 0.171717 0.029119 0.050505
7 0.757102 0.053030 0.044034 0.075758
9 0.834872 0.720328 0.036222 0.071970
8 0.587358 0.171717 0.035511 0.068182
17 0.458807 0.277778 0.041193 0.063131
23 0.221591 0.323232 0.034091 0.058081
22 0.405185 0.681187 0.057528 0.069444