27 0.463778 0.244949 0.068182 0.080808
22 0.577415 0.835859 0.034091 0.058081
17 0.929688 0.705177 0.035511 0.061869
19 0.797230 0.372475 0.034801 0.068182
23 0.912642 0.396465 0.032670 0.058081
12 0.811435 0.845960 0.029119 0.047980
14 0.193182 0.452020 0.032670 0.058081
7 0.225497 0.519571 0.031960 0.061869
9 0.623224 0.345328 0.031960 0.061869
24 0.084517 0.234217 0.035511 0.061869
13 0.866477 0.746212 0.024148 0.047980
5 0.393111 0.138258 0.033381 0.061869
3 0.876776 0.505682 0.066051 0.087121
8 0.178267 0.744949 0.032670 0.065657
11 0.355114 0.154672 0.032670 0.059343
21 0.738991 0.651515 0.070312 0.085859
16 0.401278 0.262626 0.038352 0.058081
20 0.033381 0.895202 0.032670 0.058081
4 0.080256 0.750631 0.035511 0.056818
18 0.890270 0.200126 0.033381 0.059343
2 0.561790 0.094697 0.062500 0.085859