5 0.669389 0.868056 0.033381 0.061869
19 0.680753 0.366162 0.034801 0.068182
13 0.904119 0.291667 0.024148 0.047980
10 0.618963 0.611742 0.039062 0.079545
0 0.785511 0.779040 0.032670 0.055556
7 0.540838 0.307449 0.031960 0.061869
12 0.867543 0.835859 0.029119 0.047980
21 0.360440 0.845960 0.070312 0.085859
4 0.400568 0.697601 0.035511 0.056818
16 0.451705 0.246212 0.038352 0.058081
24 0.555398 0.198864 0.035511 0.061869
25 0.506037 0.357955 0.033381 0.059343
1 0.129616 0.212753 0.034801 0.061869
17 0.669744 0.624369 0.035511 0.061869
18 0.462003 0.125631 0.033381 0.059343
2 0.834517 0.468434 0.062500 0.085859
27 0.080256 0.551768 0.068182 0.080808