21 0.041903 0.689394 0.028409 0.050505
13 0.594815 0.279040 0.023438 0.037879
25 0.677912 0.861111 0.040483 0.070707
9 0.704190 0.192551 0.033381 0.066919
13 0.394886 0.308712 0.034091 0.056818
3 0.366832 0.412879 0.073153 0.095960
16 0.319957 0.770202 0.067472 0.083333
18 0.504261 0.150884 0.041193 0.071970
4 0.216974 0.775884 0.037642 0.059343
6 0.398082 0.648990 0.389915 0.151515
27 0.660511 0.667929 0.073864 0.088384
23 0.283736 0.879419 0.036222 0.061869
13 0.160866 0.088384 0.030540 0.050505
6 0.799361 0.461490 0.281960 0.109848
6 0.761719 0.066919 0.300426 0.116162
5 0.379261 0.117424 0.035511 0.065657
7 0.797230 0.711490 0.050426 0.087121
4 0.343040 0.515152 0.028409 0.045455
8 0.469815 0.789773 0.034801 0.066919
6 0.845881 0.605429 0.295455 0.114899