25 0.866477 0.179924 0.041193 0.071970
2 0.160511 0.754419 0.053977 0.074495
4 0.848366 0.076389 0.029119 0.046717
4 0.090554 0.630682 0.036222 0.056818
12 0.336293 0.375631 0.034801 0.064394
1 0.192472 0.232323 0.032670 0.058081
22 0.789773 0.546086 0.073864 0.089646
6 0.587358 0.560606 0.274148 0.106061
20 0.140980 0.931818 0.034801 0.068182
18 0.493608 0.067551 0.041193 0.071970
23 0.029474 0.225379 0.030540 0.051768
22 0.182528 0.448864 0.079545 0.097222
14 0.049006 0.111742 0.026989 0.054293
21 0.670455 0.354798 0.028409 0.050505
23 0.526989 0.279040 0.028409 0.047980
19 0.119318 0.208333 0.028409 0.050505
12 0.678977 0.283460 0.029830 0.054293
28 0.563920 0.378788 0.075284 0.088384
11 0.563565 0.209596 0.033381 0.068182
4 0.326349 0.476010 0.034801 0.055556
22 0.220526 0.640152 0.064631 0.078283
15 0.847656 0.264520 0.034801 0.061869
5 0.409446 0.715278 0.033381 0.061869
2 0.473011 0.775884 0.069602 0.094697