19 0.725497 0.479167 0.039062 0.069444
20 0.065341 0.940025 0.034091 0.066919
1 0.193892 0.309343 0.039773 0.070707
6 0.743253 0.194444 0.384233 0.148990
7 0.242898 0.198232 0.048295 0.083333
1 0.169744 0.664141 0.041193 0.073232
28 0.442472 0.268308 0.062500 0.074495
1 0.475852 0.646465 0.039773 0.070707
27 0.155895 0.151515 0.077415 0.093434
1 0.825284 0.829545 0.029830 0.053030
27 0.942472 0.820707 0.061080 0.073232
2 0.236506 0.094066 0.059659 0.082071
22 0.822798 0.485480 0.068892 0.084596
16 0.051136 0.361111 0.073864 0.090909
8 0.959872 0.379419 0.030540 0.059343
10 0.622869 0.488005 0.036932 0.071970