2 0.939631 0.672980 0.062500 0.085859
12 0.320668 0.263889 0.029119 0.047980
23 0.828125 0.416667 0.032670 0.058081
14 0.470881 0.483586 0.032670 0.058081
0 0.311790 0.414141 0.032670 0.055556
10 0.471236 0.208965 0.039062 0.079545
19 0.082741 0.348485 0.034801 0.068182
21 0.594815 0.651515 0.070312 0.085859
26 0.915483 0.183712 0.068182 0.082071
17 0.057528 0.847854 0.035511 0.061869
1 0.837003 0.851641 0.034801 0.061869
7 0.785866 0.864268 0.031960 0.061869
13 0.725142 0.887626 0.024148 0.047980
16 0.865767 0.444444 0.038352 0.058081
24 0.178977 0.163510 0.035511 0.061869
18 0.357599 0.092803 0.033381 0.059343
9 0.969815 0.352904 0.031960 0.061869
20 0.912642 0.474747 0.032670 0.058081
5 0.344105 0.320076 0.033381 0.061869
15 0.803622 0.694444 0.068892 0.085859
25 0.946378 0.035985 0.033381 0.059343
4 0.526278 0.236742 0.035511 0.056818
6 0.437500 0.953283 0.049716 0.085859
22 0.432528 0.558081 0.034091 0.058081
8 0.709517 0.587121 0.032670 0.065657
11 0.178977 0.739268 0.032670 0.059343
3 0.050781 0.230429 0.066051 0.087121
27 0.951705 0.570707 0.068182 0.080808