23 0.887429 0.087121 0.070312 0.085859
9 0.702770 0.654672 0.031960 0.061869
7 0.506037 0.089015 0.033381 0.061869
0 0.618608 0.837121 0.032670 0.055556
27 0.428622 0.289773 0.033381 0.059343
12 0.599787 0.552399 0.039062 0.079545
28 0.671875 0.259470 0.068182 0.082071
22 0.771307 0.655303 0.032670 0.058081
1 0.481179 0.404672 0.034801 0.061869
24 0.426136 0.207071 0.034091 0.058081
19 0.294034 0.875631 0.035511 0.061869
26 0.350142 0.706439 0.035511 0.061869
11 0.871094 0.513258 0.031960 0.061869
8 0.504261 0.588384 0.049716 0.085859
3 0.752486 0.744318 0.066051 0.087121
10 0.115057 0.356061 0.032670 0.065657
20 0.050071 0.495581 0.033381 0.059343
2 0.776989 0.089646 0.062500 0.085859
6 0.496094 0.801136 0.081676 0.137626
17 0.356889 0.906566 0.068892 0.085859
16 0.026989 0.656566 0.032670 0.058081
18 0.235795 0.070707 0.038352 0.058081
25 0.206676 0.160354 0.032670 0.058081