21 0.073509 0.135101 0.070312 0.085859
18 0.642401 0.683712 0.033381 0.059343
1 0.314276 0.696338 0.034801 0.061869
15 0.331321 0.123737 0.068892 0.085859
27 0.403409 0.212121 0.068182 0.080808
14 0.461648 0.224747 0.032670 0.058081
23 0.409091 0.910354 0.032670 0.058081
9 0.582031 0.102904 0.031960 0.061869
10 0.724787 0.081439 0.039062 0.079545
0 0.892756 0.828283 0.032670 0.055556
7 0.476918 0.285985 0.031960 0.061869
16 0.482955 0.459596 0.038352 0.058081
22 0.391335 0.061869 0.034091 0.058081
8 0.105114 0.363636 0.032670 0.065657
13 0.656250 0.827020 0.024148 0.047980
17 0.484375 0.857955 0.035511 0.061869
2 0.039773 0.849747 0.062500 0.085859
6 0.739347 0.619949 0.049716 0.085859
4 0.978693 0.330177 0.035511 0.056818