0 0.197443 0.099747 0.038352 0.065657
26 0.780540 0.089646 0.026989 0.047980
7 0.522017 0.543561 0.058239 0.099747
5 0.094460 0.542929 0.036932 0.068182
16 0.160866 0.863636 0.074574 0.093434
26 0.691406 0.816288 0.029119 0.051768
9 0.843750 0.563131 0.028409 0.058081
14 0.970881 0.933081 0.025568 0.050505
1 0.662642 0.633838 0.038352 0.068182
11 0.509588 0.735480 0.037642 0.077020
27 0.231179 0.721591 0.070312 0.084596
24 0.704545 0.467172 0.034091 0.060606
12 0.399503 0.520202 0.037642 0.068182
4 0.839489 0.872475 0.041193 0.065657
21 0.959162 0.119318 0.036222 0.064394
7 0.491477 0.370581 0.056818 0.097222
3 0.919744 0.625631 0.063920 0.084596
0 0.078835 0.172348 0.031250 0.054293
20 0.676491 0.934343 0.039062 0.075758