8 0.797940 0.491162 0.026278 0.050505
17 0.869318 0.107955 0.035511 0.054293
9 0.303977 0.765152 0.029830 0.060606
19 0.894886 0.308081 0.026989 0.047980
14 0.405540 0.634470 0.019886 0.039141
9 0.736506 0.236742 0.038352 0.077020
22 0.150568 0.573864 0.078125 0.094697
22 0.263494 0.495581 0.069602 0.084596
9 0.077060 0.558712 0.026278 0.051768
28 0.265625 0.860480 0.053977 0.064394
13 0.823509 0.253788 0.024858 0.040404
8 0.015980 0.211490 0.031960 0.061869
19 0.372159 0.924242 0.036932 0.065657
1 0.666193 0.535354 0.035511 0.063131
19 0.543679 0.297348 0.037642 0.066919
5 0.323509 0.958965 0.039062 0.071970
28 0.582741 0.473485 0.056108 0.065657
3 0.967330 0.615530 0.052557 0.069444
1 0.439986 0.500631 0.031960 0.056818
19 0.682884 0.958965 0.039062 0.069444