19 0.359020 0.753157 0.031960 0.056818
15 0.273438 0.214646 0.036932 0.065657
19 0.897727 0.077020 0.032670 0.058081
14 0.754261 0.750000 0.025568 0.050505
22 0.068182 0.823864 0.056818 0.069444
1 0.425071 0.390783 0.029119 0.051768
25 0.696023 0.355429 0.041193 0.071970
14 0.133168 0.030303 0.024858 0.050505
8 0.368963 0.932449 0.031960 0.061869
8 0.085582 0.059975 0.031960 0.061869
22 0.378906 0.828914 0.058949 0.071970
0 0.676847 0.765152 0.029830 0.050505
8 0.253906 0.664773 0.029119 0.056818
2 0.239347 0.524621 0.071023 0.097222
11 0.507812 0.375000 0.041193 0.083333
15 0.779474 0.503157 0.034801 0.061869
19 0.453835 0.523990 0.034091 0.060606
20 0.085938 0.683712 0.031250 0.061869
25 0.589134 0.530303 0.041903 0.073232
24 0.503196 0.900884 0.031960 0.056818
9 0.532670 0.688763 0.025568 0.051768
28 0.210227 0.854798 0.058239 0.068182
25 0.840554 0.237374 0.040483 0.070707
9 0.464134 0.152778 0.029119 0.058081
20 0.264560 0.287247 0.037642 0.074495
15 0.616832 0.131944 0.037642 0.066919
20 0.615057 0.644571 0.032670 0.064394
27 0.771662 0.410354 0.071733 0.085859
22 0.942116 0.688763 0.071733 0.087121