14 0.432528 0.215909 0.032670 0.058081
4 0.824574 0.809975 0.035511 0.056818
20 0.798295 0.910354 0.032670 0.058081
5 0.760298 0.633207 0.033381 0.061869
1 0.175071 0.782197 0.034801 0.061869
19 0.879616 0.272727 0.034801 0.068182
6 0.165483 0.459596 0.049716 0.085859
17 0.877841 0.934975 0.035511 0.061869
11 0.924006 0.442551 0.032670 0.059343
26 0.590199 0.469066 0.068182 0.082071
9 0.149503 0.065025 0.031960 0.061869
16 0.159091 0.271465 0.038352 0.058081
23 0.644886 0.415404 0.032670 0.058081
13 0.468040 0.544192 0.024148 0.047980
21 0.525213 0.226010 0.070312 0.085859
18 0.590554 0.226641 0.033381 0.059343
8 0.584517 0.155303 0.032670 0.065657
3 0.493963 0.881944 0.066051 0.087121
15 0.299361 0.563131 0.068892 0.085859
27 0.312500 0.040404 0.068182 0.080808
10 0.272372 0.657197 0.039062 0.079545
24 0.629261 0.590278 0.035511 0.061869
25 0.815696 0.147096 0.033381 0.059343