19 0.092685 0.585227 0.031960 0.056818
11 0.421875 0.782197 0.039773 0.082071
20 0.230824 0.890152 0.032670 0.063131
5 0.107599 0.155934 0.037642 0.069444
12 0.344815 0.458333 0.036222 0.065657
12 0.742543 0.089646 0.037642 0.068182
12 0.756747 0.963384 0.031960 0.058081
4 0.257102 0.792298 0.036932 0.059343
6 0.458807 0.210227 0.393466 0.152778
10 0.205966 0.349747 0.031250 0.060606
11 0.634943 0.689394 0.031250 0.063131
2 0.800071 0.072601 0.067472 0.092172
27 0.745739 0.696338 0.055398 0.066919
17 0.034801 0.893939 0.038352 0.058081
23 0.854759 0.883838 0.027699 0.047980
11 0.734730 0.849747 0.044744 0.090909
17 0.541903 0.080808 0.031250 0.047980
0 0.562145 0.759470 0.037642 0.064394
12 0.941406 0.934343 0.036222 0.065657
24 0.223011 0.744949 0.028409 0.050505