10 0.850142 0.479798 0.032670 0.065657
2 0.436790 0.714646 0.062500 0.085859
3 0.323509 0.289773 0.066051 0.087121
27 0.017401 0.120581 0.033381 0.059343
29 0.823864 0.770202 0.068182 0.080808
0 0.208097 0.111111 0.032670 0.055556
25 0.808949 0.184343 0.032670 0.058081
20 0.947798 0.447601 0.033381 0.059343
26 0.328125 0.485480 0.035511 0.061869
5 0.561435 0.218434 0.026278 0.050505
4 0.645597 0.416035 0.035511 0.056818
11 0.961293 0.063763 0.031960 0.061869
14 0.102628 0.080808 0.029119 0.047980
6 0.046520 0.447601 0.081676 0.137626
18 0.665483 0.607323 0.038352 0.058081
17 0.486861 0.568182 0.068892 0.085859
24 0.267045 0.827020 0.034091 0.058081
15 0.861506 0.415404 0.024148 0.047980
7 0.430753 0.498106 0.033381 0.061869
12 0.307173 0.832702 0.039062 0.079545
28 0.726562 0.614268 0.068182 0.082071
23 0.354759 0.689394 0.070312 0.085859