7 0.461293 0.148359 0.033381 0.061869
11 0.924361 0.479167 0.031960 0.061869
19 0.089489 0.317551 0.035511 0.061869
12 0.644531 0.467803 0.039062 0.079545
13 0.140625 0.042298 0.032670 0.059343
10 0.267756 0.699495 0.032670 0.065657
15 0.451705 0.607323 0.024148 0.047980
16 0.772727 0.458333 0.032670 0.058081
20 0.781605 0.029672 0.033381 0.059343
4 0.294034 0.527146 0.035511 0.056818
2 0.908381 0.751263 0.062500 0.085859
1 0.083452 0.164773 0.034801 0.061869
24 0.072443 0.537879 0.034091 0.058081
21 0.053622 0.814394 0.034801 0.068182
14 0.653764 0.664141 0.029119 0.047980
26 0.396307 0.254419 0.035511 0.061869
6 0.692827 0.809975 0.081676 0.137626
29 0.246449 0.914141 0.068182 0.080808
22 0.487216 0.628788 0.032670 0.058081
28 0.786222 0.666035 0.068182 0.082071
3 0.704190 0.567551 0.066051 0.087121
9 0.753906 0.761995 0.031960 0.061869
8 0.567472 0.279040 0.049716 0.085859