26 0.808239 0.726641 0.035511 0.061869
1 0.665128 0.294823 0.034801 0.061869
24 0.358665 0.753788 0.034091 0.058081
7 0.276634 0.494318 0.033381 0.061869
23 0.212003 0.818182 0.070312 0.085859
15 0.460938 0.646465 0.024148 0.047980
12 0.224077 0.299874 0.039062 0.079545
18 0.402699 0.338384 0.038352 0.058081
25 0.350142 0.931818 0.032670 0.058081
27 0.073509 0.278409 0.033381 0.059343
29 0.550426 0.801768 0.068182 0.080808
13 0.402699 0.811237 0.032670 0.059343
5 0.979759 0.477273 0.026278 0.050505
2 0.718040 0.079545 0.062500 0.085859
21 0.759588 0.204545 0.034801 0.068182
6 0.592685 0.508207 0.081676 0.137626
22 0.121449 0.457071 0.032670 0.058081
17 0.748224 0.356061 0.068892 0.085859
4 0.899858 0.630682 0.035511 0.056818
8 0.867188 0.179293 0.049716 0.085859
0 0.238636 0.199495 0.032670 0.055556
9 0.346946 0.114268 0.031960 0.061869