1 0.828480 0.528409 0.036222 0.064394
22 0.726918 0.667929 0.068892 0.083333
4 0.615057 0.951389 0.032670 0.051768
1 0.178622 0.695076 0.034801 0.061869
22 0.513849 0.510732 0.075994 0.092172
4 0.735440 0.328914 0.040483 0.064394
17 0.426847 0.272096 0.041193 0.061869
9 0.857244 0.278409 0.038352 0.077020
1 0.625000 0.493687 0.034091 0.060606
23 0.124645 0.342803 0.039062 0.066919
17 0.294389 0.209596 0.041903 0.063131
4 0.631392 0.602904 0.035511 0.056818
19 0.517045 0.333333 0.038352 0.068182
26 0.636364 0.202020 0.026989 0.047980
16 0.274858 0.367424 0.075284 0.093434
0 0.882812 0.083333 0.032670 0.055556
28 0.326705 0.844066 0.061080 0.071970
21 0.244318 0.083333 0.034091 0.060606
14 0.307528 0.570707 0.022727 0.045455
19 0.076705 0.782828 0.038352 0.068182
19 0.466974 0.201389 0.036222 0.064394
13 0.167259 0.316919 0.024858 0.040404
23 0.253196 0.647096 0.030540 0.051768
5 0.505327 0.187500 0.027699 0.051768
6 0.501776 0.699495 0.340199 0.131313