2 0.589844 0.472854 0.034801 0.061869
6 0.144886 0.709596 0.034091 0.060606
28 0.252131 0.530303 0.036932 0.065657
23 0.565341 0.739899 0.028409 0.050505
12 0.909091 0.512626 0.028409 0.050505
13 0.247869 0.344697 0.039773 0.070707
9 0.285866 0.860480 0.034801 0.061869
15 0.526634 0.263258 0.030540 0.054293
2 0.043324 0.915404 0.029830 0.053030
25 0.857955 0.299242 0.031250 0.055556
13 0.125355 0.861742 0.039062 0.069444
14 0.843750 0.563131 0.028409 0.050505
3 0.105114 0.478535 0.026989 0.047980
15 0.977628 0.121843 0.040483 0.071970