24 0.463778 0.339015 0.035511 0.061869
1 0.873935 0.197601 0.034801 0.061869
14 0.763494 0.700758 0.032670 0.058081
13 0.159091 0.309343 0.024148 0.047980
27 0.401278 0.310606 0.068182 0.080808
12 0.162997 0.643939 0.029119 0.047980
26 0.308239 0.615530 0.068182 0.082071
21 0.107599 0.637626 0.070312 0.085859
16 0.643466 0.170455 0.038352 0.058081
8 0.438920 0.214646 0.032670 0.065657
2 0.050426 0.946970 0.062500 0.085859
9 0.091264 0.408460 0.031960 0.061869
4 0.894886 0.070076 0.035511 0.056818
11 0.786222 0.356692 0.032670 0.059343
18 0.469105 0.910985 0.033381 0.059343
15 0.776634 0.521465 0.068892 0.085859
7 0.068537 0.722854 0.031960 0.061869
20 0.363636 0.031566 0.032670 0.058081
23 0.953125 0.231061 0.032670 0.058081
3 0.553622 0.342803 0.066051 0.087121
19 0.329190 0.897727 0.034801 0.068182
0 0.475142 0.162879 0.032670 0.055556
25 0.124645 0.095328 0.033381 0.059343
6 0.634233 0.380051 0.049716 0.085859