11 0.277344 0.807449 0.031960 0.061869
24 0.950284 0.273990 0.034091 0.058081
15 0.912642 0.763889 0.024148 0.047980
27 0.722656 0.318813 0.033381 0.059343
0 0.399858 0.727273 0.032670 0.055556
5 0.209162 0.195707 0.026278 0.050505
17 0.456321 0.847222 0.068892 0.085859
2 0.312500 0.895202 0.062500 0.085859
7 0.843395 0.631944 0.033381 0.061869
21 0.771662 0.401515 0.034801 0.068182
25 0.110085 0.960859 0.032670 0.058081
20 0.163707 0.145833 0.033381 0.059343
4 0.161222 0.043561 0.035511 0.056818
9 0.778764 0.234217 0.031960 0.061869
10 0.832386 0.378788 0.032670 0.065657
23 0.823509 0.915404 0.070312 0.085859
1 0.496804 0.631944 0.034801 0.061869
16 0.541193 0.248737 0.032670 0.058081
13 0.704545 0.654672 0.032670 0.059343
18 0.264205 0.169192 0.038352 0.058081
14 0.653054 0.396465 0.029119 0.047980