25 0.602273 0.726010 0.032670 0.058081
0 0.327415 0.107323 0.032670 0.055556
26 0.497159 0.818813 0.035511 0.061869
7 0.271662 0.614268 0.033381 0.061869
20 0.952060 0.635732 0.033381 0.059343
23 0.572088 0.441919 0.070312 0.085859
22 0.526278 0.739899 0.032670 0.058081
29 0.867188 0.720960 0.068182 0.080808
8 0.058239 0.178030 0.049716 0.085859
18 0.755682 0.078283 0.038352 0.058081
21 0.736151 0.811869 0.034801 0.068182
10 0.578125 0.039141 0.032670 0.065657
1 0.618253 0.140783 0.034801 0.061869
14 0.701349 0.410354 0.029119 0.047980
28 0.858665 0.398359 0.068182 0.082071
12 0.395241 0.519571 0.039062 0.079545
4 0.128551 0.654672 0.035511 0.056818