19 0.632812 0.109217 0.035511 0.061869
28 0.779119 0.235480 0.068182 0.082071
12 0.251776 0.874369 0.039062 0.079545
23 0.064986 0.214646 0.070312 0.085859
1 0.425781 0.501894 0.034801 0.061869
4 0.593750 0.928662 0.035511 0.056818
18 0.409801 0.179293 0.038352 0.058081
6 0.628906 0.518308 0.081676 0.137626
10 0.357955 0.619949 0.032670 0.065657
27 0.581321 0.255682 0.033381 0.059343
25 0.264205 0.218434 0.032670 0.058081
5 0.403054 0.618687 0.026278 0.050505
14 0.217685 0.078283 0.029119 0.047980
21 0.445668 0.327020 0.034801 0.068182
29 0.159801 0.409091 0.068182 0.080808
9 0.730469 0.749369 0.031960 0.061869
2 0.031960 0.635101 0.062500 0.085859
11 0.741832 0.321338 0.031960 0.061869
3 0.544389 0.073864 0.066051 0.087121
0 0.979403 0.921717 0.032670 0.055556
24 0.643466 0.633838 0.034091 0.058081
16 0.638494 0.755051 0.032670 0.058081
15 0.687500 0.099747 0.024148 0.047980
17 0.746804 0.407828 0.068892 0.085859