28 0.889560 0.198864 0.058949 0.069444
12 0.164062 0.918561 0.025568 0.046717
5 0.209517 0.960859 0.029830 0.055556
12 0.477983 0.304924 0.036932 0.066919
18 0.672230 0.546717 0.039062 0.068182
7 0.382812 0.144571 0.056818 0.097222
23 0.673295 0.921086 0.026989 0.046717
16 0.633523 0.674874 0.068182 0.084596
21 0.254261 0.429293 0.034091 0.060606
6 0.333807 0.728535 0.389205 0.151515
13 0.569602 0.238636 0.031250 0.050505
4 0.301491 0.246843 0.039062 0.061869
17 0.551136 0.866162 0.036932 0.055556
24 0.069602 0.042929 0.031250 0.055556
23 0.355114 0.476010 0.038352 0.065657
13 0.572443 0.793561 0.024148 0.039141
21 0.927202 0.904672 0.031960 0.056818
15 0.160156 0.544823 0.033381 0.059343
8 0.137429 0.260101 0.034801 0.068182
12 0.506037 0.059343 0.034801 0.063131
23 0.238991 0.605429 0.030540 0.051768
18 0.058949 0.357955 0.034091 0.059343
2 0.747869 0.333333 0.061080 0.083333
9 0.941406 0.225379 0.036222 0.071970
18 0.274858 0.183712 0.034091 0.059343
3 0.710227 0.669192 0.071023 0.093434
4 0.580611 0.687500 0.029119 0.046717
24 0.624645 0.428662 0.030540 0.054293
2 0.580966 0.104167 0.061080 0.084596
7 0.414062 0.393939 0.048295 0.083333