4 0.687145 0.208965 0.029119 0.046717
16 0.877131 0.761995 0.062500 0.077020
16 0.475142 0.665404 0.066761 0.083333
6 0.319957 0.231692 0.387074 0.150253
12 0.210938 0.585227 0.038352 0.069444
9 0.336648 0.715278 0.026989 0.054293
5 0.555043 0.729798 0.039062 0.073232
20 0.345170 0.431818 0.028409 0.055556
7 0.938210 0.271465 0.049716 0.085859
28 0.487216 0.431187 0.069602 0.082071
8 0.869673 0.902778 0.034801 0.068182
0 0.701349 0.351010 0.026278 0.045455
15 0.704901 0.682449 0.026278 0.046717
7 0.606889 0.674874 0.040483 0.069444
23 0.603693 0.152778 0.039773 0.068182
14 0.713778 0.884470 0.025568 0.051768
6 0.404119 0.873737 0.357955 0.138889
15 0.722301 0.464646 0.038352 0.068182
11 0.345881 0.643308 0.035511 0.071970
25 0.686435 0.127525 0.040483 0.070707
5 0.215199 0.433081 0.034091 0.063131
21 0.724787 0.533460 0.037642 0.066919
22 0.050781 0.627525 0.074574 0.090909