23 0.776278 0.260101 0.032670 0.058081
22 0.912642 0.215909 0.034091 0.058081
3 0.747514 0.927399 0.066051 0.087121
0 0.579545 0.618687 0.032670 0.055556
18 0.082031 0.912247 0.033381 0.059343
9 0.775923 0.077652 0.031960 0.061869
19 0.083452 0.806818 0.034801 0.068182
10 0.415128 0.094066 0.039062 0.079545
25 0.189986 0.384470 0.033381 0.059343
24 0.024858 0.869318 0.035511 0.061869
5 0.408026 0.275884 0.033381 0.061869
21 0.405895 0.585859 0.070312 0.085859
4 0.280540 0.892045 0.035511 0.056818
1 0.662287 0.360480 0.034801 0.061869
27 0.116477 0.496212 0.068182 0.080808
8 0.867898 0.337121 0.032670 0.065657
20 0.672585 0.214646 0.032670 0.058081
12 0.104048 0.087121 0.029119 0.047980
11 0.230824 0.884470 0.032670 0.059343