2 0.875000 0.704545 0.062500 0.085859
17 0.459517 0.052399 0.035511 0.061869
24 0.960227 0.527146 0.035511 0.061869
26 0.588778 0.707702 0.068182 0.082071
15 0.595526 0.434343 0.068892 0.085859
20 0.415483 0.390152 0.032670 0.058081
12 0.909446 0.452020 0.029119 0.047980
13 0.715199 0.252525 0.024148 0.047980
8 0.437500 0.823232 0.032670 0.065657
23 0.495739 0.361111 0.032670 0.058081
21 0.307173 0.599747 0.070312 0.085859
0 0.566051 0.926768 0.032670 0.055556
5 0.864702 0.432449 0.033381 0.061869
16 0.502841 0.767677 0.038352 0.058081
9 0.413707 0.643308 0.031960 0.061869
1 0.662997 0.432449 0.034801 0.061869
18 0.241122 0.075126 0.033381 0.059343
19 0.949929 0.794192 0.034801 0.068182
27 0.813920 0.926768 0.068182 0.080808
6 0.100142 0.287879 0.049716 0.085859
22 0.546875 0.631313 0.034091 0.058081