26 0.779830 0.329545 0.031250 0.055556
10 0.215554 0.164773 0.037642 0.071970
25 0.508168 0.152778 0.041903 0.073232
28 0.549006 0.818182 0.076705 0.090909
2 0.521307 0.284091 0.068182 0.093434
3 0.852628 0.586490 0.061790 0.082071
27 0.436790 0.877525 0.075284 0.090909
15 0.669744 0.742424 0.036932 0.065657
24 0.126776 0.812500 0.031960 0.056818
19 0.898438 0.262626 0.034091 0.060606
24 0.759943 0.154040 0.031250 0.055556
10 0.736506 0.928662 0.035511 0.069444
3 0.264560 0.580177 0.073153 0.097222
6 0.509588 0.510101 0.389915 0.151515
15 0.092330 0.944444 0.026989 0.047980