27 0.754616 0.453914 0.033381 0.059343
19 0.134233 0.067551 0.035511 0.061869
21 0.637429 0.204545 0.034801 0.068182
6 0.196378 0.922348 0.081676 0.137626
25 0.284091 0.896465 0.032670 0.058081
26 0.746449 0.245581 0.035511 0.061869
24 0.022017 0.875000 0.034091 0.058081
16 0.730824 0.819444 0.032670 0.058081
2 0.424006 0.901515 0.062500 0.085859
15 0.884943 0.411616 0.024148 0.047980
28 0.876420 0.114268 0.068182 0.082071
17 0.175781 0.367424 0.068892 0.085859
0 0.512074 0.219697 0.032670 0.055556
13 0.590909 0.695076 0.032670 0.059343
5 0.368253 0.636364 0.026278 0.050505
4 0.796165 0.029672 0.035511 0.056818