13 0.219105 0.583333 0.029119 0.047980
16 0.352628 0.537879 0.064631 0.080808
5 0.118963 0.417929 0.031960 0.058081
12 0.399503 0.731061 0.026278 0.047980
1 0.833452 0.655934 0.029119 0.051768
8 0.915838 0.176136 0.034801 0.066919
23 0.022727 0.390152 0.035511 0.060606
11 0.203125 0.198864 0.031250 0.064394
8 0.575639 0.396465 0.031960 0.063131
17 0.235440 0.410354 0.031960 0.047980
21 0.482599 0.101641 0.037642 0.066919
5 0.902699 0.722222 0.032670 0.060606
24 0.212713 0.868056 0.026278 0.046717
27 0.607599 0.761364 0.067472 0.080808
9 0.108310 0.770202 0.027699 0.055556
19 0.105114 0.185606 0.039773 0.070707
0 0.761364 0.100379 0.028409 0.049242
10 0.921875 0.612374 0.036932 0.070707
15 0.436790 0.380051 0.031250 0.055556
26 0.791548 0.351641 0.027699 0.049242
18 0.879261 0.275884 0.039773 0.069444
7 0.854403 0.402778 0.048295 0.083333
23 0.389205 0.885101 0.029830 0.050505
19 0.810369 0.839646 0.028409 0.050505
7 0.367188 0.287879 0.052557 0.090909