26 0.137784 0.652146 0.068182 0.082071
15 0.662997 0.452020 0.068892 0.085859
17 0.455966 0.321338 0.035511 0.061869
0 0.547585 0.450758 0.032670 0.055556
6 0.669744 0.901515 0.049716 0.085859
2 0.466619 0.045455 0.062500 0.085859
11 0.636364 0.607955 0.032670 0.059343
10 0.390980 0.909722 0.039062 0.079545
9 0.935724 0.515783 0.031960 0.061869
3 0.623935 0.250631 0.066051 0.087121
8 0.843750 0.428030 0.032670 0.065657
19 0.830611 0.920455 0.034801 0.068182
21 0.047940 0.558081 0.070312 0.085859
22 0.688920 0.041667 0.034091 0.058081
5 0.458452 0.549874 0.033381 0.061869
23 0.073153 0.415404 0.032670 0.058081
7 0.714134 0.326389 0.031960 0.061869
16 0.504261 0.821970 0.038352 0.058081
27 0.544744 0.695707 0.068182 0.080808
24 0.291903 0.594066 0.035511 0.061869