6 0.095170 0.108586 0.049716 0.085859
3 0.282315 0.903409 0.066051 0.087121
0 0.976562 0.737374 0.032670 0.055556
10 0.703480 0.916035 0.039062 0.079545
9 0.633168 0.451389 0.031960 0.061869
4 0.628551 0.624369 0.035511 0.056818
19 0.882457 0.190657 0.034801 0.068182
27 0.550426 0.630051 0.068182 0.080808
1 0.729048 0.542298 0.034801 0.061869
20 0.086648 0.279040 0.032670 0.058081
7 0.925071 0.716540 0.031960 0.061869
25 0.876065 0.886995 0.033381 0.059343
21 0.793679 0.818182 0.070312 0.085859
13 0.251420 0.339646 0.024148 0.047980
15 0.066406 0.733586 0.068892 0.085859
11 0.624290 0.091540 0.032670 0.059343
22 0.669034 0.128788 0.034091 0.058081
17 0.025568 0.861742 0.035511 0.061869
2 0.423295 0.478535 0.062500 0.085859
24 0.531960 0.903409 0.035511 0.061869
23 0.590909 0.364899 0.032670 0.058081
8 0.539062 0.040404 0.032670 0.065657
18 0.064986 0.432449 0.033381 0.059343
12 0.204901 0.242424 0.029119 0.047980