4 0.722301 0.539773 0.035511 0.056818
3 0.242543 0.361742 0.066051 0.087121
1 0.064276 0.299874 0.034801 0.061869
25 0.034446 0.493056 0.033381 0.059343
21 0.950639 0.619949 0.070312 0.085859
10 0.619673 0.806187 0.039062 0.079545
23 0.784091 0.419192 0.032670 0.058081
27 0.411932 0.957071 0.068182 0.080808
15 0.459162 0.300505 0.068892 0.085859
16 0.399858 0.215909 0.038352 0.058081
20 0.754972 0.339646 0.032670 0.058081
19 0.528054 0.685606 0.034801 0.068182
2 0.492188 0.474747 0.062500 0.085859
0 0.536932 0.032828 0.032670 0.055556
6 0.936790 0.160354 0.049716 0.085859
22 0.162642 0.150253 0.034091 0.058081