12 0.835582 0.746843 0.039062 0.079545
25 0.632812 0.664141 0.032670 0.058081
11 0.393111 0.386995 0.031960 0.061869
24 0.727983 0.693182 0.034091 0.058081
26 0.346591 0.149621 0.035511 0.061869
28 0.730824 0.498106 0.068182 0.082071
13 0.711648 0.196338 0.032670 0.059343
3 0.587713 0.359217 0.066051 0.087121
10 0.149148 0.517677 0.032670 0.065657
6 0.882457 0.429924 0.081676 0.137626
7 0.138849 0.658460 0.033381 0.061869
14 0.840554 0.059343 0.029119 0.047980
1 0.849787 0.833965 0.034801 0.061869
2 0.216619 0.750000 0.062500 0.085859
17 0.245384 0.593434 0.068892 0.085859