5 0.906605 0.044823 0.033381 0.061869
6 0.517756 0.142677 0.049716 0.085859
20 0.960938 0.325758 0.032670 0.058081
24 0.883523 0.522096 0.035511 0.061869
17 0.971591 0.461490 0.035511 0.061869
18 0.910866 0.245581 0.033381 0.059343
12 0.790128 0.792929 0.029119 0.047980
25 0.250355 0.753157 0.033381 0.059343
19 0.654474 0.493687 0.034801 0.068182
2 0.754972 0.939394 0.062500 0.085859
21 0.069247 0.106061 0.070312 0.085859
23 0.649148 0.613636 0.032670 0.058081
8 0.154830 0.488636 0.032670 0.065657
14 0.436790 0.185606 0.032670 0.058081
9 0.906605 0.388258 0.031960 0.061869
4 0.209517 0.947601 0.035511 0.056818
7 0.532315 0.465278 0.031960 0.061869
10 0.915128 0.951389 0.039062 0.079545
15 0.663707 0.111111 0.068892 0.085859
3 0.380327 0.672348 0.066051 0.087121
0 0.089489 0.856061 0.032670 0.055556
26 0.081676 0.933712 0.068182 0.082071
16 0.460227 0.811869 0.038352 0.058081