15 0.579901 0.453283 0.068892 0.085859
5 0.067116 0.586490 0.033381 0.061869
18 0.869673 0.373106 0.033381 0.059343
24 0.659091 0.596591 0.035511 0.061869
16 0.327415 0.935606 0.038352 0.058081
21 0.607599 0.210859 0.070312 0.085859
25 0.814986 0.818813 0.033381 0.059343
22 0.240057 0.825758 0.034091 0.058081
20 0.033381 0.646465 0.032670 0.058081
8 0.843040 0.891414 0.032670 0.065657
4 0.909091 0.083965 0.035511 0.056818
26 0.097301 0.066288 0.068182 0.082071
19 0.792259 0.473485 0.034801 0.068182
1 0.300781 0.227904 0.034801 0.061869
7 0.611861 0.654672 0.031960 0.061869
2 0.278409 0.712121 0.062500 0.085859
12 0.541548 0.313131 0.029119 0.047980