18 0.782315 0.475379 0.033381 0.059343
9 0.151634 0.397096 0.031960 0.061869
25 0.103338 0.131944 0.033381 0.059343
2 0.172585 0.198232 0.062500 0.085859
8 0.066761 0.731061 0.032670 0.065657
3 0.430043 0.783460 0.066051 0.087121
7 0.533026 0.370581 0.031960 0.061869
5 0.853338 0.508207 0.033381 0.061869
24 0.141335 0.794823 0.035511 0.061869
0 0.622869 0.640152 0.032670 0.055556
14 0.865057 0.188131 0.032670 0.058081
1 0.694247 0.666035 0.034801 0.061869
4 0.394886 0.441288 0.035511 0.056818
19 0.408736 0.232323 0.034801 0.068182
16 0.678267 0.286616 0.038352 0.058081
15 0.566406 0.779040 0.068892 0.085859
10 0.753906 0.191288 0.039062 0.079545
11 0.262784 0.868056 0.032670 0.059343
20 0.073864 0.352273 0.032670 0.058081
26 0.433239 0.591540 0.068182 0.082071