1 0.598366 0.761995 0.036222 0.064394
8 0.059304 0.586490 0.036222 0.069444
28 0.189276 0.199495 0.077415 0.090909
7 0.897727 0.934343 0.045455 0.078283
20 0.291193 0.639520 0.038352 0.074495
27 0.187500 0.691919 0.078125 0.093434
0 0.301491 0.969697 0.029119 0.050505
28 0.248935 0.828283 0.061790 0.073232
3 0.439986 0.292298 0.058949 0.077020
21 0.910156 0.398359 0.037642 0.066919
24 0.618608 0.226010 0.026989 0.047980
12 0.721946 0.569444 0.039062 0.070707
23 0.786932 0.517677 0.028409 0.047980
20 0.154830 0.535354 0.028409 0.055556
12 0.769886 0.961490 0.029830 0.054293
4 0.019531 0.186869 0.039062 0.063131
13 0.055398 0.732955 0.029830 0.049242
20 0.727628 0.438131 0.036222 0.070707
4 0.031960 0.518939 0.031250 0.050505
1 0.830966 0.316919 0.032670 0.058081
15 0.396307 0.949495 0.038352 0.068182
4 0.940696 0.650884 0.040483 0.064394