5 0.384588 0.423611 0.033381 0.061869
24 0.811790 0.472854 0.035511 0.061869
15 0.615412 0.890152 0.068892 0.085859
27 0.059659 0.666667 0.068182 0.080808
17 0.421875 0.609217 0.035511 0.061869
12 0.613281 0.410354 0.029119 0.047980
13 0.540483 0.628788 0.024148 0.047980
11 0.426136 0.753157 0.032670 0.059343
20 0.905540 0.203283 0.032670 0.058081
7 0.906605 0.619318 0.031960 0.061869
3 0.243963 0.884470 0.066051 0.087121
19 0.484730 0.045455 0.034801 0.068182
6 0.045455 0.464646 0.049716 0.085859
26 0.895597 0.130682 0.068182 0.082071
14 0.801847 0.925505 0.032670 0.058081
10 0.437145 0.912247 0.039062 0.079545
16 0.710227 0.877525 0.038352 0.058081