24 0.881392 0.855429 0.035511 0.061869
14 0.107244 0.595960 0.032670 0.058081
2 0.110085 0.486111 0.062500 0.085859
12 0.526634 0.847222 0.029119 0.047980
4 0.950284 0.128157 0.035511 0.056818
0 0.787642 0.141414 0.032670 0.055556
9 0.182884 0.076389 0.031960 0.061869
18 0.490412 0.892045 0.033381 0.059343
25 0.439276 0.921086 0.033381 0.059343
8 0.703835 0.443182 0.032670 0.065657
23 0.592330 0.626263 0.032670 0.058081
3 0.655185 0.556187 0.066051 0.087121
5 0.621804 0.230429 0.033381 0.061869
10 0.539418 0.123106 0.039062 0.079545
1 0.385298 0.883207 0.034801 0.061869
13 0.799716 0.319444 0.024148 0.047980
16 0.873580 0.584596 0.038352 0.058081
15 0.684304 0.119949 0.068892 0.085859
20 0.769886 0.554293 0.032670 0.058081
11 0.955256 0.826389 0.032670 0.059343
17 0.443182 0.280934 0.035511 0.061869
6 0.719460 0.564394 0.049716 0.085859
7 0.019531 0.059975 0.031960 0.061869
19 0.924361 0.590909 0.034801 0.068182