1 0.135298 0.166035 0.034801 0.061869
0 0.937500 0.922980 0.032670 0.055556
4 0.102983 0.860480 0.035511 0.056818
17 0.694602 0.716540 0.035511 0.061869
25 0.758878 0.143308 0.033381 0.059343
22 0.434659 0.407828 0.034091 0.058081
12 0.511719 0.732323 0.029119 0.047980
10 0.765980 0.413510 0.039062 0.079545
23 0.934659 0.830808 0.032670 0.058081
6 0.561790 0.118687 0.049716 0.085859
20 0.571023 0.556818 0.032670 0.058081
3 0.966974 0.499369 0.066051 0.087121
16 0.617188 0.625000 0.038352 0.058081
19 0.634588 0.691919 0.034801 0.068182
15 0.832031 0.950758 0.068892 0.085859
13 0.426847 0.866162 0.024148 0.047980
8 0.441051 0.742424 0.032670 0.065657
26 0.496449 0.111742 0.068182 0.082071
18 0.520241 0.390783 0.033381 0.059343