19 0.923295 0.785985 0.035511 0.061869
3 0.568537 0.565025 0.066051 0.087121
5 0.522372 0.911616 0.026278 0.050505
12 0.055043 0.846591 0.039062 0.079545
6 0.817827 0.457702 0.081676 0.137626
16 0.096591 0.093434 0.032670 0.058081
11 0.386009 0.154672 0.031960 0.061869
1 0.920099 0.460227 0.034801 0.061869
29 0.520597 0.194444 0.068182 0.080808
28 0.754972 0.191288 0.068182 0.082071
0 0.821023 0.202020 0.032670 0.055556
24 0.084517 0.333333 0.034091 0.058081
15 0.524858 0.276515 0.024148 0.047980
13 0.289773 0.739268 0.032670 0.059343
2 0.470170 0.763889 0.062500 0.085859
7 0.682884 0.416035 0.033381 0.061869
23 0.903054 0.354798 0.070312 0.085859