9 0.422230 0.231692 0.031960 0.061869
19 0.862926 0.615530 0.035511 0.061869
5 0.083452 0.852273 0.026278 0.050505
27 0.546520 0.186237 0.033381 0.059343
17 0.307884 0.867424 0.068892 0.085859
13 0.554688 0.097854 0.032670 0.059343
20 0.123935 0.895833 0.033381 0.059343
21 0.412997 0.476010 0.034801 0.068182
2 0.812500 0.364899 0.062500 0.085859
7 0.805753 0.875631 0.033381 0.061869
29 0.043324 0.438131 0.068182 0.080808
24 0.932528 0.967172 0.034091 0.058081
0 0.960227 0.407828 0.032670 0.055556
12 0.895241 0.501894 0.039062 0.079545
22 0.114347 0.652778 0.032670 0.058081
3 0.428622 0.139520 0.066051 0.087121
26 0.813920 0.458965 0.035511 0.061869