25 0.688920 0.564394 0.032670 0.058081
0 0.112216 0.138889 0.032670 0.055556
28 0.236506 0.091540 0.068182 0.082071
4 0.257812 0.527146 0.035511 0.056818
9 0.555753 0.743056 0.031960 0.061869
17 0.347656 0.104798 0.068892 0.085859
8 0.586648 0.502525 0.049716 0.085859
2 0.515625 0.505051 0.062500 0.085859
27 0.777344 0.590278 0.033381 0.059343
20 0.841974 0.248106 0.033381 0.059343
26 0.126420 0.812500 0.035511 0.061869
11 0.636719 0.692551 0.031960 0.061869
3 0.395952 0.614268 0.066051 0.087121
13 0.742188 0.278409 0.032670 0.059343
18 0.629972 0.905303 0.038352 0.058081
14 0.979759 0.189394 0.029119 0.047980
24 0.097301 0.565657 0.034091 0.058081
19 0.956676 0.686237 0.035511 0.061869
7 0.310014 0.636995 0.033381 0.061869
22 0.547585 0.117424 0.032670 0.058081
16 0.681108 0.188131 0.032670 0.058081
5 0.581321 0.059343 0.026278 0.050505
1 0.058594 0.937500 0.034801 0.061869