7 0.605469 0.482955 0.033381 0.061869
5 0.106179 0.444444 0.026278 0.050505
11 0.883878 0.299874 0.031960 0.061869
15 0.649148 0.213384 0.024148 0.047980
20 0.477628 0.335227 0.033381 0.059343
14 0.562855 0.281566 0.029119 0.047980
16 0.832386 0.080808 0.032670 0.058081
13 0.484375 0.831439 0.032670 0.059343
22 0.361506 0.660354 0.032670 0.058081
17 0.565696 0.676768 0.068892 0.085859
27 0.493963 0.424874 0.033381 0.059343
23 0.736861 0.828283 0.070312 0.085859
19 0.102273 0.278409 0.035511 0.061869
10 0.732955 0.040404 0.032670 0.065657
25 0.138494 0.722222 0.032670 0.058081
4 0.061790 0.140783 0.035511 0.056818
29 0.803267 0.359848 0.068182 0.080808
18 0.178267 0.165404 0.038352 0.058081
12 0.943537 0.335227 0.039062 0.079545
24 0.948864 0.781566 0.034091 0.058081
6 0.056463 0.844066 0.081676 0.137626
0 0.792614 0.848485 0.032670 0.055556
2 0.831676 0.554293 0.062500 0.085859
26 0.220881 0.601641 0.035511 0.061869