16 0.472301 0.945707 0.038352 0.058081
13 0.291193 0.801768 0.024148 0.047980
26 0.759943 0.630682 0.068182 0.082071
20 0.975852 0.337121 0.032670 0.058081
18 0.091264 0.179924 0.033381 0.059343
4 0.117898 0.255682 0.035511 0.056818
9 0.403054 0.258207 0.031960 0.061869
22 0.286222 0.934343 0.034091 0.058081
2 0.272017 0.276515 0.062500 0.085859
8 0.638494 0.328283 0.032670 0.065657
6 0.105824 0.416667 0.049716 0.085859
12 0.527344 0.801768 0.029119 0.047980
27 0.842330 0.786616 0.068182 0.080808
25 0.109730 0.690025 0.033381 0.059343
23 0.918324 0.939394 0.032670 0.058081
14 0.951705 0.588384 0.032670 0.058081
7 0.570668 0.428662 0.031960 0.061869
15 0.341264 0.063131 0.068892 0.085859
0 0.173295 0.361111 0.032670 0.055556
11 0.046875 0.537247 0.032670 0.059343
1 0.436435 0.562500 0.034801 0.061869
19 0.207741 0.688131 0.034801 0.068182
10 0.097656 0.610480 0.039062 0.079545
24 0.498580 0.515783 0.035511 0.061869
3 0.866832 0.386995 0.066051 0.087121
21 0.405895 0.703283 0.070312 0.085859
17 0.686080 0.945076 0.035511 0.061869
5 0.515980 0.065025 0.033381 0.061869