11 0.208452 0.498106 0.031960 0.061869
16 0.430398 0.943182 0.032670 0.058081
12 0.930753 0.251894 0.039062 0.079545
25 0.293324 0.107323 0.032670 0.058081
15 0.497869 0.400253 0.024148 0.047980
28 0.730824 0.456439 0.068182 0.082071
14 0.270241 0.248737 0.029119 0.047980
18 0.832386 0.484848 0.038352 0.058081
10 0.566051 0.483586 0.032670 0.065657
3 0.812855 0.845328 0.066051 0.087121
24 0.666193 0.601010 0.034091 0.058081
5 0.268111 0.675505 0.026278 0.050505
2 0.946023 0.106061 0.062500 0.085859
8 0.529119 0.607323 0.049716 0.085859
17 0.463423 0.617424 0.068892 0.085859
26 0.048295 0.173611 0.035511 0.061869
1 0.405895 0.873106 0.034801 0.061869
7 0.953480 0.960227 0.033381 0.061869
6 0.122514 0.253157 0.081676 0.137626
0 0.822443 0.329545 0.032670 0.055556
19 0.758523 0.162247 0.035511 0.061869
29 0.041193 0.823232 0.068182 0.080808
23 0.109020 0.554293 0.070312 0.085859
20 0.665128 0.190025 0.033381 0.059343
9 0.370384 0.306187 0.031960 0.061869
4 0.950994 0.443813 0.035511 0.056818