11 0.020241 0.265783 0.031960 0.061869
19 0.625000 0.846591 0.035511 0.061869
25 0.414773 0.965909 0.032670 0.058081
6 0.945668 0.140783 0.081676 0.137626
12 0.313565 0.407197 0.039062 0.079545
26 0.473011 0.272096 0.035511 0.061869
5 0.352628 0.727273 0.026278 0.050505
8 0.557528 0.775253 0.049716 0.085859
9 0.109020 0.081439 0.031960 0.061869
4 0.192472 0.061237 0.035511 0.056818
29 0.765625 0.867424 0.068182 0.080808
15 0.311790 0.520202 0.024148 0.047980
13 0.200994 0.274621 0.032670 0.059343
2 0.889205 0.891414 0.062500 0.085859
17 0.518111 0.669192 0.068892 0.085859
24 0.889915 0.689394 0.034091 0.058081
1 0.444247 0.619318 0.034801 0.061869
22 0.089489 0.810606 0.032670 0.058081
18 0.764915 0.755051 0.038352 0.058081
16 0.343750 0.279040 0.032670 0.058081
7 0.316406 0.188763 0.033381 0.061869
21 0.354048 0.452020 0.034801 0.068182
28 0.826705 0.376894 0.068182 0.082071
10 0.689631 0.901515 0.032670 0.065657
0 0.703125 0.396465 0.032670 0.055556
23 0.061435 0.625000 0.070312 0.085859
27 0.264560 0.501894 0.033381 0.059343
3 0.861861 0.192551 0.066051 0.087121
20 0.148082 0.423611 0.033381 0.059343