25 0.957386 0.308081 0.032670 0.058081
27 0.155185 0.202652 0.033381 0.059343
12 0.434304 0.596591 0.039062 0.079545
29 0.945312 0.597222 0.068182 0.080808
13 0.207386 0.486742 0.032670 0.059343
22 0.625710 0.723485 0.032670 0.058081
8 0.730114 0.299242 0.049716 0.085859
4 0.473011 0.109217 0.035511 0.056818
18 0.884943 0.199495 0.038352 0.058081
11 0.017401 0.961490 0.031960 0.061869
17 0.347656 0.372475 0.068892 0.085859
1 0.867543 0.523359 0.034801 0.061869
0 0.319602 0.280303 0.032670 0.055556
19 0.288352 0.087753 0.035511 0.061869
2 0.373580 0.104798 0.062500 0.085859
23 0.589844 0.325758 0.070312 0.085859
28 0.480824 0.702652 0.068182 0.082071
20 0.917969 0.306187 0.033381 0.059343
15 0.401989 0.909091 0.024148 0.047980
7 0.532315 0.652146 0.033381 0.061869
6 0.707741 0.600379 0.081676 0.137626
9 0.637429 0.184975 0.031960 0.061869