0 0.345170 0.685606 0.032670 0.055556
17 0.455611 0.183081 0.068892 0.085859
6 0.614702 0.441288 0.081676 0.137626
13 0.828835 0.888258 0.032670 0.059343
11 0.719815 0.524621 0.031960 0.061869
9 0.729759 0.909722 0.031960 0.061869
25 0.066761 0.111111 0.032670 0.058081
27 0.339134 0.965278 0.033381 0.059343
5 0.088423 0.540404 0.026278 0.050505
21 0.292969 0.840909 0.034801 0.068182
15 0.402699 0.450758 0.024148 0.047980
23 0.802912 0.483586 0.070312 0.085859
3 0.525213 0.626894 0.066051 0.087121
22 0.634233 0.334596 0.032670 0.058081
16 0.541193 0.890152 0.032670 0.058081
24 0.239347 0.416667 0.034091 0.058081
7 0.203480 0.678662 0.033381 0.061869
26 0.041193 0.203914 0.035511 0.061869
8 0.973011 0.861111 0.049716 0.085859
1 0.890270 0.948864 0.034801 0.061869
19 0.289062 0.585227 0.035511 0.061869
29 0.037642 0.306818 0.068182 0.080808
14 0.911577 0.773990 0.029119 0.047980
10 0.370028 0.482323 0.032670 0.065657
20 0.682173 0.113005 0.033381 0.059343