22 0.330966 0.695707 0.034091 0.058081
1 0.849077 0.854167 0.034801 0.061869
19 0.285156 0.700758 0.034801 0.068182
23 0.380682 0.890152 0.032670 0.058081
25 0.067827 0.374369 0.033381 0.059343
7 0.089134 0.702652 0.031960 0.061869
27 0.552557 0.339646 0.068182 0.080808
20 0.200994 0.174242 0.032670 0.058081
2 0.199574 0.955808 0.062500 0.085859
11 0.135653 0.311237 0.032670 0.059343
14 0.678977 0.662879 0.032670 0.058081
26 0.868608 0.955177 0.068182 0.082071
5 0.118253 0.441288 0.033381 0.061869
21 0.785866 0.696970 0.070312 0.085859
12 0.912287 0.886364 0.029119 0.047980
16 0.620028 0.040404 0.038352 0.058081
4 0.159801 0.822601 0.035511 0.056818
3 0.478338 0.616793 0.066051 0.087121
10 0.072088 0.889520 0.039062 0.079545
8 0.641335 0.345960 0.032670 0.065657
6 0.470881 0.892677 0.049716 0.085859
15 0.819247 0.294192 0.068892 0.085859
0 0.156960 0.577020 0.032670 0.055556
24 0.904119 0.195076 0.035511 0.061869
13 0.653409 0.161616 0.024148 0.047980
17 0.968040 0.760732 0.035511 0.061869