23 0.883523 0.747475 0.032670 0.058081
6 0.140625 0.338384 0.049716 0.085859
24 0.375000 0.073864 0.035511 0.061869
26 0.512784 0.530934 0.068182 0.082071
12 0.800071 0.809343 0.029119 0.047980
11 0.132812 0.432449 0.032670 0.059343
7 0.082031 0.217803 0.031960 0.061869
18 0.187145 0.668561 0.033381 0.059343
0 0.029830 0.241162 0.032670 0.055556
1 0.240412 0.405934 0.034801 0.061869
25 0.967685 0.494318 0.033381 0.059343
20 0.165483 0.819444 0.032670 0.058081
2 0.853693 0.580808 0.062500 0.085859
3 0.457741 0.043561 0.066051 0.087121
14 0.198864 0.284091 0.032670 0.058081
27 0.354403 0.786616 0.068182 0.080808
4 0.619318 0.620581 0.035511 0.056818
19 0.233310 0.248737 0.034801 0.068182
16 0.727983 0.227273 0.038352 0.058081
5 0.237571 0.340278 0.033381 0.061869
21 0.149503 0.210859 0.070312 0.085859
8 0.453835 0.845960 0.032670 0.065657
10 0.935014 0.943813 0.039062 0.079545
15 0.699929 0.666667 0.068892 0.085859
17 0.438920 0.633207 0.035511 0.061869
13 0.712358 0.584596 0.024148 0.047980
22 0.627131 0.843434 0.034091 0.058081
9 0.789418 0.628157 0.031960 0.061869