1 0.221236 0.301136 0.034801 0.061869
6 0.555753 0.678662 0.081676 0.137626
28 0.332386 0.881944 0.068182 0.082071
11 0.944247 0.169823 0.031960 0.061869
20 0.873224 0.832702 0.033381 0.059343
0 0.427557 0.266414 0.032670 0.055556
7 0.758878 0.623106 0.033381 0.061869
21 0.087003 0.516414 0.034801 0.068182
24 0.274148 0.122475 0.034091 0.058081
17 0.449219 0.512626 0.068892 0.085859
14 0.470526 0.842172 0.029119 0.047980
22 0.523438 0.396465 0.032670 0.058081
27 0.253196 0.525884 0.033381 0.059343
23 0.244673 0.695707 0.070312 0.085859
13 0.290483 0.542298 0.032670 0.059343
10 0.695312 0.395202 0.032670 0.065657
2 0.691051 0.858586 0.062500 0.085859
19 0.350852 0.644571 0.035511 0.061869
15 0.123580 0.128788 0.024148 0.047980
25 0.899148 0.488636 0.032670 0.058081
26 0.577415 0.527146 0.035511 0.061869
9 0.437855 0.649621 0.031960 0.061869
16 0.852273 0.093434 0.032670 0.058081
4 0.863636 0.230429 0.035511 0.056818
3 0.881037 0.931187 0.066051 0.087121