24 0.329901 0.158460 0.033381 0.059343
9 0.392756 0.506944 0.026989 0.054293
14 0.827415 0.587121 0.025568 0.050505
4 0.695668 0.678662 0.030540 0.049242
17 0.784091 0.769571 0.041193 0.061869
27 0.371094 0.789141 0.071733 0.085859
15 0.970526 0.265783 0.031960 0.056818
28 0.932528 0.825758 0.080966 0.095960
22 0.638139 0.414773 0.081676 0.099747
18 0.310014 0.789141 0.029119 0.050505
8 0.262074 0.959596 0.032670 0.063131
12 0.087713 0.280303 0.027699 0.050505
21 0.017756 0.116162 0.034091 0.060606
21 0.854759 0.846591 0.034801 0.061869
11 0.535866 0.520202 0.041903 0.085859
8 0.755327 0.166035 0.030540 0.059343
19 0.151989 0.779040 0.035511 0.063131
21 0.027344 0.763258 0.027699 0.049242
10 0.487571 0.099747 0.026278 0.050505
14 0.183949 0.029040 0.028409 0.055556
0 0.837003 0.961490 0.034801 0.059343
2 0.556818 0.202020 0.055398 0.075758
25 0.061435 0.207071 0.029119 0.050505
21 0.611151 0.928662 0.030540 0.054293
11 0.553622 0.362374 0.033381 0.068182
20 0.766690 0.316288 0.029119 0.056818
0 0.942116 0.345328 0.037642 0.064394
0 0.865412 0.368056 0.031960 0.054293
7 0.192116 0.315025 0.047585 0.082071
27 0.409091 0.661616 0.069602 0.083333