10 0.801491 0.435606 0.034801 0.068182
0 0.302202 0.433712 0.029119 0.049242
22 0.900213 0.533460 0.081676 0.099747
4 0.138494 0.241162 0.039773 0.063131
2 0.640980 0.411616 0.071733 0.098485
21 0.077060 0.316288 0.031960 0.056818
11 0.270952 0.586490 0.039062 0.079545
27 0.570312 0.205808 0.065341 0.078283
10 0.031250 0.949495 0.035511 0.068182
1 0.293324 0.768939 0.032670 0.058081
19 0.962003 0.971591 0.031960 0.056818
26 0.089844 0.874369 0.027699 0.049242
17 0.386719 0.517677 0.043324 0.065657
19 0.231179 0.306187 0.030540 0.054293
15 0.584162 0.936237 0.033381 0.059343
1 0.979759 0.256944 0.029119 0.051768
11 0.472301 0.434975 0.044034 0.089646
5 0.863991 0.369949 0.037642 0.070707
12 0.041903 0.061237 0.034091 0.061869
20 0.932173 0.193182 0.031960 0.063131
2 0.791193 0.628157 0.059659 0.082071
18 0.576349 0.314394 0.036222 0.063131
25 0.516335 0.251894 0.039773 0.069444
23 0.077060 0.557449 0.037642 0.064394
25 0.186790 0.313763 0.036932 0.064394
21 0.468750 0.058081 0.031250 0.055556