5 0.458097 0.055556 0.038352 0.070707
6 0.264560 0.464646 0.340199 0.131313
5 0.640270 0.966540 0.031960 0.059343
3 0.626065 0.697601 0.061790 0.082071
4 0.731534 0.558081 0.031250 0.050505
22 0.041903 0.631944 0.073864 0.089646
2 0.118963 0.294192 0.060369 0.083333
18 0.560724 0.453283 0.037642 0.065657
14 0.168679 0.270833 0.027699 0.054293
12 0.918324 0.630682 0.031250 0.056818
14 0.388849 0.243056 0.027699 0.054293
10 0.801491 0.171086 0.026278 0.051768
3 0.046875 0.733586 0.053977 0.070707
18 0.383878 0.755051 0.036222 0.063131
4 0.345881 0.719066 0.038352 0.061869
5 0.755682 0.891414 0.036932 0.068182
10 0.195668 0.699495 0.037642 0.073232
8 0.700994 0.440657 0.036932 0.070707
7 0.158381 0.849747 0.049716 0.085859
26 0.225142 0.811869 0.036932 0.065657
9 0.611506 0.237374 0.029830 0.060606