19 0.425071 0.518308 0.034801 0.061869
15 0.664418 0.573864 0.030540 0.054293
1 0.788707 0.837753 0.034801 0.061869
11 0.410511 0.640783 0.032670 0.066919
3 0.851918 0.114268 0.077415 0.102273
22 0.615412 0.667298 0.080256 0.097222
0 0.969105 0.955177 0.033381 0.056818
1 0.619318 0.404040 0.029830 0.053030
20 0.123580 0.519571 0.028409 0.056818
13 0.612216 0.153409 0.025568 0.041667
12 0.440696 0.345960 0.037642 0.068182
27 0.900568 0.334596 0.066761 0.080808
27 0.259233 0.706439 0.059659 0.071970
5 0.272372 0.217803 0.037642 0.069444
14 0.264560 0.908460 0.026278 0.051768