24 0.365767 0.937500 0.035511 0.061869
7 0.575639 0.308712 0.031960 0.061869
26 0.583097 0.690025 0.068182 0.082071
21 0.329190 0.650253 0.070312 0.085859
6 0.627131 0.046717 0.049716 0.085859
15 0.721236 0.513889 0.068892 0.085859
10 0.204190 0.126894 0.039062 0.079545
5 0.231179 0.565025 0.033381 0.061869
12 0.695668 0.232323 0.029119 0.047980
20 0.830966 0.340909 0.032670 0.058081
17 0.068892 0.952652 0.035511 0.061869
1 0.860440 0.658460 0.034801 0.061869
0 0.052557 0.114899 0.032670 0.055556
18 0.965554 0.520833 0.033381 0.059343
8 0.848722 0.161616 0.032670 0.065657
13 0.756392 0.618687 0.024148 0.047980
11 0.375000 0.486742 0.032670 0.059343
14 0.124290 0.486111 0.032670 0.058081
27 0.455256 0.672980 0.068182 0.080808
4 0.894886 0.312500 0.035511 0.056818
22 0.964489 0.738636 0.034091 0.058081
3 0.850497 0.450126 0.066051 0.087121
9 0.605469 0.138258 0.031960 0.061869