18 0.136364 0.063763 0.036932 0.064394
12 0.161577 0.226010 0.030540 0.055556
19 0.955256 0.397727 0.032670 0.058081
10 0.447088 0.455177 0.033381 0.064394
16 0.253551 0.865530 0.082386 0.102273
23 0.811790 0.924242 0.036932 0.063131
26 0.946023 0.255051 0.035511 0.063131
17 0.418679 0.880682 0.039062 0.059343
20 0.627131 0.344697 0.039773 0.078283
13 0.176136 0.327652 0.024148 0.039141
12 0.269176 0.042929 0.038352 0.070707
17 0.533736 0.811869 0.031960 0.047980
6 0.713423 0.100379 0.392756 0.152778
25 0.128551 0.690025 0.036932 0.064394
25 0.020952 0.545455 0.041903 0.073232
5 0.942116 0.611742 0.037642 0.069444
2 0.448509 0.117424 0.051847 0.070707
21 0.113636 0.450758 0.032670 0.058081
5 0.667614 0.472222 0.029830 0.055556