19 0.971236 0.062500 0.036222 0.064394
17 0.573864 0.275884 0.031250 0.046717
1 0.331676 0.089646 0.029830 0.053030
8 0.878906 0.378788 0.027699 0.053030
17 0.024503 0.750631 0.039062 0.059343
26 0.117188 0.092172 0.035511 0.063131
13 0.541903 0.804293 0.024148 0.040404
21 0.957031 0.336490 0.026278 0.046717
7 0.829190 0.445076 0.054688 0.094697
10 0.376420 0.321338 0.028409 0.054293
1 0.718750 0.335859 0.038352 0.068182
7 0.483665 0.847222 0.056818 0.098485
27 0.045455 0.087121 0.056818 0.068182
1 0.472301 0.301768 0.039773 0.070707
6 0.235085 0.632576 0.389205 0.151515
18 0.389915 0.864268 0.031250 0.054293
0 0.349077 0.238005 0.031960 0.054293
13 0.596591 0.616162 0.032670 0.053030
10 0.892401 0.148990 0.037642 0.073232
16 0.942116 0.627525 0.060369 0.075758