4 0.767045 0.129419 0.035511 0.056818
10 0.402699 0.558081 0.032670 0.065657
1 0.098366 0.445076 0.034801 0.061869
14 0.460582 0.241162 0.029119 0.047980
8 0.323864 0.332071 0.049716 0.085859
13 0.218750 0.096591 0.032670 0.059343
11 0.194957 0.313763 0.031960 0.061869
7 0.504616 0.450126 0.033381 0.061869
28 0.092330 0.743056 0.068182 0.082071
21 0.743963 0.064394 0.034801 0.068182
27 0.452770 0.537247 0.033381 0.059343
6 0.525213 0.711490 0.081676 0.137626
9 0.334162 0.624369 0.031960 0.061869
18 0.080256 0.200758 0.038352 0.058081
23 0.488991 0.321970 0.070312 0.085859
16 0.684659 0.130051 0.032670 0.058081
24 0.064631 0.606061 0.034091 0.058081
17 0.035866 0.275253 0.068892 0.085859
2 0.939631 0.541667 0.062500 0.085859
3 0.319247 0.458965 0.066051 0.087121
22 0.901278 0.881313 0.032670 0.058081
12 0.903054 0.390783 0.039062 0.079545
26 0.779830 0.668561 0.035511 0.061869
25 0.085938 0.071970 0.032670 0.058081
19 0.017756 0.948864 0.035511 0.061869
15 0.129972 0.435606 0.024148 0.047980
29 0.384233 0.358586 0.068182 0.080808
5 0.512429 0.588384 0.026278 0.050505
0 0.034801 0.753788 0.032670 0.055556
20 0.886719 0.624369 0.033381 0.059343