8 0.720170 0.887626 0.032670 0.063131
28 0.188565 0.886995 0.067472 0.079545
14 0.716974 0.961490 0.026278 0.051768
2 0.065696 0.219066 0.050426 0.069444
0 0.547230 0.322601 0.027699 0.046717
2 0.432173 0.242424 0.058949 0.080808
1 0.818892 0.300505 0.038352 0.068182
6 0.278054 0.401515 0.378551 0.146465
22 0.089134 0.668561 0.077415 0.094697
6 0.797585 0.104167 0.400568 0.155303
16 0.258168 0.178662 0.075994 0.094697
12 0.702770 0.308081 0.034801 0.063131
8 0.807173 0.397096 0.037642 0.071970
27 0.786577 0.857323 0.071733 0.085859
16 0.677202 0.602904 0.066051 0.082071
15 0.608310 0.370581 0.030540 0.054293
22 0.813210 0.604798 0.062500 0.075758
10 0.107599 0.784722 0.036222 0.069444
4 0.406960 0.747475 0.028409 0.045455
21 0.542614 0.748737 0.029830 0.053030
17 0.514915 0.586490 0.032670 0.049242
21 0.566051 0.175505 0.026989 0.047980