19 0.514915 0.068182 0.035511 0.063131
2 0.637074 0.488005 0.052557 0.071970
2 0.650213 0.362374 0.071733 0.098485
19 0.129261 0.410354 0.029830 0.053030
3 0.879972 0.506944 0.078125 0.102273
28 0.847301 0.270833 0.065341 0.077020
19 0.340554 0.282197 0.031960 0.056818
9 0.829901 0.097854 0.031960 0.064394
6 0.514915 0.716540 0.353693 0.137626
5 0.107599 0.498106 0.033381 0.061869
8 0.520241 0.571970 0.026278 0.050505
1 0.720170 0.820707 0.029830 0.053030
16 0.238991 0.868056 0.074574 0.092172
22 0.882812 0.053662 0.056818 0.069444
5 0.703125 0.540404 0.035511 0.065657
2 0.444957 0.345960 0.053267 0.073232
22 0.556108 0.902146 0.069602 0.084596
13 0.362216 0.471591 0.034091 0.056818