3 0.275213 0.303662 0.066051 0.087121
17 0.157315 0.768939 0.068892 0.085859
9 0.758878 0.038510 0.031960 0.061869
27 0.952060 0.847854 0.033381 0.059343
6 0.520241 0.369318 0.081676 0.137626
21 0.355469 0.768939 0.034801 0.068182
5 0.285156 0.233586 0.026278 0.050505
2 0.701705 0.194444 0.062500 0.085859
11 0.389560 0.311237 0.031960 0.061869
14 0.055753 0.627525 0.029119 0.047980
20 0.611151 0.559975 0.033381 0.059343
4 0.043324 0.846591 0.035511 0.056818
7 0.117543 0.649621 0.033381 0.061869
13 0.803267 0.269571 0.032670 0.059343
16 0.817472 0.635101 0.032670 0.058081