26 0.522727 0.739268 0.068182 0.082071
24 0.416193 0.729167 0.035511 0.061869
20 0.723722 0.669192 0.032670 0.058081
0 0.472301 0.273990 0.032670 0.055556
15 0.352628 0.179293 0.068892 0.085859
6 0.690341 0.550505 0.049716 0.085859
7 0.847656 0.936237 0.031960 0.061869
3 0.633878 0.644571 0.066051 0.087121
17 0.635653 0.431187 0.035511 0.061869
21 0.640270 0.898990 0.070312 0.085859
5 0.453480 0.424874 0.033381 0.061869
27 0.405540 0.537879 0.068182 0.080808
19 0.707031 0.803030 0.034801 0.068182
1 0.329901 0.051136 0.034801 0.061869
8 0.149858 0.657828 0.032670 0.065657
23 0.224432 0.275253 0.032670 0.058081