18 0.814631 0.700758 0.038352 0.058081
0 0.084517 0.632576 0.032670 0.055556
6 0.318537 0.320076 0.081676 0.137626
4 0.342330 0.836490 0.035511 0.056818
11 0.574929 0.822601 0.031960 0.061869
21 0.665838 0.191919 0.034801 0.068182
20 0.729759 0.038510 0.033381 0.059343
26 0.611506 0.513258 0.035511 0.061869
1 0.739702 0.484217 0.034801 0.061869
29 0.225852 0.073232 0.068182 0.080808
17 0.086293 0.101010 0.068892 0.085859
5 0.503906 0.646465 0.026278 0.050505
8 0.899858 0.849747 0.049716 0.085859
15 0.850142 0.515152 0.024148 0.047980
13 0.419034 0.491793 0.032670 0.059343
12 0.157315 0.928662 0.039062 0.079545
28 0.656960 0.812500 0.068182 0.082071
14 0.086293 0.324495 0.029119 0.047980
7 0.710582 0.700126 0.033381 0.061869
23 0.731889 0.796717 0.070312 0.085859