3 0.555753 0.205177 0.066051 0.087121
22 0.068892 0.866162 0.034091 0.058081
27 0.718040 0.559343 0.068182 0.080808
14 0.826705 0.958333 0.032670 0.058081
17 0.477983 0.890783 0.035511 0.061869
8 0.074574 0.401515 0.032670 0.065657
19 0.900213 0.276515 0.034801 0.068182
15 0.638139 0.650253 0.068892 0.085859
24 0.506392 0.394571 0.035511 0.061869
9 0.834162 0.676136 0.031960 0.061869
11 0.503551 0.618056 0.032670 0.059343
26 0.051847 0.219066 0.068182 0.082071
5 0.422230 0.666035 0.033381 0.061869
21 0.650213 0.809343 0.070312 0.085859
12 0.626776 0.896465 0.029119 0.047980
10 0.028764 0.876894 0.039062 0.079545
18 0.159446 0.833965 0.033381 0.059343
6 0.509943 0.536616 0.049716 0.085859
7 0.841264 0.390783 0.031960 0.061869