14 0.558594 0.148990 0.029119 0.047980
8 0.198864 0.217172 0.049716 0.085859
22 0.827415 0.354798 0.032670 0.058081
17 0.630327 0.882576 0.068892 0.085859
26 0.363636 0.452652 0.035511 0.061869
9 0.079190 0.402146 0.031960 0.061869
0 0.906960 0.964646 0.032670 0.055556
28 0.767045 0.765783 0.068182 0.082071
20 0.755327 0.303662 0.033381 0.059343
10 0.893466 0.862374 0.032670 0.065657
13 0.920455 0.397096 0.032670 0.059343
3 0.210582 0.722854 0.066051 0.087121
1 0.459872 0.191288 0.034801 0.061869
2 0.500000 0.493687 0.062500 0.085859
16 0.088778 0.750000 0.032670 0.058081
27 0.660866 0.344066 0.033381 0.059343
18 0.784091 0.189394 0.038352 0.058081
12 0.408026 0.734217 0.039062 0.079545
5 0.594815 0.574495 0.026278 0.050505
21 0.841264 0.775253 0.034801 0.068182