21 0.160156 0.459596 0.034801 0.068182
4 0.825994 0.274621 0.035511 0.056818
27 0.239702 0.530934 0.033381 0.059343
20 0.738991 0.769571 0.033381 0.059343
8 0.747869 0.912879 0.049716 0.085859
0 0.324574 0.789141 0.032670 0.055556
6 0.685724 0.163510 0.081676 0.137626
18 0.119318 0.775253 0.038352 0.058081
7 0.797230 0.168561 0.033381 0.061869
28 0.255682 0.154672 0.068182 0.082071
19 0.288352 0.691288 0.035511 0.061869
15 0.680398 0.787879 0.024148 0.047980
17 0.763139 0.369949 0.068892 0.085859
26 0.623580 0.717803 0.035511 0.061869
10 0.752841 0.680556 0.032670 0.065657
14 0.917259 0.810606 0.029119 0.047980
23 0.941406 0.660354 0.070312 0.085859
22 0.458807 0.678030 0.032670 0.058081
5 0.525213 0.941919 0.026278 0.050505
13 0.200284 0.280934 0.032670 0.059343
16 0.862926 0.768939 0.032670 0.058081
1 0.380327 0.808712 0.034801 0.061869
2 0.669034 0.474747 0.062500 0.085859
25 0.138494 0.549242 0.032670 0.058081
29 0.450994 0.159091 0.068182 0.080808