6 0.960227 0.309343 0.049716 0.085859
12 0.060724 0.732323 0.029119 0.047980
21 0.520952 0.854798 0.070312 0.085859
27 0.583097 0.676768 0.068182 0.080808
18 0.167969 0.532197 0.033381 0.059343
13 0.319602 0.196970 0.024148 0.047980
24 0.338778 0.256944 0.035511 0.061869
9 0.880327 0.369318 0.031960 0.061869
10 0.523082 0.666035 0.039062 0.079545
5 0.060014 0.933712 0.033381 0.061869
2 0.263494 0.916667 0.062500 0.085859
4 0.250710 0.734217 0.035511 0.056818
23 0.874290 0.804293 0.032670 0.058081
1 0.594105 0.457702 0.034801 0.061869
22 0.894886 0.253788 0.034091 0.058081
14 0.477273 0.290404 0.032670 0.058081
16 0.732955 0.363636 0.038352 0.058081
0 0.323153 0.727273 0.032670 0.055556
11 0.620028 0.785985 0.032670 0.059343
25 0.371094 0.643308 0.033381 0.059343
3 0.832031 0.892045 0.066051 0.087121