18 0.394531 0.077652 0.033381 0.059343
25 0.238991 0.441288 0.033381 0.059343
11 0.079545 0.464015 0.032670 0.059343
1 0.582031 0.606692 0.034801 0.061869
14 0.309659 0.339646 0.032670 0.058081
21 0.517401 0.613636 0.070312 0.085859
4 0.821023 0.511995 0.035511 0.056818
9 0.903764 0.841540 0.031960 0.061869
19 0.145241 0.445707 0.034801 0.068182
10 0.676491 0.710227 0.039062 0.079545
2 0.242188 0.667929 0.062500 0.085859
7 0.652344 0.030934 0.031960 0.061869
26 0.873580 0.957702 0.068182 0.082071
17 0.191051 0.200126 0.035511 0.061869
6 0.773438 0.400253 0.049716 0.085859
27 0.133523 0.311869 0.068182 0.080808
24 0.765625 0.913510 0.035511 0.061869
15 0.649503 0.393939 0.068892 0.085859
8 0.828835 0.252525 0.032670 0.065657