8 0.919034 0.945707 0.049716 0.085859
27 0.941406 0.729167 0.033381 0.059343
28 0.266335 0.583965 0.068182 0.082071
14 0.541548 0.391414 0.029119 0.047980
15 0.578835 0.463384 0.024148 0.047980
4 0.418324 0.942551 0.035511 0.056818
11 0.810724 0.107955 0.031960 0.061869
29 0.808239 0.372475 0.068182 0.080808
1 0.874645 0.457702 0.034801 0.061869
3 0.800781 0.283460 0.066051 0.087121
7 0.477628 0.126894 0.033381 0.061869
9 0.548651 0.509470 0.031960 0.061869
10 0.194602 0.928030 0.032670 0.065657
24 0.224432 0.084596 0.034091 0.058081
17 0.663707 0.901515 0.068892 0.085859
0 0.488636 0.311869 0.032670 0.055556
12 0.756747 0.676136 0.039062 0.079545
23 0.229759 0.443182 0.070312 0.085859
6 0.601207 0.767045 0.081676 0.137626
5 0.373935 0.561869 0.026278 0.050505
25 0.948153 0.588384 0.032670 0.058081
26 0.055398 0.777146 0.035511 0.061869
18 0.924716 0.337121 0.038352 0.058081
21 0.155185 0.488636 0.034801 0.068182
22 0.538352 0.069444 0.032670 0.058081
2 0.891335 0.708333 0.062500 0.085859