5 0.091974 0.695707 0.026278 0.050505
8 0.220170 0.388889 0.049716 0.085859
0 0.298295 0.320707 0.032670 0.055556
14 0.020241 0.313131 0.029119 0.047980
23 0.290128 0.616162 0.070312 0.085859
25 0.210938 0.198232 0.032670 0.058081
2 0.153409 0.310606 0.062500 0.085859
6 0.795810 0.620581 0.081676 0.137626
19 0.220170 0.833965 0.035511 0.061869
9 0.115412 0.922348 0.031960 0.061869
7 0.974787 0.299874 0.033381 0.061869
18 0.519886 0.914141 0.038352 0.058081
26 0.482955 0.748106 0.035511 0.061869
12 0.662287 0.206439 0.039062 0.079545
1 0.462713 0.957702 0.034801 0.061869
22 0.244318 0.924242 0.032670 0.058081
13 0.049716 0.413510 0.032670 0.059343
29 0.651989 0.435606 0.068182 0.080808
16 0.365767 0.881313 0.032670 0.058081
24 0.430398 0.310606 0.034091 0.058081
17 0.097656 0.823232 0.068892 0.085859
28 0.487926 0.227904 0.068182 0.082071
21 0.211293 0.748737 0.034801 0.068182
4 0.949574 0.875631 0.035511 0.056818
15 0.425426 0.731061 0.024148 0.047980