16 0.720881 0.643939 0.032670 0.058081
3 0.806463 0.791035 0.066051 0.087121
13 0.058239 0.201389 0.032670 0.059343
14 0.389560 0.361111 0.029119 0.047980
4 0.589489 0.312500 0.035511 0.056818
7 0.437855 0.096591 0.033381 0.061869
23 0.783026 0.328283 0.070312 0.085859
9 0.180043 0.174874 0.031960 0.061869
10 0.147727 0.089646 0.032670 0.065657
15 0.887784 0.806818 0.024148 0.047980
17 0.880327 0.896465 0.068892 0.085859
25 0.661932 0.550505 0.032670 0.058081
26 0.483665 0.605429 0.035511 0.061869
29 0.823864 0.075758 0.068182 0.080808
6 0.142401 0.667298 0.081676 0.137626
24 0.246449 0.516414 0.034091 0.058081
11 0.631037 0.856692 0.031960 0.061869
19 0.443182 0.597854 0.035511 0.061869
2 0.233665 0.219697 0.062500 0.085859
5 0.551491 0.104798 0.026278 0.050505
27 0.854759 0.495581 0.033381 0.059343
1 0.259588 0.969066 0.034801 0.061869
12 0.647372 0.416035 0.039062 0.079545
20 0.055043 0.595328 0.033381 0.059343
22 0.583807 0.037879 0.032670 0.058081
0 0.527699 0.794192 0.032670 0.055556
21 0.548651 0.657828 0.034801 0.068182
28 0.947443 0.388258 0.068182 0.082071
18 0.036932 0.799242 0.038352 0.058081
8 0.397727 0.469697 0.049716 0.085859