27 0.556108 0.121843 0.063920 0.077020
28 0.220526 0.419823 0.054688 0.064394
13 0.820312 0.316288 0.024148 0.039141
7 0.465554 0.586490 0.053267 0.092172
28 0.517401 0.407828 0.068892 0.080808
11 0.975497 0.868056 0.044744 0.092172
12 0.932884 0.243687 0.033381 0.060606
2 0.149858 0.671086 0.066761 0.092172
13 0.905185 0.726010 0.027699 0.045455
1 0.197088 0.585227 0.036222 0.064394
6 0.289062 0.843434 0.305398 0.118687
13 0.741122 0.311869 0.026278 0.042929
10 0.660511 0.092803 0.026989 0.051768
0 0.213423 0.934975 0.031960 0.054293
18 0.868608 0.218434 0.041193 0.070707
1 0.360440 0.303662 0.036222 0.064394
21 0.624290 0.577020 0.028409 0.050505
7 0.599077 0.793561 0.056108 0.097222