28 0.200284 0.534722 0.068182 0.082071
5 0.741122 0.492424 0.026278 0.050505
12 0.131037 0.907197 0.039062 0.079545
6 0.302202 0.421086 0.081676 0.137626
21 0.055753 0.878788 0.034801 0.068182
24 0.448153 0.277778 0.034091 0.058081
3 0.471946 0.671086 0.066051 0.087121
2 0.075284 0.324495 0.062500 0.085859
20 0.090554 0.669823 0.033381 0.059343
8 0.877131 0.445707 0.049716 0.085859
23 0.512429 0.373737 0.070312 0.085859
19 0.748580 0.270833 0.035511 0.061869
15 0.589489 0.238636 0.024148 0.047980
1 0.339844 0.658460 0.034801 0.061869
10 0.822443 0.762626 0.032670 0.065657
29 0.136364 0.113636 0.068182 0.080808
4 0.338068 0.909722 0.035511 0.056818
16 0.534091 0.577020 0.032670 0.058081
9 0.142401 0.750631 0.031960 0.061869
27 0.128196 0.241793 0.033381 0.059343
25 0.935369 0.383838 0.032670 0.058081