1 0.676847 0.588384 0.034091 0.060606
23 0.285511 0.545455 0.038352 0.065657
13 0.632812 0.941288 0.029830 0.049242
24 0.211648 0.768939 0.028409 0.050505
17 0.966974 0.349116 0.036222 0.054293
4 0.270597 0.620581 0.035511 0.056818
9 0.317827 0.625000 0.027699 0.055556
7 0.723366 0.526515 0.044744 0.078283
13 0.138494 0.361742 0.034091 0.056818
24 0.354759 0.958965 0.034801 0.061869
0 0.248935 0.116793 0.036222 0.061869
17 0.115412 0.601010 0.044744 0.068182
12 0.814631 0.029672 0.026989 0.049242
12 0.826705 0.611742 0.028409 0.051768
25 0.125710 0.681187 0.034091 0.059343
21 0.470170 0.214646 0.038352 0.068182
8 0.866832 0.234217 0.033381 0.064394
2 0.452060 0.902146 0.057528 0.079545