26 0.555398 0.464015 0.068182 0.082071
9 0.494673 0.828914 0.031960 0.061869
24 0.153409 0.405934 0.035511 0.061869
11 0.218040 0.491793 0.032670 0.059343
2 0.857955 0.654040 0.062500 0.085859
10 0.613281 0.277146 0.039062 0.079545
17 0.430398 0.147096 0.035511 0.061869
27 0.371449 0.536616 0.068182 0.080808
8 0.958097 0.689394 0.032670 0.065657
4 0.328125 0.390783 0.035511 0.056818
16 0.314631 0.299242 0.038352 0.058081
1 0.804332 0.533460 0.034801 0.061869
6 0.905540 0.549242 0.049716 0.085859
3 0.382457 0.875631 0.066051 0.087121
14 0.598722 0.145202 0.032670 0.058081
13 0.640625 0.369949 0.024148 0.047980
23 0.285511 0.827020 0.032670 0.058081
21 0.814986 0.126263 0.070312 0.085859
0 0.805398 0.643939 0.032670 0.055556
7 0.113991 0.128157 0.031960 0.061869
18 0.651634 0.822601 0.033381 0.059343
12 0.026634 0.587121 0.029119 0.047980
20 0.745739 0.242424 0.032670 0.058081
22 0.184659 0.064394 0.034091 0.058081