4 0.843040 0.429924 0.035511 0.056818
12 0.777344 0.907828 0.029119 0.047980
26 0.480824 0.416035 0.068182 0.082071
0 0.320312 0.248737 0.032670 0.055556
9 0.621804 0.467803 0.031960 0.061869
20 0.418324 0.068182 0.032670 0.058081
10 0.198509 0.902146 0.039062 0.079545
19 0.339844 0.455808 0.034801 0.068182
14 0.903409 0.848485 0.032670 0.058081
17 0.185369 0.318813 0.035511 0.061869
24 0.154830 0.922348 0.035511 0.061869
23 0.580966 0.930556 0.032670 0.058081
18 0.898082 0.260732 0.033381 0.059343
3 0.739702 0.628157 0.066051 0.087121
27 0.856534 0.598485 0.068182 0.080808
11 0.023438 0.903409 0.032670 0.059343
13 0.198864 0.561869 0.024148 0.047980
21 0.123224 0.766414 0.070312 0.085859
5 0.819957 0.214015 0.033381 0.061869
6 0.117188 0.101010 0.049716 0.085859
1 0.699219 0.197601 0.034801 0.061869
8 0.349432 0.747475 0.032670 0.065657
2 0.675426 0.872475 0.062500 0.085859
25 0.543679 0.715278 0.033381 0.059343
15 0.564986 0.194444 0.068892 0.085859
22 0.416903 0.362374 0.034091 0.058081
16 0.875000 0.523990 0.038352 0.058081
7 0.154474 0.227904 0.031960 0.061869