8 0.263494 0.459596 0.032670 0.065657
17 0.435369 0.226641 0.035511 0.061869
21 0.621094 0.342172 0.070312 0.085859
5 0.944957 0.511995 0.033381 0.061869
14 0.203125 0.127525 0.032670 0.058081
4 0.568892 0.803662 0.035511 0.056818
3 0.721236 0.780934 0.066051 0.087121
27 0.334517 0.390152 0.068182 0.080808
23 0.912642 0.753788 0.032670 0.058081
16 0.129261 0.242424 0.038352 0.058081
22 0.092330 0.741162 0.034091 0.058081
7 0.263139 0.342803 0.031960 0.061869
9 0.120384 0.899621 0.031960 0.061869
2 0.833097 0.184343 0.062500 0.085859
15 0.743963 0.594697 0.068892 0.085859
19 0.658736 0.811869 0.034801 0.068182
0 0.139915 0.959596 0.032670 0.055556
13 0.139915 0.175505 0.024148 0.047980
26 0.455966 0.360480 0.068182 0.082071
12 0.538707 0.265152 0.029119 0.047980
11 0.803267 0.427399 0.032670 0.059343
20 0.446023 0.071970 0.032670 0.058081
24 0.692472 0.052399 0.035511 0.061869
1 0.964844 0.392045 0.034801 0.061869
10 0.063565 0.312500 0.039062 0.079545