23 0.775213 0.583333 0.070312 0.085859
3 0.504616 0.466540 0.066051 0.087121
14 0.198509 0.914141 0.029119 0.047980
17 0.591264 0.598485 0.068892 0.085859
29 0.218040 0.529040 0.068182 0.080808
27 0.946378 0.816288 0.033381 0.059343
13 0.823864 0.442551 0.032670 0.059343
11 0.358310 0.327652 0.031960 0.061869
7 0.272372 0.407197 0.033381 0.061869
20 0.753196 0.326389 0.033381 0.059343
4 0.491477 0.249369 0.035511 0.056818
16 0.643466 0.931818 0.032670 0.058081
8 0.064631 0.089646 0.049716 0.085859
18 0.483665 0.708333 0.038352 0.058081
28 0.414062 0.206439 0.068182 0.082071
1 0.900213 0.697601 0.034801 0.061869