20 0.865412 0.684975 0.037642 0.074495
25 0.792969 0.109848 0.029119 0.050505
2 0.645241 0.731692 0.073153 0.099747
23 0.341264 0.803030 0.040483 0.068182
2 0.095881 0.323864 0.051136 0.069444
9 0.368963 0.889520 0.026278 0.051768
3 0.067827 0.481061 0.078835 0.103535
16 0.443182 0.788510 0.082386 0.102273
26 0.866477 0.310606 0.028409 0.050505
20 0.225852 0.788510 0.035511 0.069444
25 0.047230 0.814394 0.041903 0.073232
19 0.675781 0.436237 0.027699 0.049242
8 0.518821 0.247475 0.027699 0.053030
23 0.818892 0.569444 0.032670 0.055556
11 0.426136 0.497475 0.039773 0.080808
5 0.830611 0.225379 0.037642 0.069444
2 0.863281 0.433712 0.070312 0.097222
18 0.315696 0.058081 0.033381 0.058081
8 0.801136 0.649621 0.028409 0.054293
9 0.906250 0.895833 0.029830 0.059343