9 0.912997 0.033460 0.031960 0.061869
13 0.841619 0.723485 0.024148 0.047980
25 0.948509 0.410985 0.033381 0.059343
3 0.476207 0.128157 0.066051 0.087121
18 0.402344 0.693813 0.033381 0.059343
20 0.122159 0.760101 0.032670 0.058081
16 0.653409 0.108586 0.038352 0.058081
15 0.622514 0.285354 0.068892 0.085859
1 0.743963 0.727904 0.034801 0.061869
27 0.274148 0.207071 0.068182 0.080808
8 0.035511 0.875000 0.032670 0.065657
4 0.634943 0.748106 0.035511 0.056818
11 0.946023 0.620581 0.032670 0.059343
10 0.954190 0.157197 0.039062 0.079545
24 0.160511 0.169823 0.035511 0.061869
6 0.877131 0.111111 0.049716 0.085859
0 0.063920 0.731061 0.032670 0.055556
5 0.089844 0.451389 0.033381 0.061869
26 0.764205 0.152146 0.068182 0.082071
17 0.722301 0.903409 0.035511 0.061869