18 0.042259 0.142045 0.033381 0.059343
12 0.422230 0.222222 0.029119 0.047980
6 0.703125 0.862374 0.049716 0.085859
7 0.462003 0.378157 0.031960 0.061869
11 0.536222 0.577652 0.032670 0.059343
9 0.378906 0.066288 0.031960 0.061869
13 0.519176 0.819444 0.024148 0.047980
14 0.721591 0.195707 0.032670 0.058081
25 0.073509 0.616793 0.033381 0.059343
10 0.430753 0.477904 0.039062 0.079545
1 0.790838 0.803662 0.034801 0.061869
23 0.130682 0.705808 0.032670 0.058081
20 0.531960 0.056818 0.032670 0.058081
2 0.803267 0.398990 0.062500 0.085859
16 0.735795 0.097222 0.038352 0.058081
15 0.820668 0.708333 0.068892 0.085859
17 0.539773 0.160985 0.035511 0.061869
26 0.253551 0.801136 0.068182 0.082071
0 0.369318 0.633838 0.032670 0.055556
5 0.273082 0.261995 0.033381 0.061869
8 0.482244 0.568182 0.032670 0.065657
21 0.131747 0.598485 0.070312 0.085859
3 0.472656 0.816288 0.066051 0.087121