0 0.703125 0.247475 0.032670 0.055556
17 0.268466 0.474116 0.035511 0.061869
13 0.404119 0.844697 0.024148 0.047980
18 0.973366 0.816288 0.033381 0.059343
25 0.231889 0.541035 0.033381 0.059343
23 0.520597 0.268939 0.032670 0.058081
8 0.847301 0.472222 0.032670 0.065657
14 0.605824 0.642677 0.032670 0.058081
20 0.508523 0.068182 0.032670 0.058081
24 0.671875 0.155934 0.035511 0.061869
22 0.041903 0.604798 0.034091 0.058081
21 0.067116 0.852273 0.070312 0.085859
2 0.590909 0.253788 0.062500 0.085859
1 0.131037 0.921086 0.034801 0.061869
5 0.962003 0.511995 0.033381 0.061869
16 0.091619 0.936869 0.038352 0.058081
10 0.539418 0.188763 0.039062 0.079545
26 0.394886 0.130682 0.068182 0.082071
4 0.225142 0.731692 0.035511 0.056818
7 0.188565 0.235480 0.031960 0.061869
12 0.470526 0.651515 0.029119 0.047980
3 0.929332 0.399621 0.066051 0.087121
15 0.619673 0.414141 0.068892 0.085859
9 0.026634 0.384470 0.031960 0.061869
11 0.160511 0.379419 0.032670 0.059343
27 0.328835 0.645202 0.068182 0.080808
6 0.973722 0.938131 0.049716 0.085859
19 0.724787 0.522727 0.034801 0.068182