26 0.475142 0.523359 0.068182 0.082071
16 0.154119 0.856061 0.038352 0.058081
27 0.406960 0.094697 0.068182 0.080808
17 0.950994 0.136995 0.035511 0.061869
12 0.341264 0.941919 0.029119 0.047980
13 0.340909 0.104798 0.024148 0.047980
1 0.184304 0.162247 0.034801 0.061869
6 0.457386 0.630051 0.049716 0.085859
9 0.766690 0.417298 0.031960 0.061869
8 0.894176 0.930556 0.032670 0.065657
24 0.638494 0.961490 0.035511 0.061869
3 0.693537 0.477904 0.066051 0.087121
22 0.862216 0.085859 0.034091 0.058081
19 0.409446 0.683081 0.034801 0.068182
20 0.259233 0.359848 0.032670 0.058081
18 0.621804 0.035985 0.033381 0.059343
10 0.642401 0.216540 0.039062 0.079545
5 0.932884 0.503157 0.033381 0.061869
0 0.188210 0.074495 0.032670 0.055556
14 0.379972 0.906566 0.032670 0.058081
15 0.216974 0.577020 0.068892 0.085859
4 0.919034 0.738005 0.035511 0.056818
21 0.827060 0.193182 0.070312 0.085859