2 0.468040 0.373737 0.062500 0.085859
19 0.553977 0.734217 0.035511 0.061869
17 0.128196 0.756313 0.068892 0.085859
27 0.906605 0.456439 0.033381 0.059343
7 0.273793 0.711490 0.033381 0.061869
4 0.594460 0.186237 0.035511 0.056818
26 0.727273 0.476641 0.035511 0.061869
5 0.247514 0.382576 0.026278 0.050505
23 0.772372 0.194444 0.070312 0.085859
3 0.342685 0.815025 0.066051 0.087121
21 0.687855 0.820707 0.034801 0.068182
20 0.562145 0.932449 0.033381 0.059343
9 0.862571 0.344066 0.031960 0.061869
6 0.682884 0.160985 0.081676 0.137626
1 0.824219 0.967803 0.034801 0.061869