21 0.943537 0.049242 0.034801 0.068182
24 0.470170 0.429293 0.034091 0.058081
22 0.102983 0.094697 0.032670 0.058081
3 0.481179 0.619318 0.066051 0.087121
19 0.654830 0.393308 0.035511 0.061869
7 0.238991 0.616793 0.033381 0.061869
29 0.583807 0.335859 0.068182 0.080808
28 0.141335 0.527146 0.068182 0.082071
8 0.733665 0.256313 0.049716 0.085859
20 0.753196 0.741793 0.033381 0.059343
18 0.387074 0.135101 0.038352 0.058081
11 0.349787 0.700126 0.031960 0.061869
5 0.190696 0.702020 0.026278 0.050505
0 0.455256 0.246212 0.032670 0.055556
14 0.626065 0.558081 0.029119 0.047980
2 0.317472 0.825758 0.062500 0.085859
27 0.146662 0.142045 0.033381 0.059343
1 0.444957 0.958965 0.034801 0.061869