21 0.658736 0.604798 0.034801 0.068182
19 0.362216 0.596591 0.035511 0.061869
13 0.498580 0.210227 0.032670 0.059343
22 0.850852 0.116162 0.032670 0.058081
7 0.900213 0.722854 0.033381 0.061869
16 0.513494 0.952020 0.032670 0.058081
10 0.517756 0.821970 0.032670 0.065657
0 0.303977 0.231061 0.032670 0.055556
27 0.889560 0.452652 0.033381 0.059343
17 0.142401 0.488636 0.068892 0.085859
28 0.205966 0.730429 0.068182 0.082071
12 0.247514 0.080177 0.039062 0.079545
2 0.307528 0.598485 0.062500 0.085859
25 0.582386 0.402778 0.032670 0.058081
26 0.637784 0.791035 0.035511 0.061869
18 0.493608 0.652778 0.038352 0.058081
29 0.686080 0.517677 0.068182 0.080808
23 0.120384 0.244949 0.070312 0.085859
3 0.843395 0.196338 0.066051 0.087121
9 0.852628 0.500631 0.031960 0.061869
5 0.540838 0.762626 0.026278 0.050505