2 0.525568 0.766414 0.062500 0.085859
26 0.319602 0.451389 0.068182 0.082071
8 0.735795 0.857323 0.032670 0.065657
15 0.060724 0.949495 0.068892 0.085859
18 0.702060 0.950126 0.033381 0.059343
11 0.296165 0.778409 0.032670 0.059343
19 0.205611 0.358586 0.034801 0.068182
24 0.898438 0.094066 0.035511 0.061869
21 0.719105 0.323232 0.070312 0.085859
9 0.900213 0.359217 0.031960 0.061869
1 0.076349 0.543561 0.034801 0.061869
6 0.225852 0.638889 0.049716 0.085859
5 0.947798 0.409722 0.033381 0.061869
0 0.774858 0.842172 0.032670 0.055556
16 0.263494 0.354798 0.038352 0.058081
7 0.437145 0.552399 0.031960 0.061869
17 0.654119 0.962753 0.035511 0.061869
3 0.554332 0.527146 0.066051 0.087121
25 0.595526 0.042298 0.033381 0.059343
14 0.290483 0.693182 0.032670 0.058081
27 0.284801 0.209596 0.068182 0.080808
4 0.354403 0.113005 0.035511 0.056818
10 0.138849 0.605429 0.039062 0.079545
22 0.661222 0.421717 0.034091 0.058081
13 0.546165 0.679293 0.024148 0.047980