15 0.856534 0.065657 0.031250 0.055556
21 0.930753 0.447601 0.036222 0.064394
8 0.776989 0.039141 0.031250 0.055556
8 0.558949 0.803030 0.034091 0.060606
10 0.176136 0.501263 0.036932 0.065657
21 0.283736 0.226641 0.034801 0.061869
1 0.481179 0.176136 0.031960 0.056818
10 0.405185 0.943813 0.033381 0.059343
27 0.049361 0.956439 0.040483 0.071970
9 0.118608 0.400253 0.029830 0.053030
20 0.145241 0.639520 0.037642 0.066919
17 0.487571 0.629419 0.027699 0.049242
17 0.035156 0.669823 0.030540 0.054293