12 0.338423 0.956439 0.039062 0.079545
13 0.556818 0.917298 0.032670 0.059343
20 0.660866 0.217803 0.033381 0.059343
27 0.658026 0.285985 0.033381 0.059343
24 0.097301 0.631313 0.034091 0.058081
6 0.837713 0.179924 0.081676 0.137626
19 0.507102 0.616793 0.035511 0.061869
28 0.925426 0.385732 0.068182 0.082071
25 0.056818 0.878788 0.032670 0.058081
17 0.543679 0.049242 0.068892 0.085859
14 0.287997 0.090909 0.029119 0.047980
18 0.296875 0.260101 0.038352 0.058081
10 0.357244 0.285354 0.032670 0.065657
2 0.727983 0.310606 0.062500 0.085859
5 0.291548 0.483586 0.026278 0.050505
1 0.203480 0.759470 0.034801 0.061869
16 0.620739 0.566919 0.032670 0.058081
26 0.585938 0.335227 0.035511 0.061869
29 0.648438 0.496212 0.068182 0.080808
9 0.150923 0.755682 0.031960 0.061869
4 0.453125 0.359217 0.035511 0.056818
0 0.340909 0.361111 0.032670 0.055556