27 0.386719 0.746212 0.073153 0.088384
2 0.438210 0.165404 0.061080 0.083333
21 0.486861 0.482955 0.031960 0.056818
3 0.620028 0.511364 0.065341 0.085859
11 0.332031 0.346591 0.040483 0.082071
15 0.855114 0.171717 0.026989 0.047980
20 0.297230 0.234848 0.031960 0.063131
11 0.590554 0.927399 0.046165 0.094697
26 0.227628 0.283460 0.033381 0.059343
6 0.175781 0.808081 0.287642 0.111111
8 0.134588 0.157828 0.033381 0.065657
10 0.429688 0.303030 0.029830 0.058081
27 0.657670 0.822601 0.078125 0.094697
4 0.655540 0.401515 0.036932 0.058081
8 0.795099 0.630682 0.031960 0.061869
11 0.527344 0.767677 0.044744 0.090909
14 0.392045 0.530303 0.019886 0.040404
3 0.087003 0.693182 0.053267 0.070707