20 0.412997 0.167298 0.033381 0.059343
6 0.635298 0.705177 0.081676 0.137626
29 0.188210 0.684343 0.068182 0.080808
2 0.814631 0.239899 0.062500 0.085859
27 0.876776 0.445076 0.033381 0.059343
13 0.646307 0.296086 0.032670 0.059343
24 0.901278 0.800505 0.034091 0.058081
12 0.922230 0.285985 0.039062 0.079545
23 0.961293 0.737374 0.070312 0.085859
21 0.812145 0.676768 0.034801 0.068182
7 0.476207 0.163510 0.033381 0.061869
25 0.231534 0.196970 0.032670 0.058081
14 0.755327 0.933081 0.029119 0.047980
15 0.352273 0.316919 0.024148 0.047980
17 0.066406 0.625000 0.068892 0.085859
16 0.092330 0.840909 0.032670 0.058081
8 0.957386 0.595960 0.049716 0.085859
9 0.297940 0.609217 0.031960 0.061869