17 0.956321 0.957702 0.033381 0.059343
13 0.625000 0.180556 0.029830 0.053030
23 0.422940 0.192551 0.027699 0.049242
28 0.530185 0.756944 0.036222 0.064394
21 0.326705 0.839646 0.028409 0.050505
2 0.359730 0.095328 0.039062 0.069444
28 0.264915 0.541667 0.038352 0.068182
19 0.407315 0.780934 0.040483 0.071970
24 0.957031 0.846591 0.031960 0.056818
10 0.411577 0.924874 0.034801 0.061869
5 0.757102 0.266414 0.034091 0.060606
16 0.309659 0.122475 0.034091 0.060606
21 0.549716 0.260101 0.034091 0.060606