1 0.949219 0.365530 0.034801 0.061869
2 0.887784 0.419192 0.062500 0.085859
22 0.431818 0.594697 0.034091 0.058081
9 0.317827 0.390783 0.031960 0.061869
23 0.382812 0.746212 0.032670 0.058081
15 0.515270 0.046717 0.068892 0.085859
13 0.524148 0.359848 0.024148 0.047980
20 0.767045 0.782828 0.032670 0.058081
27 0.260653 0.883838 0.068182 0.080808
16 0.472301 0.308081 0.038352 0.058081
17 0.175426 0.073864 0.035511 0.061869
6 0.328835 0.113636 0.049716 0.085859
3 0.919389 0.275884 0.066051 0.087121
7 0.779474 0.924874 0.031960 0.061869
8 0.893466 0.573232 0.032670 0.065657
12 0.654474 0.713384 0.029119 0.047980
10 0.720526 0.326389 0.039062 0.079545
14 0.450284 0.869949 0.032670 0.058081
0 0.225852 0.279040 0.032670 0.055556
26 0.211648 0.432449 0.068182 0.082071
24 0.579545 0.038510 0.035511 0.061869
21 0.412997 0.338384 0.070312 0.085859
11 0.903409 0.849116 0.032670 0.059343