27 0.050426 0.573864 0.062500 0.074495
11 0.622869 0.590278 0.036932 0.074495
15 0.482244 0.352273 0.035511 0.063131
0 0.590199 0.752525 0.034091 0.058081
21 0.318537 0.821338 0.031960 0.056818
17 0.847656 0.854798 0.041903 0.063131
25 0.898438 0.859217 0.031250 0.054293
12 0.658736 0.902778 0.027699 0.050505
2 0.705256 0.860480 0.053977 0.074495
26 0.115412 0.234217 0.030540 0.054293
20 0.176491 0.496212 0.033381 0.065657
16 0.462358 0.472222 0.056818 0.070707
25 0.922940 0.452020 0.037642 0.065657
11 0.198153 0.897096 0.038352 0.077020
17 0.542259 0.532828 0.031960 0.047980
5 0.256747 0.890783 0.029119 0.054293
14 0.368253 0.213384 0.024858 0.050505
6 0.813565 0.078914 0.355824 0.137626
8 0.796165 0.428030 0.028409 0.055556
3 0.399148 0.585227 0.075284 0.099747
17 0.073153 0.069444 0.035511 0.053030
5 0.762784 0.921717 0.036932 0.068182
7 0.458097 0.069444 0.052557 0.090909