5 0.393821 0.831439 0.039062 0.071970
2 0.041548 0.407197 0.067472 0.092172
19 0.223722 0.045455 0.029830 0.053030
23 0.845170 0.261995 0.038352 0.064394
13 0.752841 0.390783 0.026989 0.044192
27 0.477983 0.228535 0.069602 0.083333
20 0.604048 0.771465 0.034801 0.068182
8 0.437500 0.758207 0.034091 0.066919
1 0.906960 0.608586 0.038352 0.068182
13 0.333452 0.834596 0.033381 0.055556
13 0.055398 0.926768 0.024148 0.040404
16 0.355114 0.189394 0.080966 0.101010
18 0.837003 0.406566 0.040483 0.070707
27 0.699574 0.447601 0.066761 0.079545
11 0.791193 0.851010 0.041193 0.083333
17 0.903054 0.487374 0.039062 0.058081
19 0.344815 0.590278 0.036222 0.064394
23 0.166193 0.919192 0.039773 0.068182
28 0.352983 0.496212 0.066761 0.078283
8 0.141335 0.829545 0.034091 0.065657
19 0.709162 0.597854 0.029119 0.051768