3 0.458807 0.301768 0.072443 0.095960
15 0.824929 0.285985 0.029119 0.051768
5 0.510298 0.727904 0.036222 0.066919
28 0.680398 0.929293 0.059659 0.070707
2 0.945668 0.554924 0.056108 0.077020
0 0.814276 0.224747 0.034801 0.058081
4 0.047940 0.227273 0.030540 0.047980
26 0.654119 0.284091 0.035511 0.063131
19 0.877131 0.902778 0.038352 0.068182
9 0.351918 0.570707 0.037642 0.075758
0 0.367898 0.339015 0.038352 0.064394
3 0.274503 0.561869 0.073153 0.095960
25 0.227273 0.356692 0.032670 0.056818
17 0.409801 0.398359 0.035511 0.054293
1 0.875710 0.151515 0.031250 0.055556
2 0.616122 0.390152 0.063210 0.085859
19 0.061080 0.566919 0.028409 0.050505
2 0.721236 0.451389 0.056108 0.077020