2 0.948864 0.355429 0.051136 0.069444
22 0.498580 0.618687 0.076705 0.093434
27 0.720170 0.895202 0.061080 0.073232
20 0.604403 0.301768 0.035511 0.070707
0 0.145597 0.719697 0.036932 0.063131
23 0.660866 0.750631 0.039062 0.066919
16 0.333452 0.551768 0.077415 0.095960
23 0.569247 0.753157 0.037642 0.064394
1 0.744673 0.739268 0.027699 0.049242
12 0.571378 0.040404 0.029119 0.053030
14 0.443892 0.241793 0.026989 0.054293
24 0.120739 0.839646 0.038352 0.068182
5 0.627486 0.478535 0.027699 0.050505
9 0.144531 0.647727 0.026278 0.053030
26 0.096236 0.947601 0.027699 0.049242
22 0.520597 0.289141 0.068182 0.083333
4 0.748224 0.311237 0.029119 0.046717
4 0.705611 0.624369 0.036222 0.056818