27 0.611151 0.471591 0.033381 0.059343
19 0.362216 0.490530 0.035511 0.061869
18 0.308239 0.368687 0.038352 0.058081
14 0.542259 0.511364 0.029119 0.047980
5 0.582741 0.832071 0.026278 0.050505
24 0.266335 0.473485 0.034091 0.058081
13 0.733665 0.833965 0.032670 0.059343
17 0.066406 0.861111 0.068892 0.085859
11 0.952770 0.865530 0.031960 0.061869
25 0.571733 0.179293 0.032670 0.058081
23 0.721236 0.666667 0.070312 0.085859
29 0.674006 0.526515 0.068182 0.080808
10 0.252841 0.561869 0.032670 0.065657
1 0.238991 0.749369 0.034801 0.061869
26 0.826705 0.096591 0.035511 0.061869
0 0.202415 0.930556 0.032670 0.055556
28 0.438210 0.642045 0.068182 0.082071
4 0.092330 0.658460 0.035511 0.056818
2 0.621449 0.097222 0.062500 0.085859
6 0.523082 0.380682 0.081676 0.137626
3 0.158026 0.275884 0.066051 0.087121