13 0.431108 0.104798 0.024148 0.047980
7 0.393111 0.456439 0.031960 0.061869
20 0.189631 0.583333 0.032670 0.058081
2 0.495028 0.756313 0.062500 0.085859
14 0.302557 0.556818 0.032670 0.058081
15 0.280185 0.797980 0.068892 0.085859
25 0.414418 0.899621 0.033381 0.059343
18 0.804332 0.332702 0.033381 0.059343
16 0.974432 0.891414 0.038352 0.058081
22 0.341619 0.073232 0.034091 0.058081
9 0.160866 0.813763 0.031960 0.061869
6 0.893466 0.150253 0.049716 0.085859
0 0.360085 0.726010 0.032670 0.055556
8 0.299006 0.685606 0.032670 0.065657
17 0.085227 0.504419 0.035511 0.061869
21 0.039418 0.602273 0.070312 0.085859
1 0.325639 0.464015 0.034801 0.061869
23 0.406960 0.820707 0.032670 0.058081
11 0.491477 0.525884 0.032670 0.059343