19 0.336293 0.473485 0.034801 0.068182
22 0.244318 0.145202 0.034091 0.058081
23 0.948153 0.174242 0.032670 0.058081
24 0.235085 0.658460 0.035511 0.061869
14 0.238636 0.434343 0.032670 0.058081
5 0.835582 0.081439 0.033381 0.061869
25 0.981889 0.249369 0.033381 0.059343
17 0.232955 0.927399 0.035511 0.061869
20 0.965199 0.970960 0.032670 0.058081
18 0.443537 0.783460 0.033381 0.059343
1 0.506037 0.676136 0.034801 0.061869
26 0.468750 0.437500 0.068182 0.082071
12 0.195668 0.664141 0.029119 0.047980
27 0.107244 0.753788 0.068182 0.080808
2 0.610795 0.178030 0.062500 0.085859
13 0.327415 0.976010 0.024148 0.047980
10 0.844105 0.828914 0.039062 0.079545
0 0.562500 0.714646 0.032670 0.055556
7 0.707031 0.208965 0.031960 0.061869
3 0.533026 0.191288 0.066051 0.087121
21 0.346946 0.823232 0.070312 0.085859
16 0.243608 0.354798 0.038352 0.058081
11 0.380682 0.666035 0.032670 0.059343
9 0.729759 0.679924 0.031960 0.061869
4 0.809659 0.378157 0.035511 0.056818