29 0.960938 0.431818 0.068182 0.080808
3 0.068537 0.777146 0.066051 0.087121
27 0.344105 0.201389 0.033381 0.059343
25 0.600142 0.454545 0.032670 0.058081
19 0.939631 0.522096 0.035511 0.061869
17 0.656605 0.135101 0.068892 0.085859
26 0.098011 0.868056 0.035511 0.061869
1 0.367543 0.710227 0.034801 0.061869
16 0.228693 0.770202 0.032670 0.058081
12 0.957031 0.182449 0.039062 0.079545
21 0.562855 0.282828 0.034801 0.068182
6 0.841264 0.163510 0.081676 0.137626
0 0.222301 0.532828 0.032670 0.055556
18 0.654830 0.422980 0.038352 0.058081
14 0.082031 0.032828 0.029119 0.047980
4 0.203835 0.609217 0.035511 0.056818
22 0.350852 0.916667 0.032670 0.058081
13 0.127131 0.527146 0.032670 0.059343
5 0.879616 0.316919 0.026278 0.050505
7 0.537287 0.682449 0.033381 0.061869
2 0.668324 0.823232 0.062500 0.085859
24 0.253551 0.127525 0.034091 0.058081
28 0.201705 0.412247 0.068182 0.082071
8 0.342330 0.601010 0.049716 0.085859
11 0.369673 0.111742 0.031960 0.061869
10 0.355824 0.040404 0.032670 0.065657
9 0.595526 0.030934 0.031960 0.061869
20 0.612571 0.565025 0.033381 0.059343