4 0.370739 0.323864 0.035511 0.056818
0 0.149858 0.179293 0.032670 0.055556
8 0.520597 0.306818 0.049716 0.085859
20 0.912287 0.905934 0.033381 0.059343
16 0.605114 0.257576 0.032670 0.058081
19 0.353693 0.614268 0.035511 0.061869
13 0.683239 0.874369 0.032670 0.059343
27 0.883878 0.034722 0.033381 0.059343
24 0.762784 0.441919 0.034091 0.058081
3 0.856889 0.599116 0.066051 0.087121
18 0.257812 0.782828 0.038352 0.058081
1 0.195668 0.183712 0.034801 0.061869
9 0.795810 0.095328 0.031960 0.061869
7 0.451349 0.533460 0.033381 0.061869
15 0.468040 0.972222 0.024148 0.047980