7 0.821023 0.147727 0.049716 0.085859
6 0.793324 0.906566 0.389205 0.151515
22 0.600852 0.589646 0.059659 0.073232
11 0.410156 0.765783 0.037642 0.077020
25 0.235440 0.799242 0.039062 0.068182
13 0.015625 0.585227 0.026989 0.044192
18 0.209162 0.199495 0.033381 0.058081
12 0.204901 0.483586 0.029119 0.053030
14 0.574929 0.796086 0.023438 0.046717
3 0.865057 0.557449 0.063920 0.084596
19 0.127131 0.943182 0.031250 0.055556
21 0.437855 0.369318 0.036222 0.064394
20 0.724787 0.103535 0.033381 0.065657
4 0.622159 0.159091 0.041193 0.065657
11 0.359375 0.717172 0.038352 0.078283
20 0.139915 0.560606 0.041193 0.080808
26 0.644531 0.457702 0.030540 0.054293