18 0.485085 0.835227 0.029830 0.051768
18 0.586648 0.414773 0.031250 0.054293
27 0.679688 0.208333 0.061080 0.073232
9 0.774148 0.862374 0.031250 0.063131
21 0.161222 0.417929 0.031250 0.055556
14 0.057528 0.255682 0.025568 0.051768
21 0.698153 0.702020 0.032670 0.058081
8 0.251420 0.746212 0.029830 0.058081
23 0.878906 0.469066 0.030540 0.051768
25 0.044744 0.880682 0.039773 0.069444
11 0.507102 0.690025 0.044034 0.089646
27 0.162642 0.190657 0.056818 0.068182
13 0.553267 0.775253 0.025568 0.042929
12 0.085938 0.780934 0.029830 0.054293
18 0.609730 0.031566 0.029119 0.050505
15 0.837713 0.761995 0.031960 0.056818
20 0.299006 0.825126 0.038352 0.074495
11 0.757102 0.349116 0.041193 0.084596