23 0.352983 0.123737 0.032670 0.058081
5 0.743963 0.354167 0.033381 0.061869
15 0.570668 0.142677 0.068892 0.085859
9 0.951349 0.748106 0.031960 0.061869
17 0.370028 0.525884 0.035511 0.061869
10 0.370384 0.740530 0.039062 0.079545
4 0.028409 0.845328 0.035511 0.056818
8 0.926136 0.157828 0.032670 0.065657
1 0.903054 0.053662 0.034801 0.061869
18 0.874645 0.541035 0.033381 0.059343
21 0.705611 0.840909 0.070312 0.085859
22 0.848011 0.941919 0.034091 0.058081
16 0.312500 0.473485 0.038352 0.058081
11 0.910511 0.272096 0.032670 0.059343
7 0.390980 0.270833 0.031960 0.061869
2 0.662642 0.137626 0.062500 0.085859
26 0.425426 0.099116 0.068182 0.082071
0 0.920455 0.643939 0.032670 0.055556
25 0.547940 0.438763 0.033381 0.059343
12 0.750355 0.042929 0.029119 0.047980
6 0.055398 0.593434 0.049716 0.085859
19 0.683594 0.487374 0.034801 0.068182
13 0.024148 0.434343 0.024148 0.047980
27 0.161932 0.323232 0.068182 0.080808
14 0.560369 0.612374 0.032670 0.058081
20 0.258523 0.785354 0.032670 0.058081
24 0.166903 0.716540 0.035511 0.061869
3 0.638139 0.323864 0.066051 0.087121