10 0.076349 0.650884 0.039062 0.079545
11 0.926847 0.849116 0.032670 0.059343
1 0.167259 0.902146 0.034801 0.061869
7 0.255327 0.440025 0.031960 0.061869
27 0.170455 0.181818 0.068182 0.080808
26 0.843750 0.791035 0.068182 0.082071
22 0.248580 0.309343 0.034091 0.058081
17 0.882102 0.519571 0.035511 0.061869
0 0.968750 0.190657 0.032670 0.055556
13 0.662642 0.928030 0.024148 0.047980
3 0.471236 0.551136 0.066051 0.087121
25 0.381747 0.886995 0.033381 0.059343
4 0.793324 0.955177 0.035511 0.056818
21 0.666548 0.369949 0.070312 0.085859
20 0.889915 0.231061 0.032670 0.058081
2 0.399148 0.233586 0.062500 0.085859
6 0.481534 0.689394 0.049716 0.085859
24 0.348011 0.210227 0.035511 0.061869
12 0.880327 0.313131 0.029119 0.047980
18 0.116122 0.837753 0.033381 0.059343
19 0.148793 0.680556 0.034801 0.068182
23 0.531960 0.550505 0.032670 0.058081
15 0.422230 0.348485 0.068892 0.085859
9 0.017401 0.267045 0.031960 0.061869
5 0.250355 0.753157 0.033381 0.061869
16 0.094460 0.055556 0.038352 0.058081