14 0.613991 0.623737 0.029119 0.047980
10 0.556108 0.540404 0.032670 0.065657
0 0.622159 0.790404 0.032670 0.055556
20 0.775923 0.058712 0.033381 0.059343
2 0.698864 0.196970 0.062500 0.085859
9 0.508878 0.682449 0.031960 0.061869
23 0.088423 0.215909 0.070312 0.085859
1 0.963423 0.904672 0.034801 0.061869
18 0.718750 0.391414 0.038352 0.058081
21 0.739702 0.547980 0.034801 0.068182
29 0.632102 0.284091 0.068182 0.080808
7 0.528764 0.611742 0.033381 0.061869
16 0.469460 0.589646 0.032670 0.058081
19 0.863636 0.721591 0.035511 0.061869
28 0.512784 0.200126 0.068182 0.082071
15 0.845170 0.574495 0.024148 0.047980
3 0.929332 0.726641 0.066051 0.087121
22 0.473011 0.527778 0.032670 0.058081
6 0.072088 0.833965 0.081676 0.137626
24 0.786932 0.967172 0.034091 0.058081