19 0.828125 0.082702 0.035511 0.061869
10 0.274148 0.858586 0.032670 0.065657
23 0.555753 0.428030 0.070312 0.085859
5 0.299361 0.410354 0.026278 0.050505
29 0.772017 0.061869 0.068182 0.080808
24 0.294744 0.190657 0.034091 0.058081
20 0.709162 0.904672 0.033381 0.059343
4 0.724432 0.288510 0.035511 0.056818
26 0.044034 0.256944 0.035511 0.061869
6 0.927912 0.297348 0.081676 0.137626
2 0.599432 0.862374 0.062500 0.085859
18 0.632102 0.736111 0.038352 0.058081
22 0.020597 0.665404 0.032670 0.058081
9 0.488991 0.530934 0.031960 0.061869
27 0.089844 0.714015 0.033381 0.059343
15 0.047585 0.059343 0.024148 0.047980
3 0.445668 0.614268 0.066051 0.087121
8 0.340909 0.575758 0.049716 0.085859
17 0.210582 0.143939 0.068892 0.085859
1 0.337003 0.182449 0.034801 0.061869
16 0.028409 0.888889 0.032670 0.058081
13 0.943892 0.575126 0.032670 0.059343
11 0.770241 0.797348 0.031960 0.061869