17 0.026278 0.584596 0.041193 0.063131
7 0.767045 0.585859 0.049716 0.085859
7 0.943182 0.315657 0.046875 0.080808
4 0.676847 0.156566 0.041193 0.065657
14 0.726562 0.756944 0.028409 0.056818
6 0.219815 0.650253 0.344460 0.133838
1 0.022017 0.430556 0.032670 0.058081
3 0.725497 0.483586 0.057528 0.075758
16 0.626776 0.873737 0.063210 0.078283
19 0.598366 0.582702 0.030540 0.054293
12 0.549361 0.694444 0.033381 0.060606
14 0.083452 0.036616 0.027699 0.055556
2 0.872869 0.240530 0.059659 0.082071
8 0.452770 0.450126 0.031960 0.061869
22 0.450284 0.145833 0.078125 0.094697
1 0.969815 0.128157 0.040483 0.071970
18 0.257457 0.443182 0.040483 0.070707
22 0.639560 0.765152 0.083097 0.101010
26 0.230114 0.944444 0.028409 0.050505
19 0.848366 0.912247 0.030540 0.054293
17 0.493963 0.426136 0.034801 0.051768
21 0.494318 0.641414 0.029830 0.053030
28 0.363281 0.338384 0.066051 0.078283