28 0.044034 0.452652 0.068182 0.082071
14 0.952060 0.612374 0.029119 0.047980
21 0.836293 0.104798 0.034801 0.068182
3 0.127486 0.914773 0.066051 0.087121
20 0.763139 0.620581 0.033381 0.059343
7 0.964844 0.261995 0.033381 0.061869
18 0.883523 0.577020 0.038352 0.058081
24 0.634943 0.424242 0.034091 0.058081
26 0.360085 0.438763 0.035511 0.061869
1 0.655895 0.245581 0.034801 0.061869
4 0.558239 0.083965 0.035511 0.056818
13 0.316761 0.815025 0.032670 0.059343
12 0.108310 0.461490 0.039062 0.079545
11 0.840554 0.559975 0.031960 0.061869
22 0.889205 0.887626 0.032670 0.058081
0 0.908381 0.308081 0.032670 0.055556
17 0.796520 0.299242 0.068892 0.085859
27 0.102628 0.638258 0.033381 0.059343
6 0.252486 0.288510 0.081676 0.137626
8 0.408381 0.311869 0.049716 0.085859
9 0.689986 0.662247 0.031960 0.061869
25 0.506392 0.108586 0.032670 0.058081
16 0.965909 0.763889 0.032670 0.058081
15 0.189631 0.121212 0.024148 0.047980
2 0.486506 0.896465 0.062500 0.085859
29 0.953125 0.407828 0.068182 0.080808
5 0.515270 0.503788 0.026278 0.050505
10 0.661222 0.776515 0.032670 0.065657
23 0.481179 0.352273 0.070312 0.085859