23 0.464844 0.558712 0.034801 0.059343
0 0.248224 0.592803 0.029119 0.049242
17 0.704901 0.544823 0.037642 0.056818
22 0.213068 0.114268 0.065341 0.079545
9 0.940696 0.351641 0.026278 0.051768
21 0.670810 0.684975 0.027699 0.049242
1 0.574574 0.198232 0.028409 0.050505
5 0.263849 0.138258 0.033381 0.061869
22 0.187855 0.397727 0.080256 0.098485
25 0.970881 0.408460 0.031250 0.054293
8 0.118253 0.088384 0.026278 0.050505
1 0.509233 0.611111 0.032670 0.058081
1 0.789418 0.707702 0.034801 0.061869
12 0.793679 0.189394 0.033381 0.060606
8 0.408381 0.392677 0.031250 0.060606
18 0.740412 0.383838 0.034801 0.060606
7 0.510298 0.203914 0.058949 0.102273