9 0.246094 0.505682 0.031960 0.061869
16 0.792614 0.601010 0.032670 0.058081
10 0.735795 0.779040 0.032670 0.065657
19 0.634233 0.363005 0.035511 0.061869
26 0.347301 0.053662 0.035511 0.061869
29 0.674716 0.452020 0.068182 0.080808
2 0.191761 0.522727 0.062500 0.085859
20 0.928622 0.035985 0.033381 0.059343
7 0.973366 0.557449 0.033381 0.061869
5 0.709872 0.650253 0.026278 0.050505
3 0.941406 0.125631 0.066051 0.087121
28 0.196023 0.198864 0.068182 0.082071
4 0.945312 0.807449 0.035511 0.056818
1 0.464134 0.899621 0.034801 0.061869
27 0.552912 0.577652 0.033381 0.059343
18 0.132102 0.251263 0.038352 0.058081
12 0.443537 0.345328 0.039062 0.079545
23 0.359020 0.669192 0.070312 0.085859
21 0.644531 0.592172 0.034801 0.068182
8 0.528409 0.402778 0.049716 0.085859
24 0.078125 0.424242 0.034091 0.058081
14 0.291548 0.643939 0.029119 0.047980
0 0.203835 0.071970 0.032670 0.055556
11 0.749645 0.422348 0.031960 0.061869
15 0.868608 0.056818 0.024148 0.047980
17 0.841264 0.251263 0.068892 0.085859
22 0.143466 0.595960 0.032670 0.058081