20 0.947443 0.943182 0.032670 0.058081
1 0.611861 0.094066 0.034801 0.061869
22 0.831676 0.299242 0.034091 0.058081
21 0.202770 0.261364 0.070312 0.085859
24 0.410511 0.514520 0.035511 0.061869
2 0.909091 0.638889 0.062500 0.085859
4 0.325284 0.231692 0.035511 0.056818
16 0.716619 0.078283 0.038352 0.058081
0 0.835227 0.496212 0.032670 0.055556
26 0.068892 0.145833 0.068182 0.082071
27 0.582386 0.565657 0.068182 0.080808
11 0.568892 0.366793 0.032670 0.059343
14 0.659801 0.963384 0.032670 0.058081
3 0.422940 0.917298 0.066051 0.087121
15 0.540838 0.165404 0.068892 0.085859
5 0.903054 0.306187 0.033381 0.061869
18 0.885298 0.731692 0.033381 0.059343
25 0.381037 0.158460 0.033381 0.059343
17 0.256392 0.827652 0.035511 0.061869
6 0.780540 0.171717 0.049716 0.085859
7 0.515980 0.403409 0.031960 0.061869
19 0.049361 0.896465 0.034801 0.068182
13 0.755682 0.643939 0.024148 0.047980
12 0.916548 0.886364 0.029119 0.047980
23 0.625710 0.265152 0.032670 0.058081