15 0.641335 0.598485 0.032670 0.058081
24 0.875710 0.911616 0.032670 0.058081
22 0.144176 0.833333 0.071023 0.085859
6 0.831321 0.128788 0.293324 0.113636
17 0.322088 0.518308 0.039062 0.059343
0 0.022017 0.289141 0.026989 0.045455
16 0.310014 0.148359 0.061790 0.077020
17 0.118253 0.931187 0.036222 0.054293
2 0.139915 0.308712 0.058239 0.079545
8 0.528764 0.645202 0.037642 0.073232
24 0.819602 0.897727 0.028409 0.050505
6 0.227628 0.679924 0.283381 0.109848
20 0.409801 0.220328 0.036932 0.071970
22 0.335227 0.314394 0.080966 0.098485
2 0.884233 0.291667 0.055398 0.075758
15 0.660866 0.465278 0.029119 0.051768
21 0.104759 0.052399 0.037642 0.066919
18 0.852628 0.391414 0.036222 0.063131
27 0.947443 0.273359 0.055398 0.066919
13 0.625000 0.265152 0.032670 0.053030
1 0.028054 0.548611 0.029119 0.051768
8 0.300071 0.045455 0.036222 0.070707
27 0.475497 0.520833 0.078835 0.094697
10 0.102983 0.150253 0.035511 0.068182
24 0.908026 0.837753 0.034801 0.061869
11 0.654474 0.076389 0.033381 0.066919