28 0.871449 0.950126 0.068182 0.082071
17 0.839844 0.766414 0.068892 0.085859
1 0.337003 0.966540 0.034801 0.061869
4 0.405540 0.157197 0.035511 0.056818
3 0.106179 0.690025 0.066051 0.087121
7 0.317116 0.347854 0.033381 0.061869
22 0.340199 0.550505 0.032670 0.058081
16 0.260653 0.256313 0.032670 0.058081
13 0.225142 0.095328 0.032670 0.059343
19 0.957386 0.083965 0.035511 0.061869
12 0.946378 0.542298 0.039062 0.079545
0 0.615057 0.112374 0.032670 0.055556
6 0.493253 0.523359 0.081676 0.137626
2 0.171165 0.672980 0.062500 0.085859
25 0.105114 0.175505 0.032670 0.058081
26 0.591619 0.793561 0.035511 0.061869
11 0.240412 0.738005 0.031960 0.061869
20 0.488991 0.931187 0.033381 0.059343
24 0.406250 0.669192 0.034091 0.058081
5 0.103338 0.431818 0.026278 0.050505
27 0.936435 0.398359 0.033381 0.059343