10 0.645241 0.502525 0.030540 0.058081
23 0.530895 0.590278 0.036222 0.061869
18 0.438210 0.229167 0.035511 0.061869
20 0.165128 0.128788 0.027699 0.055556
8 0.457031 0.835859 0.037642 0.073232
13 0.469460 0.574495 0.022727 0.037879
21 0.523438 0.463384 0.028409 0.050505
7 0.715909 0.443182 0.052557 0.090909
18 0.525213 0.832071 0.030540 0.053030
10 0.211293 0.679924 0.037642 0.071970
1 0.808239 0.535354 0.032670 0.058081
16 0.084162 0.467803 0.080256 0.099747
25 0.619673 0.840909 0.036222 0.063131
27 0.551136 0.953283 0.066761 0.080808
18 0.550426 0.657197 0.036932 0.064394
24 0.870028 0.837121 0.032670 0.058081
26 0.938565 0.916035 0.037642 0.066919