6 0.817116 0.926136 0.354403 0.137626
17 0.821378 0.767045 0.037642 0.056818
19 0.388494 0.736111 0.036932 0.065657
23 0.975142 0.276515 0.035511 0.060606
1 0.768466 0.252525 0.028409 0.050505
19 0.816761 0.314394 0.029830 0.053030
27 0.146662 0.047348 0.070312 0.084596
15 0.748580 0.700758 0.034091 0.060606
19 0.432173 0.957702 0.036222 0.064394
26 0.881747 0.279672 0.036222 0.064394
21 0.161932 0.551768 0.035511 0.063131
18 0.686435 0.801768 0.030540 0.053030
12 0.280185 0.420455 0.030540 0.055556
14 0.623935 0.394571 0.022017 0.044192
10 0.649858 0.491793 0.026989 0.051768
25 0.320312 0.451389 0.035511 0.061869
15 0.245384 0.946338 0.037642 0.066919
10 0.213068 0.631313 0.034091 0.065657