8 0.814986 0.797348 0.031960 0.061869
9 0.284801 0.157828 0.038352 0.078283
8 0.645597 0.667298 0.028409 0.054293
23 0.026634 0.553662 0.034801 0.059343
12 0.162287 0.443182 0.037642 0.068182
20 0.821023 0.664773 0.039773 0.077020
27 0.571378 0.203914 0.061790 0.074495
11 0.811790 0.272727 0.041193 0.083333
16 0.589134 0.400884 0.080256 0.099747
0 0.349787 0.227904 0.026278 0.044192
17 0.268111 0.904040 0.033381 0.050505
20 0.545099 0.892677 0.031960 0.063131
9 0.677557 0.937500 0.038352 0.077020
0 0.094815 0.283460 0.029119 0.049242
11 0.893466 0.951389 0.034091 0.069444
25 0.263494 0.566288 0.029830 0.051768
20 0.117898 0.932449 0.029830 0.059343
19 0.042259 0.245581 0.037642 0.066919
3 0.230114 0.250631 0.062500 0.082071
12 0.128551 0.339015 0.032670 0.059343
21 0.760653 0.579545 0.036932 0.065657
1 0.493963 0.427399 0.036222 0.064394
10 0.797585 0.588384 0.028409 0.055556
7 0.491832 0.945707 0.057528 0.098485
16 0.359375 0.806187 0.076705 0.094697
17 0.409801 0.410985 0.041193 0.061869
18 0.079901 0.727273 0.041903 0.073232