25 0.899858 0.597222 0.032670 0.058081
15 0.474432 0.125000 0.024148 0.047980
0 0.520597 0.060606 0.032670 0.055556
19 0.538352 0.181187 0.035511 0.061869
24 0.898438 0.075758 0.034091 0.058081
16 0.794034 0.069444 0.032670 0.058081
21 0.070668 0.294192 0.034801 0.068182
8 0.490767 0.931818 0.049716 0.085859
2 0.614347 0.226010 0.062500 0.085859
29 0.367898 0.681818 0.068182 0.080808
23 0.918679 0.729798 0.070312 0.085859
17 0.141690 0.900253 0.068892 0.085859
9 0.714134 0.668561 0.031960 0.061869
10 0.500710 0.467172 0.032670 0.065657
13 0.518466 0.667298 0.032670 0.059343
26 0.943892 0.056187 0.035511 0.061869
12 0.491832 0.823864 0.039062 0.079545
27 0.329901 0.202652 0.033381 0.059343
18 0.968040 0.179293 0.038352 0.058081
3 0.234020 0.488005 0.066051 0.087121