10 0.094105 0.448864 0.029119 0.051768
4 0.716974 0.366793 0.033381 0.059343
13 0.538707 0.458965 0.039062 0.069444
18 0.770952 0.878157 0.033381 0.059343
26 0.405540 0.190657 0.032670 0.058081
15 0.061435 0.043561 0.029119 0.051768
20 0.883523 0.183081 0.031250 0.055556
22 0.207741 0.820076 0.029119 0.051768
0 0.838423 0.070076 0.030540 0.054293
29 0.226207 0.116793 0.029119 0.051768
25 0.866122 0.513258 0.033381 0.059343
16 0.869318 0.263889 0.034091 0.060606
18 0.291193 0.502525 0.029830 0.053030
2 0.280895 0.595328 0.033381 0.059343