22 0.137074 0.858586 0.032670 0.058081
6 0.398082 0.144571 0.081676 0.137626
4 0.462358 0.785985 0.035511 0.056818
11 0.883878 0.399621 0.031960 0.061869
1 0.231179 0.455177 0.034801 0.061869
13 0.043324 0.162247 0.032670 0.059343
28 0.472301 0.438763 0.068182 0.082071
24 0.125710 0.222222 0.034091 0.058081
18 0.273438 0.410354 0.038352 0.058081
27 0.967685 0.611742 0.033381 0.059343
29 0.614347 0.344697 0.068182 0.080808
25 0.772017 0.936869 0.032670 0.058081
2 0.791193 0.744949 0.062500 0.085859
19 0.789773 0.445076 0.035511 0.061869
26 0.803977 0.222854 0.035511 0.061869
16 0.520597 0.791667 0.032670 0.058081
15 0.720881 0.198232 0.024148 0.047980
0 0.877841 0.876263 0.032670 0.055556
3 0.403764 0.288510 0.066051 0.087121
5 0.109020 0.135101 0.026278 0.050505
14 0.616832 0.856061 0.029119 0.047980
8 0.696733 0.299242 0.049716 0.085859
7 0.780185 0.339015 0.033381 0.061869
10 0.210938 0.859848 0.032670 0.065657
9 0.143821 0.711490 0.031960 0.061869
12 0.211293 0.614268 0.039062 0.079545
21 0.868253 0.952020 0.034801 0.068182
23 0.950639 0.210859 0.070312 0.085859