13 0.585938 0.957071 0.024148 0.047980
15 0.185724 0.625000 0.068892 0.085859
12 0.537287 0.368687 0.029119 0.047980
23 0.600142 0.737374 0.032670 0.058081
26 0.294034 0.466540 0.068182 0.082071
6 0.308949 0.174242 0.049716 0.085859
3 0.609020 0.597854 0.066051 0.087121
0 0.337358 0.707071 0.032670 0.055556
14 0.657670 0.933081 0.032670 0.058081
1 0.652344 0.163510 0.034801 0.061869
18 0.029474 0.125631 0.033381 0.059343
2 0.607244 0.814394 0.062500 0.085859
11 0.416903 0.385732 0.032670 0.059343
19 0.487571 0.305556 0.034801 0.068182
4 0.497869 0.566288 0.035511 0.056818
20 0.205966 0.382576 0.032670 0.058081
7 0.756037 0.386995 0.031960 0.061869
10 0.253196 0.148359 0.039062 0.079545
5 0.629616 0.330177 0.033381 0.061869
21 0.841264 0.318182 0.070312 0.085859
24 0.892756 0.679924 0.035511 0.061869
9 0.780895 0.716540 0.031960 0.061869
17 0.281250 0.071338 0.035511 0.061869
25 0.069247 0.400884 0.033381 0.059343
16 0.732244 0.536616 0.038352 0.058081
22 0.215909 0.714646 0.034091 0.058081
8 0.390625 0.676768 0.032670 0.065657
27 0.363636 0.089646 0.068182 0.080808