20 0.349787 0.926136 0.039062 0.077020
27 0.408026 0.243056 0.066051 0.079545
16 0.934659 0.782197 0.072443 0.089646
25 0.678977 0.716540 0.035511 0.061869
22 0.183594 0.367424 0.078835 0.095960
7 0.128551 0.835859 0.039773 0.068182
4 0.113991 0.917929 0.036222 0.058081
27 0.574929 0.335227 0.080256 0.097222
17 0.428977 0.135101 0.045455 0.068182
2 0.235440 0.164773 0.068892 0.094697
22 0.137429 0.506313 0.083097 0.101010
0 0.830256 0.758838 0.034091 0.058081
1 0.131747 0.102904 0.029119 0.051768
13 0.672940 0.771465 0.024858 0.040404
14 0.398438 0.682449 0.019886 0.039141
3 0.486506 0.888258 0.056818 0.074495
26 0.299361 0.222854 0.031960 0.056818
15 0.134233 0.621212 0.029830 0.053030
10 0.960227 0.139520 0.034091 0.066919
6 0.829901 0.402146 0.297585 0.114899
17 0.324574 0.848485 0.036932 0.055556
0 0.399503 0.962753 0.033381 0.056818