21 0.130327 0.242424 0.070312 0.085859
24 0.875710 0.830177 0.035511 0.061869
0 0.190341 0.047980 0.032670 0.055556
9 0.596236 0.815025 0.031960 0.061869
8 0.429688 0.186869 0.032670 0.065657
7 0.316406 0.738005 0.031960 0.061869
26 0.449574 0.751894 0.068182 0.082071
23 0.198153 0.395202 0.032670 0.058081
20 0.411932 0.111111 0.032670 0.058081
16 0.851562 0.684343 0.038352 0.058081
15 0.094105 0.443182 0.068892 0.085859
12 0.063565 0.204545 0.029119 0.047980
18 0.234730 0.620581 0.033381 0.059343
4 0.383523 0.246843 0.035511 0.056818
25 0.555753 0.876894 0.033381 0.059343
27 0.513494 0.229798 0.068182 0.080808