1 0.368253 0.400884 0.034801 0.061869
22 0.968750 0.195707 0.034091 0.058081
11 0.414773 0.133207 0.032670 0.059343
8 0.261364 0.810606 0.032670 0.065657
4 0.595170 0.785985 0.035511 0.056818
13 0.745028 0.887626 0.024148 0.047980
2 0.466619 0.395202 0.062500 0.085859
9 0.523793 0.913510 0.031960 0.061869
10 0.822798 0.277146 0.039062 0.079545
3 0.655895 0.363005 0.066051 0.087121
17 0.355824 0.918561 0.035511 0.061869
12 0.775213 0.811869 0.029119 0.047980
18 0.576349 0.658460 0.033381 0.059343
27 0.085227 0.059343 0.068182 0.080808
14 0.084517 0.420455 0.032670 0.058081
5 0.067116 0.625631 0.033381 0.061869
20 0.320312 0.678030 0.032670 0.058081