26 0.363636 0.268308 0.035511 0.061869
13 0.079545 0.690025 0.032670 0.059343
5 0.861151 0.920455 0.026278 0.050505
14 0.565696 0.693182 0.029119 0.047980
15 0.777699 0.314394 0.024148 0.047980
2 0.193892 0.467172 0.062500 0.085859
25 0.352983 0.900253 0.032670 0.058081
29 0.272017 0.369949 0.068182 0.080808
9 0.752486 0.929924 0.031960 0.061869
7 0.640980 0.663510 0.033381 0.061869
6 0.190696 0.767045 0.081676 0.137626
8 0.590909 0.565657 0.049716 0.085859
23 0.854759 0.564394 0.070312 0.085859
10 0.477273 0.930556 0.032670 0.065657
22 0.121449 0.940657 0.032670 0.058081
3 0.718395 0.068813 0.066051 0.087121
20 0.407315 0.188763 0.033381 0.059343
12 0.880327 0.340278 0.039062 0.079545
28 0.777699 0.238005 0.068182 0.082071
18 0.576705 0.136364 0.038352 0.058081