4 0.091619 0.491793 0.035511 0.056818
27 0.098011 0.647727 0.068182 0.080808
9 0.234730 0.552399 0.031960 0.061869
19 0.729048 0.852273 0.034801 0.068182
17 0.713778 0.513258 0.035511 0.061869
14 0.612216 0.161616 0.032670 0.058081
18 0.030185 0.047348 0.033381 0.059343
6 0.478693 0.505051 0.049716 0.085859
16 0.600852 0.960859 0.038352 0.058081
13 0.142045 0.338384 0.024148 0.047980
10 0.229759 0.830177 0.039062 0.079545
11 0.177557 0.067551 0.032670 0.059343
7 0.759588 0.130682 0.031960 0.061869
3 0.464134 0.162247 0.066051 0.087121
0 0.485085 0.271465 0.032670 0.055556
22 0.972301 0.650253 0.034091 0.058081
12 0.324219 0.486111 0.029119 0.047980
8 0.087358 0.087121 0.032670 0.065657
21 0.578480 0.526515 0.070312 0.085859
15 0.623935 0.688131 0.068892 0.085859
23 0.473722 0.900253 0.032670 0.058081
25 0.942116 0.169823 0.033381 0.059343
1 0.332741 0.363005 0.034801 0.061869
20 0.251420 0.145202 0.032670 0.058081
5 0.872514 0.397096 0.033381 0.061869
2 0.329545 0.806818 0.062500 0.085859
26 0.666193 0.390783 0.068182 0.082071
24 0.397017 0.606692 0.035511 0.061869