22 0.516335 0.467172 0.068182 0.083333
11 0.205611 0.595960 0.044744 0.090909
4 0.201349 0.196970 0.037642 0.060606
6 0.812145 0.665404 0.280540 0.108586
27 0.272727 0.430556 0.073864 0.088384
18 0.387429 0.541667 0.030540 0.053030
0 0.107599 0.828283 0.029119 0.050505
17 0.063210 0.724116 0.032670 0.049242
22 0.324574 0.747475 0.063920 0.078283
13 0.486861 0.536616 0.023438 0.037879
28 0.315341 0.264520 0.061080 0.071970
21 0.549006 0.715909 0.029830 0.053030
16 0.749645 0.382576 0.068892 0.085859
11 0.759233 0.782828 0.044034 0.090909
11 0.386009 0.154672 0.036222 0.074495
1 0.228693 0.747475 0.041193 0.073232
3 0.839489 0.549242 0.053977 0.070707
12 0.890980 0.250000 0.039062 0.070707
7 0.414418 0.890152 0.040483 0.070707
18 0.485085 0.255051 0.039773 0.068182