18 0.933239 0.561869 0.038352 0.058081
13 0.869318 0.932449 0.032670 0.059343
26 0.960227 0.871843 0.035511 0.061869
9 0.537997 0.407197 0.031960 0.061869
10 0.670455 0.311869 0.032670 0.065657
3 0.508878 0.072601 0.066051 0.087121
11 0.589844 0.078914 0.031960 0.061869
14 0.440696 0.042929 0.029119 0.047980
23 0.590554 0.375000 0.070312 0.085859
20 0.082741 0.397096 0.033381 0.059343
25 0.980114 0.439394 0.032670 0.058081
29 0.066761 0.875000 0.068182 0.080808
24 0.759233 0.425505 0.034091 0.058081
4 0.884233 0.678662 0.035511 0.056818
12 0.040128 0.173611 0.039062 0.079545
16 0.073864 0.472222 0.032670 0.058081
5 0.459162 0.549242 0.026278 0.050505
21 0.459872 0.481061 0.034801 0.068182
8 0.568892 0.691919 0.049716 0.085859
1 0.218395 0.160985 0.034801 0.061869
7 0.668679 0.538510 0.033381 0.061869
17 0.473366 0.368687 0.068892 0.085859
15 0.012074 0.031566 0.024148 0.047980
2 0.887074 0.779040 0.062500 0.085859
6 0.750355 0.880682 0.081676 0.137626
27 0.515270 0.172348 0.033381 0.059343
28 0.855824 0.071338 0.068182 0.082071
19 0.259233 0.066288 0.035511 0.061869
0 0.178267 0.325758 0.032670 0.055556
22 0.357244 0.300505 0.032670 0.058081