5 0.396662 0.155934 0.033381 0.061869
12 0.826349 0.651515 0.029119 0.047980
27 0.333097 0.420455 0.068182 0.080808
8 0.946733 0.768939 0.032670 0.065657
3 0.549361 0.712753 0.066051 0.087121
11 0.925426 0.962753 0.032670 0.059343
6 0.359375 0.878788 0.049716 0.085859
2 0.732955 0.895202 0.062500 0.085859
1 0.727628 0.255682 0.034801 0.061869
16 0.061080 0.244949 0.038352 0.058081
22 0.689631 0.714646 0.034091 0.058081
21 0.261009 0.289141 0.070312 0.085859
14 0.948864 0.347222 0.032670 0.058081
19 0.226207 0.917929 0.034801 0.068182
23 0.074574 0.491162 0.032670 0.058081
25 0.868253 0.390783 0.033381 0.059343