5 0.815696 0.933712 0.033381 0.061869
18 0.356889 0.244318 0.033381 0.059343
7 0.596236 0.554924 0.031960 0.061869
11 0.169034 0.443813 0.032670 0.059343
16 0.094460 0.311869 0.038352 0.058081
9 0.327060 0.919823 0.031960 0.061869
12 0.207031 0.868687 0.029119 0.047980
17 0.899148 0.859217 0.035511 0.061869
21 0.318537 0.056818 0.070312 0.085859
0 0.463778 0.623737 0.032670 0.055556
19 0.075639 0.801768 0.034801 0.068182
1 0.767401 0.421086 0.034801 0.061869
24 0.047585 0.594066 0.035511 0.061869
8 0.119318 0.496212 0.032670 0.065657
15 0.629616 0.743687 0.068892 0.085859
13 0.700284 0.325758 0.024148 0.047980
27 0.503551 0.199495 0.068182 0.080808
2 0.390625 0.417929 0.062500 0.085859
10 0.415128 0.544823 0.039062 0.079545
25 0.726918 0.090278 0.033381 0.059343
6 0.814631 0.573232 0.049716 0.085859
23 0.946733 0.926768 0.032670 0.058081
20 0.963068 0.856061 0.032670 0.058081