20 0.886009 0.534722 0.033381 0.059343
14 0.270952 0.931818 0.029119 0.047980
16 0.115767 0.425505 0.032670 0.058081
21 0.023082 0.824495 0.034801 0.068182
22 0.227983 0.532828 0.032670 0.058081
28 0.642756 0.582702 0.068182 0.082071
1 0.349787 0.058712 0.034801 0.061869
12 0.843395 0.052399 0.039062 0.079545
17 0.528054 0.332071 0.068892 0.085859
9 0.222656 0.847854 0.031960 0.061869
18 0.348722 0.694444 0.038352 0.058081
24 0.566051 0.101010 0.034091 0.058081
6 0.446378 0.693813 0.081676 0.137626
15 0.632812 0.767677 0.024148 0.047980
2 0.544034 0.941919 0.062500 0.085859
25 0.347301 0.775253 0.032670 0.058081
8 0.765625 0.087121 0.049716 0.085859
0 0.091619 0.339646 0.032670 0.055556