13 0.893111 0.275253 0.026278 0.042929
10 0.969105 0.411616 0.027699 0.053030
13 0.512784 0.635732 0.034091 0.056818
10 0.769531 0.434975 0.031960 0.061869
27 0.663707 0.459596 0.068892 0.083333
15 0.877131 0.722222 0.029830 0.053030
11 0.543679 0.269571 0.046165 0.094697
21 0.585938 0.215909 0.036932 0.065657
8 0.687500 0.241793 0.032670 0.064394
3 0.578125 0.812500 0.068182 0.089646
3 0.498224 0.118056 0.075994 0.099747
19 0.635298 0.102904 0.031960 0.056818
3 0.134588 0.957071 0.064631 0.085859
2 0.850497 0.383207 0.050426 0.069444
15 0.229759 0.501894 0.031960 0.056818
3 0.533026 0.396465 0.068892 0.090909
2 0.311435 0.641414 0.057528 0.078283
22 0.379616 0.570707 0.074574 0.090909
6 0.261719 0.256313 0.344460 0.133838
2 0.056818 0.357323 0.051136 0.070707