16 0.594105 0.692551 0.067472 0.084596
12 0.703125 0.898990 0.028409 0.050505
13 0.716619 0.573864 0.025568 0.041667
6 0.553977 0.157197 0.355114 0.137626
2 0.859730 0.349116 0.061790 0.084596
10 0.947088 0.042298 0.029119 0.056818
15 0.040483 0.337121 0.034091 0.060606
7 0.847301 0.725379 0.056818 0.097222
14 0.210227 0.359848 0.024148 0.047980
10 0.925071 0.678662 0.030540 0.059343
19 0.245739 0.140152 0.028409 0.050505
14 0.088423 0.799874 0.023438 0.046717
5 0.671875 0.746212 0.032670 0.060606
3 0.524148 0.298611 0.072443 0.094697
20 0.127131 0.825126 0.041193 0.079545
25 0.762074 0.923611 0.029830 0.051768
28 0.090909 0.231692 0.061080 0.071970
12 0.110085 0.051136 0.035511 0.064394
14 0.605114 0.582702 0.028409 0.056818
4 0.676491 0.395833 0.031960 0.051768
14 0.969105 0.947601 0.020597 0.041667
10 0.390270 0.385101 0.027699 0.053030
26 0.860085 0.434343 0.032670 0.058081
6 0.284801 0.655934 0.379261 0.147727
8 0.611861 0.379419 0.036222 0.069444