26 0.051847 0.953283 0.038352 0.068182
21 0.399503 0.605429 0.030540 0.054293
0 0.785156 0.658460 0.029119 0.049242
8 0.210227 0.267677 0.029830 0.058081
27 0.090909 0.122475 0.053977 0.065657
7 0.326349 0.808712 0.051847 0.089646
15 0.683239 0.075758 0.038352 0.068182
1 0.047585 0.790404 0.036932 0.065657
28 0.583452 0.868056 0.054688 0.064394
25 0.355824 0.429924 0.041193 0.071970
5 0.668324 0.627525 0.026989 0.050505
10 0.730469 0.761364 0.027699 0.053030
21 0.891690 0.613005 0.026278 0.046717
0 0.526634 0.606692 0.034801 0.059343
17 0.794744 0.463384 0.045455 0.068182
1 0.871094 0.902146 0.031960 0.056818