4 0.626420 0.767045 0.035511 0.056818
18 0.906960 0.459596 0.038352 0.058081
5 0.637429 0.897727 0.026278 0.050505
6 0.115412 0.527146 0.081676 0.137626
24 0.510653 0.276515 0.034091 0.058081
14 0.435724 0.162879 0.029119 0.047980
29 0.521307 0.502525 0.068182 0.080808
2 0.916193 0.707071 0.062500 0.085859
26 0.330966 0.597854 0.035511 0.061869
8 0.598722 0.606061 0.049716 0.085859
12 0.064986 0.383207 0.039062 0.079545
16 0.676847 0.247475 0.032670 0.058081
10 0.420455 0.844697 0.032670 0.065657
1 0.197088 0.429924 0.034801 0.061869
17 0.149503 0.810606 0.068892 0.085859
20 0.706321 0.659722 0.033381 0.059343
3 0.381747 0.121843 0.066051 0.087121
22 0.245739 0.748737 0.032670 0.058081
13 0.882102 0.600379 0.032670 0.059343
23 0.238281 0.291667 0.070312 0.085859
7 0.030895 0.121843 0.033381 0.061869
28 0.598011 0.294823 0.068182 0.082071
19 0.664062 0.509470 0.035511 0.061869
11 0.353338 0.421086 0.031960 0.061869
0 0.270597 0.588384 0.032670 0.055556
27 0.345526 0.299874 0.033381 0.059343
25 0.808239 0.239899 0.032670 0.058081