15 0.771307 0.796717 0.026989 0.047980
25 0.078480 0.613636 0.030540 0.053030
10 0.788707 0.404672 0.033381 0.064394
4 0.133523 0.542298 0.036932 0.059343
2 0.824574 0.510101 0.062500 0.085859
13 0.759233 0.214646 0.024148 0.040404
22 0.843040 0.206439 0.079545 0.097222
1 0.271662 0.582702 0.031960 0.056818
23 0.465909 0.316919 0.035511 0.060606
26 0.673295 0.393939 0.035511 0.063131
11 0.735440 0.475379 0.041903 0.084596
2 0.692827 0.082702 0.061790 0.084596
20 0.598011 0.305556 0.028409 0.055556
7 0.275213 0.168561 0.047585 0.082071
24 0.325284 0.397727 0.032670 0.058081
0 0.704545 0.886364 0.031250 0.053030
9 0.950639 0.376894 0.031960 0.064394
26 0.558594 0.225379 0.037642 0.066919
6 0.481534 0.888889 0.313920 0.121212
10 0.244673 0.698864 0.030540 0.059343
17 0.659091 0.183712 0.034091 0.051768
2 0.915838 0.886995 0.064631 0.089646
11 0.685014 0.268308 0.040483 0.082071
9 0.172940 0.238005 0.033381 0.066919
8 0.052912 0.336490 0.030540 0.059343
15 0.851918 0.775884 0.026278 0.046717
27 0.180753 0.113005 0.070312 0.084596
1 0.116122 0.261995 0.036222 0.064394