27 0.340199 0.091540 0.080966 0.097222
17 0.204901 0.717172 0.031960 0.047980
11 0.597301 0.296086 0.034091 0.069444
22 0.855469 0.398990 0.057528 0.070707
18 0.649148 0.225379 0.032670 0.056818
2 0.083452 0.074495 0.053267 0.073232
28 0.374290 0.833965 0.056818 0.066919
1 0.529830 0.314394 0.036932 0.065657
3 0.134233 0.822601 0.059659 0.079545
11 0.611151 0.851641 0.039062 0.079545
3 0.876776 0.871843 0.064631 0.084596
27 0.786222 0.131944 0.055398 0.066919
9 0.917614 0.154672 0.038352 0.077020
24 0.028764 0.460227 0.036222 0.064394
26 0.900213 0.577652 0.031960 0.056818
24 0.958452 0.624369 0.033381 0.059343
0 0.331676 0.674874 0.028409 0.049242
1 0.977983 0.407828 0.036932 0.065657
10 0.077770 0.803662 0.033381 0.064394
15 0.029119 0.619949 0.029830 0.053030
20 0.178977 0.515783 0.035511 0.069444
3 0.250355 0.361742 0.066051 0.087121
9 0.616122 0.665404 0.031960 0.063131
7 0.469815 0.078914 0.043324 0.074495