21 0.737571 0.108586 0.070312 0.085859
22 0.081676 0.031566 0.034091 0.058081
8 0.900568 0.377525 0.032670 0.065657
1 0.794389 0.634470 0.034801 0.061869
3 0.768111 0.775884 0.066051 0.087121
0 0.735795 0.679293 0.032670 0.055556
19 0.194957 0.141414 0.034801 0.068182
24 0.466619 0.446338 0.035511 0.061869
13 0.476562 0.589646 0.024148 0.047980
7 0.376065 0.361742 0.031960 0.061869
25 0.160866 0.375631 0.033381 0.059343
4 0.862926 0.227904 0.035511 0.056818
5 0.888139 0.792298 0.033381 0.061869
10 0.854048 0.517045 0.039062 0.079545
12 0.043679 0.031566 0.029119 0.047980
23 0.927557 0.790404 0.032670 0.058081
16 0.603693 0.119949 0.038352 0.058081
20 0.705966 0.285354 0.032670 0.058081
14 0.950994 0.560606 0.032670 0.058081
26 0.917614 0.258207 0.068182 0.082071
6 0.114347 0.493687 0.049716 0.085859
18 0.518821 0.422348 0.033381 0.059343
2 0.380682 0.786616 0.062500 0.085859