8 0.930398 0.885101 0.032670 0.065657
21 0.869673 0.071970 0.070312 0.085859
10 0.699219 0.350379 0.039062 0.079545
22 0.870028 0.277778 0.034091 0.058081
27 0.794034 0.233586 0.068182 0.080808
6 0.941051 0.526515 0.049716 0.085859
12 0.062855 0.358586 0.029119 0.047980
7 0.614702 0.436237 0.031960 0.061869
14 0.532670 0.580808 0.032670 0.058081
20 0.760653 0.619949 0.032670 0.058081
23 0.750710 0.125000 0.032670 0.058081
4 0.055398 0.238005 0.035511 0.056818
24 0.968750 0.365530 0.035511 0.061869
2 0.058949 0.448232 0.062500 0.085859
19 0.104048 0.549242 0.034801 0.068182
25 0.155895 0.563763 0.033381 0.059343
13 0.583097 0.079545 0.024148 0.047980
11 0.687500 0.965278 0.032670 0.059343
17 0.031960 0.715278 0.035511 0.061869
3 0.364702 0.200126 0.066051 0.087121
1 0.475497 0.052399 0.034801 0.061869