8 0.361506 0.383838 0.032670 0.065657
21 0.086293 0.751263 0.070312 0.085859
12 0.121094 0.919192 0.029119 0.047980
0 0.852273 0.125000 0.032670 0.055556
16 0.590909 0.243687 0.038352 0.058081
27 0.946733 0.127525 0.068182 0.080808
17 0.803267 0.854167 0.035511 0.061869
11 0.139915 0.543561 0.032670 0.059343
4 0.621449 0.048611 0.035511 0.056818
9 0.177202 0.481692 0.031960 0.061869
6 0.896307 0.710859 0.049716 0.085859
3 0.428622 0.683712 0.066051 0.087121
2 0.753551 0.183081 0.062500 0.085859
20 0.296165 0.743687 0.032670 0.058081
15 0.650213 0.885101 0.068892 0.085859
5 0.386719 0.527146 0.033381 0.061869
7 0.221236 0.486742 0.031960 0.061869
19 0.743963 0.748737 0.034801 0.068182
25 0.341974 0.669823 0.033381 0.059343
18 0.255327 0.517045 0.033381 0.059343
24 0.692472 0.047348 0.035511 0.061869
23 0.325994 0.299242 0.032670 0.058081
13 0.611506 0.498737 0.024148 0.047980
1 0.777344 0.946338 0.034801 0.061869
10 0.642401 0.599116 0.039062 0.079545
22 0.352273 0.770202 0.034091 0.058081
14 0.833097 0.928030 0.032670 0.058081