2 0.800426 0.602273 0.062500 0.085859
9 0.064276 0.356692 0.031960 0.061869
5 0.278764 0.450126 0.033381 0.061869
25 0.611861 0.746843 0.033381 0.059343
23 0.852983 0.507576 0.032670 0.058081
26 0.605824 0.226641 0.068182 0.082071
6 0.338068 0.796717 0.049716 0.085859
0 0.038352 0.823232 0.032670 0.055556
15 0.219815 0.229798 0.068892 0.085859
17 0.676847 0.652146 0.035511 0.061869
24 0.512784 0.648359 0.035511 0.061869
14 0.589489 0.534091 0.032670 0.058081
7 0.743963 0.784722 0.031960 0.061869
21 0.265980 0.641414 0.070312 0.085859
11 0.188210 0.880682 0.032670 0.059343
4 0.649148 0.941288 0.035511 0.056818
27 0.411222 0.045455 0.068182 0.080808
10 0.506037 0.866793 0.039062 0.079545
13 0.129972 0.886364 0.024148 0.047980
19 0.035156 0.059343 0.034801 0.068182
3 0.962003 0.942551 0.066051 0.087121
1 0.881037 0.190025 0.034801 0.061869
18 0.878906 0.634470 0.033381 0.059343
22 0.158381 0.510101 0.034091 0.058081
12 0.322798 0.213384 0.029119 0.047980
20 0.978693 0.712121 0.032670 0.058081
8 0.602273 0.929293 0.032670 0.065657
16 0.867188 0.873737 0.038352 0.058081