3 0.403054 0.625631 0.066051 0.087121
8 0.805398 0.594697 0.049716 0.085859
6 0.882457 0.570076 0.081676 0.137626
28 0.314631 0.541035 0.068182 0.082071
29 0.664773 0.330808 0.068182 0.080808
15 0.129972 0.065657 0.024148 0.047980
0 0.465199 0.118687 0.032670 0.055556
26 0.823153 0.404672 0.035511 0.061869
24 0.870028 0.060606 0.034091 0.058081
19 0.705256 0.149621 0.035511 0.061869
12 0.549361 0.600379 0.039062 0.079545
14 0.102628 0.106061 0.029119 0.047980
11 0.233310 0.182449 0.031960 0.061869
17 0.046520 0.080808 0.068892 0.085859
4 0.651989 0.827652 0.035511 0.056818
22 0.156250 0.501263 0.032670 0.058081
5 0.479759 0.743687 0.026278 0.050505
1 0.837003 0.719066 0.034801 0.061869
20 0.422230 0.104167 0.033381 0.059343
13 0.161932 0.561237 0.032670 0.059343
27 0.416548 0.878157 0.033381 0.059343
2 0.184659 0.636364 0.062500 0.085859
23 0.174361 0.912879 0.070312 0.085859
16 0.091619 0.366162 0.032670 0.058081
10 0.532670 0.391414 0.032670 0.065657