5 0.040128 0.134470 0.033381 0.061869
20 0.409801 0.039141 0.032670 0.058081
19 0.338423 0.813131 0.034801 0.068182
3 0.170810 0.442551 0.066051 0.087121
11 0.825284 0.854167 0.032670 0.059343
7 0.283026 0.110480 0.031960 0.061869
22 0.244318 0.689394 0.034091 0.058081
2 0.644176 0.843434 0.062500 0.085859
15 0.957031 0.801768 0.068892 0.085859
6 0.427557 0.796717 0.049716 0.085859
21 0.493963 0.574495 0.070312 0.085859
14 0.228693 0.433081 0.032670 0.058081
23 0.032670 0.593434 0.032670 0.058081
16 0.674006 0.104798 0.038352 0.058081
9 0.579901 0.908460 0.031960 0.061869