25 0.286577 0.486742 0.033381 0.059343
24 0.256392 0.966540 0.035511 0.061869
5 0.922230 0.371843 0.033381 0.061869
4 0.423295 0.345328 0.035511 0.056818
2 0.087358 0.094697 0.062500 0.085859
20 0.917614 0.608586 0.032670 0.058081
21 0.400923 0.608586 0.070312 0.085859
6 0.512784 0.444444 0.049716 0.085859
0 0.168324 0.406566 0.032670 0.055556
11 0.286932 0.793561 0.032670 0.059343
13 0.369318 0.508838 0.024148 0.047980
7 0.196378 0.303662 0.031960 0.061869
8 0.692472 0.453283 0.032670 0.065657
18 0.191406 0.511995 0.033381 0.059343
17 0.052557 0.888258 0.035511 0.061869
22 0.017045 0.837121 0.034091 0.058081
1 0.769531 0.351641 0.034801 0.061869
16 0.110085 0.722222 0.038352 0.058081
23 0.943182 0.093434 0.032670 0.058081