6 0.678622 0.642045 0.081676 0.137626
2 0.467330 0.804293 0.062500 0.085859
0 0.613636 0.657828 0.032670 0.055556
7 0.577770 0.092803 0.033381 0.061869
28 0.409801 0.091540 0.068182 0.082071
29 0.156250 0.339646 0.068182 0.080808
27 0.558594 0.614268 0.033381 0.059343
23 0.603338 0.284091 0.070312 0.085859
8 0.046165 0.785354 0.049716 0.085859
11 0.245384 0.537247 0.031960 0.061869
12 0.920099 0.823864 0.039062 0.079545
19 0.246449 0.152146 0.035511 0.061869
20 0.397372 0.299874 0.033381 0.059343
18 0.594460 0.796717 0.038352 0.058081
24 0.824574 0.678030 0.034091 0.058081
5 0.412997 0.633838 0.026278 0.050505
1 0.155895 0.172348 0.034801 0.061869
22 0.046875 0.268939 0.032670 0.058081
16 0.899148 0.436869 0.032670 0.058081
9 0.490412 0.061237 0.031960 0.061869
13 0.266335 0.460227 0.032670 0.059343