6 0.635653 0.470328 0.340909 0.132576
8 0.346591 0.349747 0.035511 0.068182
7 0.834517 0.880682 0.056818 0.097222
9 0.459162 0.241162 0.026278 0.053030
15 0.262429 0.738005 0.029119 0.051768
4 0.509943 0.071970 0.039773 0.063131
16 0.112216 0.926136 0.063920 0.079545
24 0.549716 0.917929 0.034091 0.060606
27 0.757812 0.281566 0.075284 0.090909
27 0.095170 0.841540 0.059659 0.071970
25 0.408736 0.925505 0.033381 0.058081
24 0.591264 0.288510 0.027699 0.049242
27 0.947443 0.546086 0.068182 0.082071
27 0.207386 0.806818 0.065341 0.078283
19 0.374645 0.467803 0.034801 0.061869
15 0.172230 0.190025 0.037642 0.066919
10 0.981179 0.708965 0.027699 0.054293
18 0.255327 0.565657 0.034801 0.060606
14 0.364347 0.229798 0.026989 0.053030
8 0.578835 0.585859 0.028409 0.055556
23 0.252131 0.077020 0.038352 0.065657
23 0.459162 0.128157 0.031960 0.054293
25 0.396307 0.297348 0.035511 0.061869
7 0.305753 0.846591 0.044744 0.077020
20 0.297585 0.552399 0.039773 0.077020
28 0.651989 0.333333 0.068182 0.080808
15 0.725142 0.747475 0.038352 0.068182
8 0.758168 0.029040 0.026278 0.050505
23 0.836648 0.099747 0.029830 0.050505
9 0.964489 0.800505 0.032670 0.065657