0 0.291193 0.597222 0.032670 0.055556
8 0.845881 0.420455 0.032670 0.065657
23 0.357955 0.660354 0.032670 0.058081
3 0.584162 0.948864 0.066051 0.087121
10 0.115412 0.467803 0.039062 0.079545
17 0.593040 0.832702 0.035511 0.061869
2 0.895597 0.148990 0.062500 0.085859
4 0.058949 0.360480 0.035511 0.056818
13 0.504972 0.193182 0.024148 0.047980
19 0.672940 0.645202 0.034801 0.068182
22 0.634233 0.779040 0.034091 0.058081
6 0.634233 0.435606 0.049716 0.085859
12 0.731889 0.338384 0.029119 0.047980
27 0.636364 0.273990 0.068182 0.080808
1 0.677912 0.910985 0.034801 0.061869
9 0.509588 0.336490 0.031960 0.061869
14 0.784091 0.183081 0.032670 0.058081
5 0.539418 0.461490 0.033381 0.061869
25 0.955611 0.552399 0.033381 0.059343
26 0.144886 0.378157 0.068182 0.082071
24 0.421165 0.402146 0.035511 0.061869
16 0.899148 0.574495 0.038352 0.058081
11 0.460938 0.409722 0.032670 0.059343
18 0.949929 0.283460 0.033381 0.059343
7 0.970526 0.466540 0.031960 0.061869
21 0.947088 0.766414 0.070312 0.085859
20 0.491477 0.967172 0.032670 0.058081
15 0.527344 0.858586 0.068892 0.085859