28 0.926847 0.327652 0.068182 0.082071
7 0.123935 0.883207 0.033381 0.061869
26 0.661932 0.149621 0.035511 0.061869
10 0.718750 0.578283 0.032670 0.065657
21 0.236151 0.488636 0.034801 0.068182
0 0.068182 0.421717 0.032670 0.055556
29 0.838068 0.675505 0.068182 0.080808
14 0.812145 0.892677 0.029119 0.047980
11 0.493253 0.277146 0.031960 0.061869
5 0.342685 0.609848 0.026278 0.050505
24 0.804688 0.116162 0.034091 0.058081
18 0.542614 0.970960 0.038352 0.058081
13 0.617188 0.785985 0.032670 0.059343
17 0.478338 0.148990 0.068892 0.085859
15 0.412642 0.478535 0.024148 0.047980
20 0.295099 0.383207 0.033381 0.059343
25 0.906250 0.044192 0.032670 0.058081
22 0.914062 0.646465 0.032670 0.058081
6 0.394531 0.822601 0.081676 0.137626
16 0.794034 0.578283 0.032670 0.058081
23 0.292259 0.612374 0.070312 0.085859
3 0.172940 0.385732 0.066051 0.087121
8 0.616477 0.512626 0.049716 0.085859
9 0.924361 0.504419 0.031960 0.061869
4 0.578125 0.077652 0.035511 0.056818
27 0.073509 0.057449 0.033381 0.059343
19 0.120739 0.159722 0.035511 0.061869