25 0.218395 0.717803 0.033381 0.059343
19 0.653764 0.506313 0.034801 0.068182
8 0.740057 0.547980 0.032670 0.065657
4 0.406960 0.744318 0.035511 0.056818
16 0.639915 0.127525 0.038352 0.058081
24 0.480114 0.239268 0.035511 0.061869
11 0.576705 0.464015 0.032670 0.059343
23 0.750710 0.097222 0.032670 0.058081
3 0.689276 0.322601 0.066051 0.087121
7 0.504616 0.390783 0.031960 0.061869
9 0.951349 0.269571 0.031960 0.061869
12 0.768821 0.219697 0.029119 0.047980
26 0.085227 0.326389 0.068182 0.082071
14 0.108665 0.041667 0.032670 0.058081
2 0.469460 0.607323 0.062500 0.085859
15 0.821378 0.472222 0.068892 0.085859
22 0.188920 0.873737 0.034091 0.058081
21 0.868253 0.151515 0.070312 0.085859
27 0.551136 0.095960 0.068182 0.080808
5 0.787997 0.547348 0.033381 0.061869
10 0.517401 0.958965 0.039062 0.079545
18 0.454901 0.836490 0.033381 0.059343
20 0.238636 0.496212 0.032670 0.058081
1 0.852628 0.557449 0.034801 0.061869
17 0.280540 0.589015 0.035511 0.061869
6 0.102983 0.645202 0.049716 0.085859
0 0.394176 0.270202 0.032670 0.055556