3 0.682173 0.837121 0.061790 0.080808
20 0.793679 0.069444 0.033381 0.065657
22 0.144176 0.091540 0.063920 0.077020
25 0.569957 0.804924 0.041903 0.071970
19 0.797585 0.250000 0.029830 0.053030
19 0.397727 0.734848 0.032670 0.058081
11 0.770597 0.184343 0.036932 0.075758
19 0.445668 0.322601 0.027699 0.049242
21 0.025923 0.491793 0.027699 0.049242
20 0.174716 0.868056 0.034091 0.066919
20 0.574219 0.580808 0.039062 0.075758
2 0.846591 0.150253 0.056818 0.078283
17 0.261009 0.232323 0.043324 0.065657
3 0.391335 0.479798 0.065341 0.085859
16 0.266335 0.465278 0.078125 0.097222
16 0.824574 0.616793 0.082386 0.102273
20 0.924361 0.910354 0.034801 0.068182
21 0.931818 0.508838 0.035511 0.063131
1 0.615057 0.458333 0.029830 0.053030