9 0.780185 0.312500 0.031960 0.061869
26 0.777699 0.851641 0.035511 0.061869
8 0.276989 0.287879 0.049716 0.085859
19 0.713778 0.601641 0.035511 0.061869
4 0.569602 0.273359 0.035511 0.056818
12 0.459162 0.352904 0.039062 0.079545
14 0.636719 0.257576 0.029119 0.047980
17 0.358310 0.830808 0.068892 0.085859
28 0.585227 0.881944 0.068182 0.082071
5 0.845526 0.267677 0.026278 0.050505
21 0.092685 0.770202 0.034801 0.068182
7 0.047230 0.150884 0.033381 0.061869
1 0.082741 0.047348 0.034801 0.061869
29 0.915483 0.093434 0.068182 0.080808
16 0.964489 0.693182 0.032670 0.058081
15 0.303977 0.827020 0.024148 0.047980
11 0.969815 0.273359 0.031960 0.061869
13 0.225142 0.124369 0.032670 0.059343
18 0.308239 0.184343 0.038352 0.058081
2 0.703125 0.703283 0.062500 0.085859
27 0.363281 0.089015 0.033381 0.059343
25 0.465199 0.272727 0.032670 0.058081
6 0.783026 0.474116 0.081676 0.137626
3 0.867543 0.706439 0.066051 0.087121
24 0.187500 0.940657 0.034091 0.058081
23 0.091264 0.917929 0.070312 0.085859
22 0.138494 0.349747 0.032670 0.058081
10 0.560369 0.200758 0.032670 0.065657
0 0.473011 0.878788 0.032670 0.055556