20 0.250000 0.036616 0.032670 0.058081
27 0.924006 0.320707 0.068182 0.080808
25 0.395952 0.052399 0.033381 0.059343
11 0.888494 0.124369 0.032670 0.059343
22 0.206676 0.733586 0.034091 0.058081
2 0.795455 0.564394 0.062500 0.085859
19 0.151634 0.188131 0.034801 0.068182
4 0.330256 0.619318 0.035511 0.056818
1 0.052202 0.070076 0.034801 0.061869
10 0.338423 0.759470 0.039062 0.079545
18 0.956321 0.440025 0.033381 0.059343
23 0.089489 0.695707 0.032670 0.058081
26 0.538352 0.284722 0.068182 0.082071
21 0.331321 0.103535 0.070312 0.085859
13 0.632812 0.540404 0.024148 0.047980
8 0.401989 0.138889 0.032670 0.065657
16 0.115057 0.856061 0.038352 0.058081
14 0.084517 0.400253 0.032670 0.058081
24 0.661932 0.361742 0.035511 0.061869
7 0.223366 0.205177 0.031960 0.061869