7 0.873935 0.458965 0.033381 0.061869
2 0.772727 0.750000 0.062500 0.085859
15 0.085227 0.876263 0.024148 0.047980
19 0.150568 0.480429 0.035511 0.061869
8 0.695312 0.657828 0.049716 0.085859
18 0.318892 0.829545 0.038352 0.058081
9 0.242543 0.629419 0.031960 0.061869
1 0.746094 0.418561 0.034801 0.061869
14 0.247514 0.397727 0.029119 0.047980
4 0.837358 0.654672 0.035511 0.056818
29 0.693892 0.799242 0.068182 0.080808
16 0.781960 0.503788 0.032670 0.058081
10 0.203125 0.106061 0.032670 0.065657
23 0.883168 0.271465 0.070312 0.085859
5 0.035866 0.522727 0.026278 0.050505
12 0.776634 0.639520 0.039062 0.079545
6 0.205611 0.211490 0.081676 0.137626
3 0.052202 0.229167 0.066051 0.087121
11 0.588423 0.854167 0.031960 0.061869
24 0.428977 0.251263 0.034091 0.058081
0 0.125710 0.700758 0.032670 0.055556
20 0.729759 0.577652 0.033381 0.059343
13 0.599432 0.594066 0.032670 0.059343
28 0.485795 0.061237 0.068182 0.082071