22 0.871449 0.368687 0.034091 0.058081
12 0.752486 0.172980 0.029119 0.047980
2 0.706676 0.825758 0.062500 0.085859
19 0.865412 0.635101 0.034801 0.068182
24 0.677557 0.077652 0.035511 0.061869
11 0.525568 0.352904 0.032670 0.059343
20 0.978693 0.789141 0.032670 0.058081
15 0.653764 0.224747 0.068892 0.085859
3 0.057173 0.830177 0.066051 0.087121
16 0.482955 0.132576 0.038352 0.058081
6 0.784091 0.242424 0.049716 0.085859
8 0.740057 0.063131 0.032670 0.065657
10 0.831321 0.469066 0.039062 0.079545
7 0.113991 0.398359 0.031960 0.061869
4 0.730114 0.631944 0.035511 0.056818
17 0.643466 0.746843 0.035511 0.061869
14 0.124290 0.935606 0.032670 0.058081
13 0.525568 0.152778 0.024148 0.047980
9 0.639560 0.821338 0.031960 0.061869
25 0.915128 0.525884 0.033381 0.059343
23 0.933949 0.662879 0.032670 0.058081
1 0.937855 0.392045 0.034801 0.061869
0 0.871449 0.752525 0.032670 0.055556
21 0.359730 0.717172 0.070312 0.085859
18 0.893111 0.038510 0.033381 0.059343