25 0.791548 0.289773 0.033381 0.059343
13 0.921875 0.093434 0.024148 0.047980
16 0.482955 0.138889 0.038352 0.058081
15 0.459872 0.803030 0.068892 0.085859
1 0.908026 0.965278 0.034801 0.061869
19 0.089134 0.619949 0.034801 0.068182
22 0.181108 0.838384 0.034091 0.058081
17 0.671165 0.967803 0.035511 0.061869
27 0.445312 0.310606 0.068182 0.080808
0 0.386364 0.921717 0.032670 0.055556
9 0.616122 0.628157 0.031960 0.061869
4 0.161932 0.711490 0.035511 0.056818
23 0.813210 0.508838 0.032670 0.058081
3 0.835582 0.067551 0.066051 0.087121
11 0.901989 0.653409 0.032670 0.059343
21 0.562145 0.229798 0.070312 0.085859
2 0.116477 0.285354 0.062500 0.085859
20 0.900568 0.271465 0.032670 0.058081
5 0.728338 0.357955 0.033381 0.061869
7 0.557173 0.451389 0.031960 0.061869
8 0.526278 0.520202 0.032670 0.065657
6 0.710227 0.055556 0.049716 0.085859
18 0.257457 0.196338 0.033381 0.059343
26 0.786222 0.596591 0.068182 0.082071
14 0.947443 0.720960 0.032670 0.058081
12 0.945668 0.205808 0.029119 0.047980
24 0.024858 0.408460 0.035511 0.061869