1 0.528054 0.500631 0.034801 0.061869
0 0.426136 0.079545 0.032670 0.055556
3 0.716974 0.610480 0.066051 0.087121
20 0.119318 0.304293 0.032670 0.058081
12 0.238991 0.925505 0.029119 0.047980
26 0.608665 0.054924 0.068182 0.082071
8 0.080966 0.127525 0.032670 0.065657
5 0.965554 0.547348 0.033381 0.061869
27 0.646307 0.566919 0.068182 0.080808
18 0.807173 0.125631 0.033381 0.059343
4 0.823153 0.057449 0.035511 0.056818
21 0.640980 0.481061 0.070312 0.085859
9 0.552912 0.413510 0.031960 0.061869
22 0.075994 0.266414 0.034091 0.058081
17 0.179688 0.134470 0.035511 0.061869
6 0.100142 0.415404 0.049716 0.085859
2 0.385653 0.534091 0.062500 0.085859
14 0.049716 0.463384 0.032670 0.058081