10 0.589844 0.346591 0.029119 0.056818
23 0.578835 0.968434 0.029830 0.050505
27 0.161222 0.265783 0.080966 0.097222
9 0.723011 0.721591 0.029830 0.059343
21 0.913707 0.932449 0.031960 0.056818
13 0.497514 0.414141 0.026278 0.042929
14 0.694602 0.893308 0.028409 0.056818
24 0.054332 0.630682 0.033381 0.059343
20 0.340199 0.544823 0.029830 0.059343
24 0.273793 0.130682 0.033381 0.059343
17 0.455966 0.847854 0.041193 0.061869
15 0.383878 0.509470 0.030540 0.054293
3 0.250000 0.309343 0.063920 0.083333
4 0.887784 0.134470 0.038352 0.061869
0 0.607244 0.114899 0.029830 0.050505
22 0.537997 0.338384 0.060369 0.073232
7 0.648082 0.098485 0.041903 0.073232
2 0.189631 0.868687 0.069602 0.095960
25 0.159446 0.520202 0.036222 0.063131
13 0.603693 0.898990 0.025568 0.042929
7 0.745384 0.548611 0.058949 0.102273
18 0.485085 0.926136 0.031250 0.054293
21 0.735440 0.654672 0.033381 0.059343