13 0.454545 0.340909 0.032670 0.053030
17 0.877131 0.941288 0.041193 0.061869
12 0.016335 0.931187 0.025568 0.046717
2 0.859375 0.792929 0.056818 0.078283
10 0.934659 0.402778 0.031250 0.060606
2 0.672940 0.178662 0.066051 0.089646
21 0.404830 0.372475 0.031250 0.055556
23 0.679332 0.661616 0.037642 0.063131
20 0.596236 0.186869 0.030540 0.060606
17 0.670455 0.910985 0.034091 0.051768
4 0.030540 0.334596 0.029830 0.047980
4 0.588423 0.516414 0.039062 0.063131
28 0.491832 0.192551 0.071733 0.084596
12 0.415838 0.148990 0.030540 0.055556
28 0.192116 0.533460 0.080256 0.094697
1 0.720170 0.690657 0.031250 0.055556
24 0.528764 0.774621 0.033381 0.059343