7 0.605469 0.219066 0.044744 0.077020
28 0.051847 0.499369 0.069602 0.082071
17 0.703125 0.386995 0.035511 0.054293
15 0.768466 0.542929 0.028409 0.050505
20 0.347301 0.550505 0.028409 0.055556
15 0.471591 0.510101 0.028409 0.050505
4 0.490412 0.398359 0.040483 0.064394
11 0.252841 0.238005 0.044034 0.089646
24 0.605469 0.450126 0.033381 0.059343
10 0.763849 0.815025 0.030540 0.059343
7 0.079901 0.893939 0.057528 0.098485
18 0.341974 0.895202 0.030540 0.053030
7 0.121094 0.736742 0.046165 0.079545
13 0.511719 0.704545 0.026278 0.042929
20 0.883878 0.525884 0.037642 0.074495
15 0.673295 0.717172 0.031250 0.055556
10 0.477628 0.793561 0.037642 0.071970
1 0.257457 0.345328 0.030540 0.054293
8 0.841264 0.948864 0.033381 0.064394
13 0.208807 0.297348 0.034091 0.056818
0 0.807173 0.299874 0.026278 0.044192
13 0.902699 0.298611 0.029830 0.049242
19 0.718750 0.702020 0.028409 0.050505
26 0.398082 0.381944 0.036222 0.064394
5 0.411577 0.104167 0.033381 0.061869
3 0.199929 0.655934 0.070312 0.092172
9 0.193537 0.892045 0.031960 0.064394
13 0.112926 0.469066 0.034091 0.056818
16 0.139205 0.174242 0.066761 0.083333