22 0.813920 0.837121 0.034091 0.058081
14 0.828835 0.428030 0.032670 0.058081
16 0.223011 0.901515 0.038352 0.058081
4 0.069602 0.340278 0.035511 0.056818
5 0.131747 0.927399 0.033381 0.061869
27 0.630682 0.315657 0.068182 0.080808
6 0.944602 0.660354 0.049716 0.085859
24 0.498580 0.376894 0.035511 0.061869
21 0.751776 0.457071 0.070312 0.085859
10 0.567827 0.496843 0.039062 0.079545
26 0.705256 0.125631 0.068182 0.082071
23 0.232244 0.369949 0.032670 0.058081
11 0.085938 0.938763 0.032670 0.059343
13 0.335227 0.866162 0.024148 0.047980
12 0.129616 0.448232 0.029119 0.047980
18 0.890270 0.032197 0.033381 0.059343
0 0.029830 0.880051 0.032670 0.055556
3 0.205611 0.173611 0.066051 0.087121
19 0.589134 0.398990 0.034801 0.068182
7 0.383168 0.174874 0.031960 0.061869
9 0.337713 0.562500 0.031960 0.061869
1 0.966264 0.955177 0.034801 0.061869