26 0.413707 0.166035 0.029119 0.051768
19 0.158381 0.906566 0.034091 0.060606
16 0.487216 0.189394 0.071023 0.088384
21 0.610795 0.571970 0.026989 0.047980
21 0.315341 0.534091 0.034091 0.060606
20 0.733310 0.150884 0.027699 0.054293
9 0.210582 0.849747 0.029119 0.058081
28 0.792969 0.317551 0.071733 0.084596
16 0.735085 0.627525 0.065341 0.080808
9 0.649503 0.865530 0.031960 0.064394
17 0.968750 0.519571 0.041193 0.061869
12 0.827060 0.185606 0.026278 0.047980
10 0.117543 0.546086 0.034801 0.066919
19 0.695668 0.461490 0.029119 0.051768
2 0.245739 0.299874 0.059659 0.082071
2 0.336293 0.439394 0.060369 0.083333
0 0.238991 0.084596 0.029119 0.050505