9 0.301136 0.248737 0.028409 0.050505
12 0.653409 0.257576 0.035511 0.063131
26 0.881747 0.076389 0.027699 0.049242
17 0.029119 0.270202 0.031250 0.055556
15 0.860085 0.602273 0.031250 0.055556
5 0.260298 0.043561 0.036222 0.064394
7 0.647372 0.484217 0.034801 0.061869
23 0.817827 0.095328 0.029119 0.051768
10 0.221591 0.417929 0.029830 0.053030
25 0.802912 0.264520 0.031960 0.056818
8 0.901634 0.342803 0.037642 0.066919
0 0.397727 0.422980 0.029830 0.053030
9 0.710582 0.879419 0.039062 0.069444