15 0.863636 0.968434 0.024148 0.047980
6 0.561435 0.765783 0.081676 0.137626
26 0.080966 0.562500 0.035511 0.061869
12 0.574929 0.565025 0.039062 0.079545
16 0.652699 0.964646 0.032670 0.058081
19 0.682528 0.873106 0.035511 0.061869
14 0.076349 0.027778 0.029119 0.047980
29 0.348011 0.843434 0.068182 0.080808
11 0.103338 0.625631 0.031960 0.061869
13 0.213068 0.416035 0.032670 0.059343
23 0.476207 0.077020 0.070312 0.085859
20 0.122514 0.855429 0.033381 0.059343
21 0.761719 0.887626 0.034801 0.068182
4 0.914062 0.510732 0.035511 0.056818
5 0.453480 0.558081 0.026278 0.050505
25 0.293324 0.310606 0.032670 0.058081
3 0.876776 0.400884 0.066051 0.087121
22 0.161222 0.347222 0.032670 0.058081
8 0.605114 0.207071 0.049716 0.085859
2 0.370028 0.521465 0.062500 0.085859
9 0.665838 0.654672 0.031960 0.061869
0 0.801847 0.364899 0.032670 0.055556
27 0.709872 0.207702 0.033381 0.059343
7 0.385298 0.673611 0.033381 0.061869
10 0.409091 0.885101 0.032670 0.065657
24 0.262784 0.511364 0.034091 0.058081
1 0.843395 0.159722 0.034801 0.061869
28 0.930398 0.121843 0.068182 0.082071
17 0.829901 0.717172 0.068892 0.085859
18 0.254972 0.728535 0.038352 0.058081