21 0.235440 0.232323 0.070312 0.085859
6 0.952415 0.832071 0.049716 0.085859
23 0.052557 0.770202 0.032670 0.058081
18 0.852628 0.464015 0.033381 0.059343
0 0.021307 0.893939 0.032670 0.055556
1 0.145952 0.575126 0.034801 0.061869
9 0.308594 0.503157 0.031960 0.061869
17 0.397727 0.529672 0.035511 0.061869
25 0.903054 0.511995 0.033381 0.059343
16 0.503551 0.237374 0.038352 0.058081
20 0.727273 0.488636 0.032670 0.058081
5 0.384588 0.823864 0.033381 0.061869
11 0.694602 0.794823 0.032670 0.059343
13 0.394886 0.244949 0.024148 0.047980
22 0.473011 0.755051 0.034091 0.058081
19 0.723366 0.090909 0.034801 0.068182
14 0.875710 0.950758 0.032670 0.058081
12 0.930753 0.303030 0.029119 0.047980
7 0.400213 0.410985 0.031960 0.061869
24 0.028409 0.570076 0.035511 0.061869
27 0.329545 0.748737 0.068182 0.080808
8 0.764915 0.771465 0.032670 0.065657
4 0.807528 0.576389 0.035511 0.056818
26 0.700994 0.712753 0.068182 0.082071
3 0.540838 0.648359 0.066051 0.087121
15 0.965554 0.570707 0.068892 0.085859
2 0.467330 0.414141 0.062500 0.085859