2 0.666903 0.092172 0.062500 0.085859
16 0.127841 0.029040 0.032670 0.058081
14 0.866832 0.463384 0.029119 0.047980
0 0.571023 0.582071 0.032670 0.055556
8 0.685369 0.205808 0.049716 0.085859
22 0.134943 0.094697 0.032670 0.058081
21 0.736861 0.175505 0.034801 0.068182
23 0.370384 0.373737 0.070312 0.085859
28 0.957386 0.556187 0.068182 0.082071
12 0.575639 0.255682 0.039062 0.079545
13 0.229403 0.460227 0.032670 0.059343
7 0.226207 0.660985 0.033381 0.061869
1 0.202060 0.384470 0.034801 0.061869
10 0.625000 0.944444 0.032670 0.065657
3 0.336293 0.072601 0.066051 0.087121
18 0.293324 0.654040 0.038352 0.058081