1 0.116832 0.172348 0.034801 0.061869
27 0.536222 0.789141 0.068182 0.080808
12 0.340554 0.074495 0.029119 0.047980
24 0.476562 0.335227 0.035511 0.061869
8 0.979403 0.087121 0.032670 0.065657
17 0.123580 0.259470 0.035511 0.061869
19 0.170099 0.964646 0.034801 0.068182
15 0.242543 0.550505 0.068892 0.085859
22 0.457386 0.167929 0.034091 0.058081
20 0.492188 0.213384 0.032670 0.058081
16 0.438210 0.844697 0.038352 0.058081
14 0.371449 0.395202 0.032670 0.058081
13 0.634943 0.809343 0.024148 0.047980
18 0.868253 0.388258 0.033381 0.059343
11 0.515625 0.672348 0.032670 0.059343
5 0.348366 0.162247 0.033381 0.061869
9 0.839844 0.568813 0.031960 0.061869
23 0.643466 0.728535 0.032670 0.058081
3 0.754616 0.316288 0.066051 0.087121
7 0.878906 0.576389 0.031960 0.061869