25 0.788352 0.779040 0.032670 0.058081
0 0.291193 0.236742 0.029830 0.051768
23 0.971946 0.538510 0.027699 0.046717
18 0.207741 0.589646 0.031960 0.055556
14 0.161577 0.190025 0.024858 0.049242
22 0.607599 0.281566 0.068892 0.083333
3 0.353693 0.391414 0.058239 0.075758
2 0.118608 0.141414 0.051136 0.070707
10 0.190341 0.655934 0.032670 0.064394
14 0.149503 0.472222 0.027699 0.055556
11 0.932173 0.065025 0.039062 0.079545
18 0.045810 0.765152 0.036222 0.063131
27 0.636364 0.621843 0.059659 0.071970
11 0.132102 0.306818 0.041193 0.083333
21 0.564986 0.186237 0.030540 0.054293
18 0.401634 0.609848 0.041903 0.073232
6 0.634588 0.077020 0.279119 0.108586
5 0.511364 0.907197 0.029830 0.054293
17 0.455611 0.595328 0.040483 0.061869
4 0.425426 0.765783 0.035511 0.056818
14 0.699574 0.638889 0.022727 0.045455
26 0.366122 0.068813 0.026278 0.046717
25 0.119673 0.832071 0.037642 0.065657
5 0.637429 0.864268 0.034801 0.064394