7 0.057884 0.413510 0.033381 0.061869
18 0.769176 0.551768 0.038352 0.058081
9 0.481889 0.359217 0.031960 0.061869
16 0.914773 0.180556 0.032670 0.058081
23 0.853338 0.722222 0.070312 0.085859
13 0.938920 0.395833 0.032670 0.059343
19 0.438920 0.926136 0.035511 0.061869
12 0.363281 0.186237 0.039062 0.079545
22 0.084517 0.963384 0.032670 0.058081
27 0.349077 0.405934 0.033381 0.059343
26 0.953835 0.173611 0.035511 0.061869
15 0.140625 0.522727 0.024148 0.047980
2 0.111506 0.179293 0.062500 0.085859
10 0.051136 0.583333 0.032670 0.065657
25 0.250710 0.895202 0.032670 0.058081
20 0.317827 0.961490 0.033381 0.059343
3 0.908026 0.565025 0.066051 0.087121