20 0.642045 0.675505 0.032670 0.058081
6 0.649148 0.220960 0.049716 0.085859
4 0.829545 0.198864 0.035511 0.056818
16 0.809659 0.044192 0.038352 0.058081
9 0.720526 0.619318 0.031960 0.061869
2 0.348011 0.526515 0.062500 0.085859
27 0.612926 0.093434 0.068182 0.080808
19 0.354048 0.348485 0.034801 0.068182
13 0.125710 0.218434 0.024148 0.047980
17 0.188920 0.402146 0.035511 0.061869
24 0.093750 0.900884 0.035511 0.061869
14 0.112926 0.449495 0.032670 0.058081
12 0.326349 0.063131 0.029119 0.047980
1 0.594815 0.967803 0.034801 0.061869
3 0.247514 0.634470 0.066051 0.087121
15 0.171520 0.299242 0.068892 0.085859
0 0.860085 0.593434 0.032670 0.055556