9 0.259588 0.835227 0.031960 0.061869
2 0.079545 0.089646 0.062500 0.085859
4 0.742188 0.482955 0.035511 0.056818
12 0.876776 0.402146 0.039062 0.079545
19 0.979403 0.530934 0.035511 0.061869
15 0.727983 0.954545 0.024148 0.047980
23 0.910156 0.064394 0.070312 0.085859
14 0.721946 0.702020 0.029119 0.047980
24 0.434659 0.294192 0.034091 0.058081
27 0.913707 0.421086 0.033381 0.059343
13 0.527699 0.410985 0.032670 0.059343
22 0.610085 0.790404 0.032670 0.058081
8 0.675426 0.402778 0.049716 0.085859
26 0.075994 0.241793 0.035511 0.061869
16 0.495739 0.880051 0.032670 0.058081
1 0.805043 0.059975 0.034801 0.061869
21 0.788707 0.667929 0.034801 0.068182
0 0.235795 0.179293 0.032670 0.055556
17 0.065696 0.323232 0.068892 0.085859
29 0.240057 0.744949 0.068182 0.080808