18 0.750710 0.066919 0.038352 0.068182
11 0.231889 0.455177 0.027699 0.049242
27 0.814631 0.150253 0.032670 0.058081
25 0.556108 0.478535 0.029830 0.053030
27 0.775923 0.517045 0.039062 0.069444
21 0.930398 0.118687 0.036932 0.065657
26 0.113281 0.667298 0.037642 0.066919
3 0.527699 0.151515 0.039773 0.070707
21 0.671875 0.434343 0.029830 0.053030
12 0.786932 0.571970 0.031250 0.055556
22 0.117188 0.939394 0.035511 0.063131
12 0.318892 0.523990 0.032670 0.058081
20 0.649148 0.655303 0.028409 0.050505
1 0.189631 0.492424 0.038352 0.068182