25 0.664773 0.709596 0.032670 0.058081
28 0.046165 0.493056 0.068182 0.082071
1 0.847656 0.523359 0.034801 0.061869
12 0.238281 0.256944 0.039062 0.079545
4 0.737926 0.775884 0.035511 0.056818
21 0.182884 0.410354 0.034801 0.068182
6 0.812145 0.657197 0.081676 0.137626
17 0.942116 0.569444 0.068892 0.085859
13 0.377841 0.565025 0.032670 0.059343
15 0.688920 0.119949 0.024148 0.047980
23 0.358310 0.251263 0.070312 0.085859
7 0.289418 0.333965 0.033381 0.061869
27 0.889560 0.616793 0.033381 0.059343
20 0.045099 0.099116 0.033381 0.059343
24 0.018466 0.765152 0.034091 0.058081
0 0.085938 0.643939 0.032670 0.055556
9 0.346236 0.945076 0.031960 0.061869
18 0.267045 0.728535 0.038352 0.058081
14 0.471946 0.398990 0.029119 0.047980
22 0.754261 0.536616 0.032670 0.058081
19 0.350852 0.870581 0.035511 0.061869
5 0.944957 0.452020 0.026278 0.050505
26 0.936790 0.191288 0.035511 0.061869
11 0.677912 0.833965 0.031960 0.061869