26 0.745739 0.851010 0.031250 0.055556
2 0.636009 0.485480 0.050426 0.069444
10 0.973011 0.684975 0.036932 0.071970
11 0.703125 0.472222 0.035511 0.073232
17 0.425071 0.879419 0.036222 0.054293
0 0.182173 0.860480 0.030540 0.051768
3 0.834517 0.832702 0.072443 0.094697
15 0.677557 0.901515 0.031250 0.055556
26 0.927202 0.763258 0.026278 0.046717
23 0.379616 0.830177 0.037642 0.064394
27 0.767045 0.435606 0.069602 0.083333
2 0.563920 0.544192 0.049716 0.068182
9 0.889560 0.408460 0.036222 0.071970
27 0.603693 0.638889 0.058239 0.070707
5 0.270241 0.933712 0.031960 0.059343
23 0.137784 0.299874 0.026989 0.046717
14 0.287287 0.166667 0.027699 0.055556
10 0.072088 0.490530 0.031960 0.061869
16 0.197798 0.595328 0.071733 0.089646
21 0.707031 0.780934 0.036222 0.064394
16 0.155895 0.184343 0.063210 0.078283
2 0.557528 0.133207 0.066761 0.092172