18 0.397372 0.150884 0.033381 0.059343
3 0.595526 0.890783 0.066051 0.087121
17 0.408381 0.539773 0.035511 0.061869
8 0.218750 0.440657 0.032670 0.065657
6 0.681818 0.087121 0.049716 0.085859
16 0.827415 0.886364 0.038352 0.058081
26 0.634943 0.667298 0.068182 0.082071
11 0.771307 0.695076 0.032670 0.059343
21 0.296520 0.393939 0.070312 0.085859
10 0.849787 0.772096 0.039062 0.079545
25 0.568537 0.051136 0.033381 0.059343
12 0.950639 0.949495 0.029119 0.047980
27 0.183239 0.183081 0.068182 0.080808
9 0.791548 0.330177 0.031960 0.061869
22 0.645597 0.772727 0.034091 0.058081
24 0.039773 0.110480 0.035511 0.061869
5 0.931463 0.227904 0.033381 0.061869
15 0.337713 0.290404 0.068892 0.085859
14 0.100852 0.957071 0.032670 0.058081
1 0.258878 0.573864 0.034801 0.061869
4 0.936080 0.636995 0.035511 0.056818
7 0.131037 0.895833 0.031960 0.061869
19 0.520952 0.755051 0.034801 0.068182
0 0.088068 0.342172 0.032670 0.055556
13 0.082386 0.034091 0.024148 0.047980
20 0.273438 0.680556 0.032670 0.058081