16 0.155185 0.628157 0.060369 0.074495
24 0.221946 0.403409 0.039062 0.069444
23 0.917614 0.507576 0.038352 0.065657
17 0.799006 0.583965 0.034091 0.051768
16 0.287642 0.692551 0.063920 0.079545
20 0.597301 0.948864 0.038352 0.074495
24 0.804688 0.217172 0.035511 0.063131
13 0.835227 0.659091 0.034091 0.055556
14 0.211648 0.264520 0.026989 0.054293
11 0.740767 0.097222 0.039773 0.080808
21 0.100852 0.530303 0.031250 0.055556
19 0.662997 0.190025 0.030540 0.054293
22 0.909091 0.211490 0.061080 0.074495
0 0.648438 0.371212 0.034091 0.058081
13 0.786577 0.729798 0.033381 0.055556