20 0.749645 0.627525 0.031960 0.063131
22 0.131747 0.877525 0.060369 0.073232
24 0.807173 0.379419 0.031960 0.056818
6 0.192472 0.522727 0.359375 0.138889
14 0.736151 0.083965 0.026278 0.051768
1 0.590199 0.864899 0.038352 0.068182
23 0.607244 0.743687 0.034091 0.058081
4 0.518111 0.683712 0.041903 0.066919
26 0.476207 0.042298 0.029119 0.051768
7 0.697798 0.800505 0.057528 0.098485
23 0.947088 0.664773 0.030540 0.051768
17 0.910511 0.672980 0.036932 0.055556
26 0.591974 0.535985 0.031960 0.056818
15 0.508878 0.570076 0.033381 0.059343
11 0.384233 0.860480 0.031250 0.064394
11 0.093395 0.086490 0.031960 0.064394
6 0.477273 0.178662 0.295455 0.114899
12 0.724432 0.169823 0.035511 0.064394