9 0.479048 0.095328 0.031960 0.061869
0 0.794034 0.148990 0.032670 0.055556
26 0.897017 0.210227 0.068182 0.082071
8 0.692472 0.157828 0.032670 0.065657
1 0.737571 0.490530 0.034801 0.061869
13 0.578125 0.583333 0.024148 0.047980
5 0.210582 0.506944 0.033381 0.061869
15 0.563565 0.069444 0.068892 0.085859
14 0.487216 0.159091 0.032670 0.058081
12 0.830611 0.287879 0.029119 0.047980
3 0.515270 0.941288 0.066051 0.087121
23 0.983665 0.958333 0.032670 0.058081
19 0.734730 0.409091 0.034801 0.068182
17 0.100852 0.894571 0.035511 0.061869
27 0.924006 0.104798 0.068182 0.080808
6 0.503551 0.530303 0.049716 0.085859
11 0.834517 0.664773 0.032670 0.059343
10 0.048651 0.428662 0.039062 0.079545
4 0.920455 0.594066 0.035511 0.056818
24 0.308239 0.937500 0.035511 0.061869
16 0.158381 0.143939 0.038352 0.058081
20 0.860795 0.416667 0.032670 0.058081
21 0.039418 0.257576 0.070312 0.085859
22 0.509233 0.376263 0.034091 0.058081