9 0.792259 0.440025 0.031960 0.061869
2 0.323864 0.755051 0.062500 0.085859
6 0.756747 0.197601 0.081676 0.137626
29 0.139915 0.073232 0.068182 0.080808
23 0.550071 0.325758 0.070312 0.085859
18 0.392045 0.191919 0.038352 0.058081
16 0.126420 0.316919 0.032670 0.058081
24 0.351562 0.145202 0.034091 0.058081
17 0.806463 0.708333 0.068892 0.085859
27 0.508168 0.240530 0.033381 0.059343
14 0.016690 0.503788 0.029119 0.047980
11 0.189986 0.212753 0.031960 0.061869
26 0.211648 0.581439 0.035511 0.061869
8 0.634233 0.787879 0.049716 0.085859
0 0.875710 0.125000 0.032670 0.055556
10 0.700284 0.529040 0.032670 0.065657
1 0.501776 0.044823 0.034801 0.061869
12 0.065696 0.767045 0.039062 0.079545
15 0.141335 0.772727 0.024148 0.047980
3 0.934304 0.683712 0.066051 0.087121
22 0.108665 0.203283 0.032670 0.058081
19 0.840199 0.330177 0.035511 0.061869
21 0.521662 0.704545 0.034801 0.068182
5 0.251065 0.579545 0.026278 0.050505