7 0.733310 0.839015 0.033381 0.061869
25 0.707386 0.537879 0.032670 0.058081
14 0.925071 0.834596 0.029119 0.047980
20 0.746094 0.907197 0.033381 0.059343
29 0.767756 0.318182 0.068182 0.080808
0 0.607244 0.867424 0.032670 0.055556
17 0.219105 0.338384 0.068892 0.085859
10 0.284801 0.885101 0.032670 0.065657
19 0.528409 0.312500 0.035511 0.061869
13 0.227273 0.486742 0.032670 0.059343
26 0.428977 0.501894 0.035511 0.061869
9 0.962003 0.932449 0.031960 0.061869
16 0.449574 0.045455 0.032670 0.058081
1 0.292259 0.176136 0.034801 0.061869
22 0.203125 0.058081 0.032670 0.058081
15 0.671165 0.323232 0.024148 0.047980
23 0.300071 0.637626 0.070312 0.085859
12 0.084872 0.788510 0.039062 0.079545
4 0.968040 0.677399 0.035511 0.056818
21 0.824219 0.512626 0.034801 0.068182
11 0.126776 0.144571 0.031960 0.061869
5 0.535866 0.736111 0.026278 0.050505
8 0.429688 0.888889 0.049716 0.085859
18 0.164062 0.573232 0.038352 0.058081
27 0.780895 0.880682 0.033381 0.059343
24 0.654119 0.756313 0.034091 0.058081
28 0.208807 0.796086 0.068182 0.082071
6 0.682173 0.106692 0.081676 0.137626