16 0.084517 0.904040 0.038352 0.058081
3 0.633168 0.378157 0.066051 0.087121
4 0.894886 0.857955 0.035511 0.056818
24 0.090199 0.465278 0.035511 0.061869
5 0.618963 0.068813 0.033381 0.061869
23 0.457386 0.869949 0.032670 0.058081
11 0.186080 0.142045 0.032670 0.059343
1 0.677202 0.760732 0.034801 0.061869
20 0.489347 0.392677 0.032670 0.058081
17 0.867898 0.303662 0.035511 0.061869
15 0.650923 0.583333 0.068892 0.085859
22 0.691051 0.450758 0.034091 0.058081
14 0.889205 0.662879 0.032670 0.058081
7 0.096236 0.229167 0.031960 0.061869
27 0.776989 0.795455 0.068182 0.080808
8 0.527699 0.203283 0.032670 0.065657
9 0.417259 0.567551 0.031960 0.061869
0 0.781960 0.434343 0.032670 0.055556
13 0.573864 0.747475 0.024148 0.047980
26 0.761364 0.255682 0.068182 0.082071
25 0.197798 0.548611 0.033381 0.059343
19 0.925781 0.161616 0.034801 0.068182
6 0.632812 0.867424 0.049716 0.085859
12 0.950639 0.741162 0.029119 0.047980
21 0.608310 0.242424 0.070312 0.085859