15 0.162287 0.882576 0.068892 0.085859
19 0.769531 0.320707 0.034801 0.068182
0 0.225852 0.242424 0.032670 0.055556
3 0.204190 0.328914 0.066051 0.087121
11 0.933239 0.489268 0.032670 0.059343
27 0.912642 0.127525 0.068182 0.080808
26 0.230824 0.605429 0.068182 0.082071
21 0.130327 0.368687 0.070312 0.085859
17 0.583097 0.827652 0.035511 0.061869
7 0.062145 0.256944 0.031960 0.061869
13 0.218750 0.837121 0.024148 0.047980
14 0.472301 0.709596 0.032670 0.058081
24 0.536932 0.500631 0.035511 0.061869
8 0.376420 0.462121 0.032670 0.065657
23 0.318892 0.715909 0.032670 0.058081