26 0.187500 0.282197 0.068182 0.082071
13 0.363636 0.938131 0.024148 0.047980
9 0.537287 0.671086 0.031960 0.061869
22 0.806108 0.614899 0.034091 0.058081
27 0.300426 0.194444 0.068182 0.080808
4 0.100852 0.042298 0.035511 0.056818
20 0.417614 0.470960 0.032670 0.058081
18 0.971946 0.152146 0.033381 0.059343
24 0.814631 0.075126 0.035511 0.061869
5 0.929332 0.191288 0.033381 0.061869
11 0.351562 0.284722 0.032670 0.059343
15 0.195668 0.642677 0.068892 0.085859
23 0.027699 0.198232 0.032670 0.058081
25 0.640980 0.424874 0.033381 0.059343
14 0.925426 0.928030 0.032670 0.058081
8 0.571733 0.785354 0.032670 0.065657
7 0.539418 0.323864 0.031960 0.061869
6 0.272017 0.761364 0.049716 0.085859
21 0.711293 0.147727 0.070312 0.085859
2 0.689631 0.891414 0.062500 0.085859