15 0.308949 0.849747 0.024148 0.047980
7 0.675781 0.452652 0.033381 0.061869
2 0.097301 0.839646 0.062500 0.085859
25 0.053977 0.343434 0.032670 0.058081
6 0.683594 0.875631 0.081676 0.137626
1 0.876065 0.761995 0.034801 0.061869
29 0.735085 0.671717 0.068182 0.080808
28 0.553977 0.631944 0.068182 0.082071
26 0.828125 0.145833 0.035511 0.061869
13 0.093040 0.400884 0.032670 0.059343
10 0.396307 0.556818 0.032670 0.065657
14 0.243253 0.574495 0.029119 0.047980
16 0.235795 0.191919 0.032670 0.058081
20 0.271662 0.402146 0.033381 0.059343
19 0.632812 0.207702 0.035511 0.061869
3 0.406605 0.369318 0.066051 0.087121
4 0.064631 0.510732 0.035511 0.056818
11 0.037997 0.812500 0.031960 0.061869
22 0.564631 0.030303 0.032670 0.058081
9 0.304332 0.672348 0.031960 0.061869
21 0.930043 0.579545 0.034801 0.068182
0 0.242188 0.292929 0.032670 0.055556
8 0.935369 0.405303 0.049716 0.085859
5 0.420810 0.204545 0.026278 0.050505
23 0.800781 0.441919 0.070312 0.085859
27 0.089134 0.967803 0.033381 0.059343
18 0.149148 0.146465 0.038352 0.058081
12 0.345526 0.317551 0.039062 0.079545
24 0.741477 0.222222 0.034091 0.058081