25 0.759233 0.387626 0.032670 0.058081
12 0.644531 0.695076 0.039062 0.079545
22 0.796875 0.944444 0.032670 0.058081
27 0.047230 0.759470 0.033381 0.059343
18 0.024858 0.630051 0.038352 0.058081
1 0.322798 0.890783 0.034801 0.061869
7 0.979048 0.586490 0.033381 0.061869
10 0.982955 0.215909 0.032670 0.065657
26 0.017756 0.173611 0.035511 0.061869
21 0.018111 0.516414 0.034801 0.068182
3 0.337003 0.642045 0.066051 0.087121
20 0.136009 0.104167 0.033381 0.059343
19 0.851562 0.229167 0.035511 0.061869
16 0.612926 0.851010 0.032670 0.058081
24 0.750000 0.450758 0.034091 0.058081
13 0.510653 0.580177 0.032670 0.059343
14 0.296520 0.305556 0.029119 0.047980
28 0.537642 0.828914 0.068182 0.082071
4 0.442472 0.174874 0.035511 0.056818
15 0.857955 0.662879 0.024148 0.047980
9 0.579901 0.230429 0.031960 0.061869