26 0.071733 0.200126 0.068182 0.082071
22 0.855824 0.387626 0.034091 0.058081
6 0.605824 0.933081 0.049716 0.085859
20 0.406250 0.584596 0.032670 0.058081
4 0.825284 0.480429 0.035511 0.056818
3 0.112571 0.893308 0.066051 0.087121
9 0.799361 0.636995 0.031960 0.061869
27 0.262784 0.920455 0.068182 0.080808
21 0.487571 0.364899 0.070312 0.085859
12 0.623935 0.481061 0.029119 0.047980
25 0.412997 0.048611 0.033381 0.059343
7 0.375355 0.229167 0.031960 0.061869
15 0.301491 0.327020 0.068892 0.085859
24 0.058949 0.589015 0.035511 0.061869
17 0.972301 0.503157 0.035511 0.061869
11 0.466619 0.710227 0.032670 0.059343
8 0.889915 0.729798 0.032670 0.065657
10 0.869673 0.316288 0.039062 0.079545
13 0.344460 0.917929 0.024148 0.047980