19 0.781250 0.340278 0.035511 0.061869
14 0.344815 0.075758 0.029119 0.047980
6 0.653764 0.114268 0.081676 0.137626
5 0.615412 0.637626 0.026278 0.050505
24 0.877131 0.787879 0.034091 0.058081
8 0.331676 0.174242 0.049716 0.085859
20 0.389560 0.383207 0.033381 0.059343
4 0.945312 0.328914 0.035511 0.056818
29 0.428267 0.708333 0.068182 0.080808
22 0.316761 0.546717 0.032670 0.058081
16 0.770597 0.401515 0.032670 0.058081
23 0.557173 0.710859 0.070312 0.085859
15 0.196733 0.722222 0.024148 0.047980
18 0.593750 0.332071 0.038352 0.058081
11 0.314986 0.940025 0.031960 0.061869
27 0.652344 0.895833 0.033381 0.059343