3 0.574219 0.846591 0.066051 0.087121
29 0.854403 0.185606 0.068182 0.080808
5 0.258168 0.944444 0.026278 0.050505
20 0.522372 0.859217 0.033381 0.059343
10 0.036222 0.371212 0.032670 0.065657
21 0.618253 0.540404 0.034801 0.068182
18 0.482955 0.753788 0.038352 0.058081
4 0.590199 0.191288 0.035511 0.056818
1 0.294389 0.861742 0.034801 0.061869
25 0.504261 0.107323 0.032670 0.058081
15 0.867188 0.515152 0.024148 0.047980
26 0.125710 0.893308 0.035511 0.061869
8 0.801847 0.842172 0.049716 0.085859
12 0.127486 0.773359 0.039062 0.079545
7 0.025923 0.446338 0.033381 0.061869
16 0.394176 0.241162 0.032670 0.058081
22 0.643466 0.036616 0.032670 0.058081
14 0.576349 0.371212 0.029119 0.047980
13 0.855114 0.851641 0.032670 0.059343
17 0.738281 0.241162 0.068892 0.085859
23 0.258168 0.666667 0.070312 0.085859
6 0.937145 0.207702 0.081676 0.137626
28 0.111506 0.595328 0.068182 0.082071
9 0.840554 0.428662 0.031960 0.061869
2 0.227273 0.119949 0.062500 0.085859
27 0.655185 0.226641 0.033381 0.059343