24 0.251420 0.481061 0.029830 0.053030
5 0.590554 0.787247 0.031960 0.059343
14 0.200994 0.349747 0.022727 0.045455
16 0.599432 0.575758 0.071023 0.088384
12 0.889205 0.744318 0.028409 0.051768
8 0.384233 0.440025 0.025568 0.049242
5 0.419034 0.162879 0.029830 0.055556
15 0.904474 0.592803 0.037642 0.066919
2 0.319602 0.748737 0.051136 0.070707
20 0.790128 0.731692 0.030540 0.059343
1 0.311435 0.929924 0.029119 0.051768
6 0.771662 0.300505 0.352983 0.136364
19 0.373580 0.073232 0.039773 0.070707
3 0.806818 0.172348 0.073864 0.097222
25 0.740767 0.660985 0.036932 0.064394
28 0.124290 0.541667 0.063920 0.075758
17 0.422585 0.559343 0.038352 0.058081
5 0.140625 0.938763 0.029830 0.054293
8 0.020952 0.342803 0.030540 0.059343
2 0.171520 0.167298 0.056108 0.077020
21 0.281250 0.238636 0.032670 0.058081
18 0.397017 0.697601 0.036932 0.064394
7 0.820312 0.420455 0.039773 0.068182
28 0.748935 0.057449 0.071733 0.084596
1 0.854048 0.638258 0.031960 0.056818
26 0.649858 0.160354 0.029830 0.053030
27 0.831676 0.825758 0.065341 0.078283