14 0.370028 0.796717 0.032670 0.058081
20 0.551847 0.559343 0.032670 0.058081
1 0.181463 0.166035 0.034801 0.061869
15 0.064986 0.147727 0.068892 0.085859
6 0.737216 0.571970 0.049716 0.085859
19 0.762429 0.314394 0.034801 0.068182
18 0.376776 0.636995 0.033381 0.059343
21 0.459872 0.327020 0.070312 0.085859
4 0.958807 0.940025 0.035511 0.056818
26 0.086648 0.433712 0.068182 0.082071
9 0.649503 0.964015 0.031960 0.061869
8 0.298295 0.395202 0.032670 0.065657
13 0.299006 0.107323 0.024148 0.047980
0 0.854403 0.646465 0.032670 0.055556
2 0.446023 0.943182 0.062500 0.085859
12 0.550781 0.777778 0.029119 0.047980
10 0.640980 0.548611 0.039062 0.079545
7 0.463423 0.249369 0.031960 0.061869