18 0.319957 0.745581 0.033381 0.059343
19 0.312855 0.815657 0.034801 0.068182
24 0.764915 0.047348 0.035511 0.061869
6 0.414773 0.242424 0.049716 0.085859
14 0.845170 0.558081 0.032670 0.058081
8 0.138494 0.790404 0.032670 0.065657
25 0.326349 0.272096 0.033381 0.059343
1 0.639560 0.091540 0.034801 0.061869
13 0.702415 0.810606 0.024148 0.047980
17 0.791903 0.815025 0.035511 0.061869
27 0.550426 0.777778 0.068182 0.080808
4 0.278409 0.405934 0.035511 0.056818
5 0.123224 0.672348 0.033381 0.061869
15 0.035866 0.662879 0.068892 0.085859
3 0.736151 0.440025 0.066051 0.087121
9 0.785866 0.893308 0.031960 0.061869
0 0.154830 0.127525 0.032670 0.055556
12 0.437855 0.838384 0.029119 0.047980
11 0.448864 0.049874 0.032670 0.059343
26 0.938210 0.668561 0.068182 0.082071
16 0.625710 0.733586 0.038352 0.058081
22 0.093750 0.531566 0.034091 0.058081
2 0.375710 0.761364 0.062500 0.085859
21 0.705611 0.231061 0.070312 0.085859
20 0.565341 0.273990 0.032670 0.058081
7 0.022372 0.876894 0.031960 0.061869
23 0.370028 0.873737 0.032670 0.058081
10 0.648793 0.410985 0.039062 0.079545