22 0.808949 0.765152 0.034091 0.058081
1 0.080611 0.547348 0.034801 0.061869
13 0.806108 0.372475 0.024148 0.047980
11 0.247159 0.696338 0.032670 0.059343
26 0.561790 0.590278 0.068182 0.082071
7 0.884588 0.062500 0.031960 0.061869
15 0.866122 0.862374 0.068892 0.085859
12 0.462003 0.732323 0.029119 0.047980
27 0.218040 0.327020 0.068182 0.080808
25 0.034446 0.923611 0.033381 0.059343
3 0.034446 0.433712 0.066051 0.087121
16 0.210227 0.695707 0.038352 0.058081
2 0.308949 0.594697 0.062500 0.085859
23 0.650568 0.455808 0.032670 0.058081
14 0.697443 0.058081 0.032670 0.058081
5 0.127486 0.760732 0.033381 0.061869
0 0.884943 0.737374 0.032670 0.055556
18 0.846946 0.106692 0.033381 0.059343
6 0.226562 0.931818 0.049716 0.085859
20 0.497159 0.159091 0.032670 0.058081
21 0.778764 0.571970 0.070312 0.085859
24 0.549716 0.710227 0.035511 0.061869