10 0.201705 0.510101 0.032670 0.065657
15 0.705256 0.545455 0.024148 0.047980
22 0.955966 0.601010 0.032670 0.058081
19 0.808239 0.244318 0.035511 0.061869
4 0.394176 0.629419 0.035511 0.056818
13 0.821023 0.591540 0.032670 0.059343
17 0.150213 0.609848 0.068892 0.085859
5 0.235440 0.210859 0.026278 0.050505
24 0.966619 0.093434 0.034091 0.058081
28 0.162642 0.051136 0.068182 0.082071
21 0.312145 0.852273 0.034801 0.068182
1 0.971236 0.955177 0.034801 0.061869
7 0.660156 0.421086 0.033381 0.061869
20 0.837003 0.447601 0.033381 0.059343
3 0.611151 0.919823 0.066051 0.087121
27 0.756037 0.371843 0.033381 0.059343
16 0.257102 0.373737 0.032670 0.058081
23 0.438565 0.556818 0.070312 0.085859
0 0.983665 0.266414 0.032670 0.055556
12 0.318537 0.457702 0.039062 0.079545
18 0.254261 0.765152 0.038352 0.058081
8 0.775568 0.808081 0.049716 0.085859
11 0.841974 0.313763 0.031960 0.061869
14 0.412287 0.907828 0.029119 0.047980
6 0.909446 0.816288 0.081676 0.137626
2 0.132102 0.422980 0.062500 0.085859
25 0.477273 0.669192 0.032670 0.058081
26 0.309659 0.287247 0.035511 0.061869