11 0.340199 0.869318 0.032670 0.059343
0 0.622869 0.727273 0.032670 0.055556
24 0.286932 0.700126 0.035511 0.061869
13 0.715909 0.267677 0.024148 0.047980
10 0.310014 0.248106 0.039062 0.079545
25 0.541548 0.960227 0.033381 0.059343
18 0.258168 0.052399 0.033381 0.059343
21 0.367543 0.064394 0.070312 0.085859
1 0.078480 0.667298 0.034801 0.061869
6 0.688210 0.746212 0.049716 0.085859
22 0.948153 0.695707 0.034091 0.058081
26 0.384233 0.563763 0.068182 0.082071
27 0.545455 0.198232 0.068182 0.080808
16 0.056818 0.429293 0.038352 0.058081
4 0.926136 0.506944 0.035511 0.056818
19 0.835582 0.328283 0.034801 0.068182
23 0.083097 0.323232 0.032670 0.058081
8 0.048295 0.308081 0.032670 0.065657
7 0.587003 0.094066 0.031960 0.061869
9 0.290838 0.839015 0.031960 0.061869