2 0.194602 0.381313 0.062500 0.085859
27 0.346946 0.265783 0.033381 0.059343
12 0.819247 0.053662 0.039062 0.079545
25 0.642045 0.181818 0.032670 0.058081
6 0.356179 0.589015 0.081676 0.137626
4 0.384233 0.349116 0.035511 0.056818
19 0.514205 0.378157 0.035511 0.061869
17 0.284446 0.714646 0.068892 0.085859
21 0.462003 0.965909 0.034801 0.068182
29 0.085938 0.741162 0.068182 0.080808
13 0.575994 0.152146 0.032670 0.059343
5 0.799361 0.940657 0.026278 0.050505
20 0.577060 0.356692 0.033381 0.059343
24 0.600142 0.042929 0.034091 0.058081
26 0.937500 0.964015 0.035511 0.061869