2 0.067472 0.420455 0.062500 0.085859
3 0.651634 0.839015 0.066051 0.087121
23 0.232955 0.064394 0.032670 0.058081
25 0.311435 0.294823 0.033381 0.059343
8 0.590199 0.880051 0.032670 0.065657
13 0.237926 0.512626 0.024148 0.047980
22 0.370028 0.645202 0.034091 0.058081
10 0.711293 0.114268 0.039062 0.079545
15 0.300781 0.843434 0.068892 0.085859
24 0.297585 0.361742 0.035511 0.061869
11 0.068182 0.886995 0.032670 0.059343
18 0.380327 0.528409 0.033381 0.059343
0 0.816761 0.681818 0.032670 0.055556
19 0.513849 0.207071 0.034801 0.068182
17 0.110795 0.820076 0.035511 0.061869
21 0.616832 0.746212 0.070312 0.085859
14 0.158381 0.137626 0.032670 0.058081
12 0.617543 0.054293 0.029119 0.047980
4 0.254972 0.662247 0.035511 0.056818
6 0.610795 0.227273 0.049716 0.085859
26 0.458097 0.085227 0.068182 0.082071
16 0.832386 0.045455 0.038352 0.058081
5 0.359730 0.331439 0.033381 0.061869
9 0.394531 0.421086 0.031960 0.061869
7 0.946378 0.222854 0.031960 0.061869
27 0.183239 0.791667 0.068182 0.080808
1 0.756747 0.628157 0.034801 0.061869
20 0.026278 0.705808 0.032670 0.058081