14 0.336293 0.182449 0.023438 0.046717
12 0.159446 0.088384 0.029119 0.053030
26 0.587358 0.400253 0.034091 0.060606
17 0.640980 0.821970 0.034801 0.053030
24 0.031605 0.288510 0.037642 0.066919
8 0.443537 0.212121 0.034801 0.068182
27 0.889205 0.541035 0.063920 0.077020
15 0.235795 0.642677 0.036932 0.065657
8 0.064986 0.346591 0.027699 0.054293
25 0.019531 0.030303 0.030540 0.053030
9 0.506747 0.920455 0.027699 0.055556
15 0.511009 0.434975 0.036222 0.064394
5 0.946733 0.541667 0.032670 0.060606
14 0.379972 0.208965 0.026989 0.054293
3 0.228338 0.214015 0.077415 0.102273
25 0.540838 0.176136 0.037642 0.064394
9 0.806818 0.690025 0.034091 0.069444
6 0.500710 0.635732 0.333807 0.130051
2 0.684659 0.508838 0.062500 0.085859
16 0.042259 0.448864 0.080256 0.099747
7 0.321733 0.294192 0.056818 0.098485
4 0.888494 0.717172 0.041193 0.065657
0 0.636364 0.116162 0.035511 0.060606
24 0.443537 0.923611 0.031960 0.056818
4 0.876065 0.928662 0.039062 0.061869
6 0.167259 0.905303 0.307528 0.118687