15 0.520597 0.236111 0.036932 0.065657
28 0.708807 0.221591 0.061080 0.071970
17 0.823864 0.071338 0.042614 0.064394
0 0.167614 0.811869 0.028409 0.047980
3 0.385298 0.645833 0.073153 0.097222
24 0.302202 0.881944 0.036222 0.064394
21 0.294389 0.053662 0.027699 0.049242
1 0.094105 0.436237 0.039062 0.069444
17 0.810369 0.313131 0.038352 0.058081
23 0.557528 0.842172 0.039773 0.068182
4 0.122869 0.228535 0.028409 0.045455
2 0.064276 0.636364 0.058949 0.080808
8 0.328125 0.795455 0.029830 0.058081
17 0.429332 0.561237 0.041903 0.064394
19 0.751065 0.759470 0.033381 0.059343
2 0.860440 0.507576 0.071733 0.098485
7 0.027699 0.325126 0.041193 0.071970
20 0.520597 0.362374 0.041193 0.080808
8 0.294034 0.444444 0.032670 0.063131
8 0.774503 0.831439 0.033381 0.064394
28 0.449929 0.313131 0.061790 0.073232
3 0.623935 0.046086 0.066051 0.087121
27 0.472301 0.905934 0.059659 0.071970
28 0.297940 0.311237 0.080256 0.094697