3 0.825639 0.246843 0.066051 0.087121
22 0.257812 0.084596 0.034091 0.058081
26 0.878551 0.525884 0.068182 0.082071
9 0.495384 0.730429 0.031960 0.061869
0 0.362926 0.448232 0.032670 0.055556
1 0.535866 0.451389 0.034801 0.061869
10 0.215554 0.668561 0.039062 0.079545
6 0.505682 0.348485 0.049716 0.085859
19 0.627486 0.036616 0.034801 0.068182
5 0.570668 0.813763 0.033381 0.061869
27 0.073153 0.845960 0.068182 0.080808
16 0.306818 0.748737 0.038352 0.058081
12 0.560724 0.895202 0.029119 0.047980
7 0.069247 0.135732 0.031960 0.061869
2 0.085227 0.457071 0.062500 0.085859
25 0.590554 0.193813 0.033381 0.059343
11 0.149858 0.489268 0.032670 0.059343
14 0.448864 0.342172 0.032670 0.058081
20 0.606534 0.457071 0.032670 0.058081
17 0.342330 0.850379 0.035511 0.061869
24 0.878551 0.347854 0.035511 0.061869