2 0.363636 0.906566 0.029830 0.053030
14 0.099787 0.924874 0.027699 0.049242
21 0.163707 0.203914 0.029119 0.051768
28 0.688565 0.240530 0.031960 0.056818
16 0.367543 0.157197 0.036222 0.064394
1 0.174361 0.359217 0.040483 0.071970
26 0.644531 0.682449 0.039062 0.069444
21 0.895952 0.692551 0.027699 0.049242
26 0.810014 0.559975 0.030540 0.054293
15 0.292614 0.152778 0.036932 0.065657
24 0.539418 0.184975 0.029119 0.051768
20 0.883168 0.154672 0.036222 0.064394
25 0.153764 0.684975 0.027699 0.049242