4 0.114347 0.068813 0.035511 0.056818
15 0.186790 0.465909 0.024148 0.047980
2 0.512074 0.719697 0.062500 0.085859
26 0.395597 0.657197 0.035511 0.061869
18 0.139915 0.818182 0.038352 0.058081
13 0.325284 0.158460 0.032670 0.059343
27 0.567116 0.758207 0.033381 0.059343
12 0.075639 0.304924 0.039062 0.079545
14 0.962003 0.676768 0.029119 0.047980
22 0.409801 0.036616 0.032670 0.058081
10 0.981534 0.593434 0.032670 0.065657
0 0.622869 0.323232 0.032670 0.055556
23 0.043679 0.734848 0.070312 0.085859
16 0.128551 0.318182 0.032670 0.058081
17 0.640270 0.585859 0.068892 0.085859
6 0.097656 0.455177 0.081676 0.137626
8 0.622869 0.212121 0.049716 0.085859
20 0.061435 0.124369 0.033381 0.059343
21 0.817116 0.119949 0.034801 0.068182
5 0.792969 0.258838 0.026278 0.050505
9 0.392401 0.163510 0.031960 0.061869
19 0.427557 0.571338 0.035511 0.061869
11 0.403764 0.474116 0.031960 0.061869
24 0.558949 0.435606 0.034091 0.058081
25 0.481534 0.181818 0.032670 0.058081
3 0.469815 0.907197 0.066051 0.087121
1 0.603338 0.774621 0.034801 0.061869
28 0.164062 0.202652 0.068182 0.082071