27 0.878906 0.720328 0.033381 0.059343
5 0.592685 0.694444 0.026278 0.050505
8 0.940341 0.362374 0.049716 0.085859
12 0.380327 0.578914 0.039062 0.079545
23 0.513139 0.665404 0.070312 0.085859
6 0.307173 0.839015 0.081676 0.137626
11 0.723366 0.859217 0.031960 0.061869
10 0.083097 0.652778 0.032670 0.065657
4 0.428977 0.380682 0.035511 0.056818
29 0.450994 0.184343 0.068182 0.080808
17 0.878906 0.810606 0.068892 0.085859
22 0.112926 0.286616 0.032670 0.058081
26 0.404830 0.475379 0.035511 0.061869
14 0.377486 0.736111 0.029119 0.047980
20 0.727628 0.684975 0.033381 0.059343