24 0.514205 0.515783 0.035511 0.061869
11 0.212358 0.155934 0.032670 0.059343
23 0.706676 0.412879 0.032670 0.058081
22 0.095170 0.640152 0.034091 0.058081
21 0.646662 0.185606 0.070312 0.085859
26 0.226562 0.934975 0.068182 0.082071
14 0.369318 0.036616 0.032670 0.058081
16 0.625000 0.037879 0.038352 0.058081
5 0.060014 0.291035 0.033381 0.061869
15 0.038707 0.604798 0.068892 0.085859
2 0.842330 0.152778 0.062500 0.085859
4 0.522017 0.583965 0.035511 0.056818
6 0.612216 0.295455 0.049716 0.085859
18 0.136719 0.240530 0.033381 0.059343
13 0.166903 0.483586 0.024148 0.047980
20 0.851562 0.329545 0.032670 0.058081
7 0.358310 0.255682 0.031960 0.061869
17 0.433949 0.535985 0.035511 0.061869
8 0.480824 0.887626 0.032670 0.065657
25 0.732599 0.597854 0.033381 0.059343
3 0.116122 0.517045 0.066051 0.087121
1 0.330611 0.440025 0.034801 0.061869
9 0.162997 0.715278 0.031960 0.061869
10 0.227628 0.390783 0.039062 0.079545
0 0.684659 0.684343 0.032670 0.055556
19 0.956321 0.169192 0.034801 0.068182
27 0.276989 0.085859 0.068182 0.080808
12 0.671520 0.602273 0.029119 0.047980