14 0.258878 0.655303 0.029119 0.047980
22 0.786932 0.968434 0.032670 0.058081
12 0.728338 0.765783 0.039062 0.079545
9 0.827770 0.366793 0.031960 0.061869
1 0.805753 0.269571 0.034801 0.061869
8 0.848722 0.594697 0.049716 0.085859
20 0.272372 0.528409 0.033381 0.059343
24 0.672585 0.217172 0.034091 0.058081
25 0.297585 0.830808 0.032670 0.058081
5 0.113991 0.050505 0.026278 0.050505
28 0.602273 0.288510 0.068182 0.082071
29 0.732955 0.680556 0.068182 0.080808
16 0.044034 0.916667 0.032670 0.058081
3 0.067116 0.668561 0.066051 0.087121
0 0.485795 0.635101 0.032670 0.055556
7 0.486861 0.913510 0.033381 0.061869
13 0.629972 0.488005 0.032670 0.059343
19 0.860085 0.855429 0.035511 0.061869
6 0.122514 0.433712 0.081676 0.137626
11 0.247514 0.438763 0.031960 0.061869