5 0.197088 0.361742 0.033381 0.061869
1 0.110440 0.533460 0.034801 0.061869
12 0.609020 0.628788 0.029119 0.047980
20 0.068182 0.851010 0.032670 0.058081
4 0.784091 0.595328 0.035511 0.056818
0 0.278409 0.407828 0.032670 0.055556
13 0.923295 0.592172 0.024148 0.047980
26 0.232955 0.261995 0.068182 0.082071
19 0.060724 0.376263 0.034801 0.068182
25 0.533736 0.586490 0.033381 0.059343
14 0.757812 0.967172 0.032670 0.058081
17 0.397727 0.879419 0.035511 0.061869
11 0.476562 0.522096 0.032670 0.059343
16 0.524148 0.339646 0.038352 0.058081
7 0.673651 0.076389 0.031960 0.061869