28 0.461293 0.917929 0.056108 0.065657
28 0.158736 0.611111 0.057528 0.068182
18 0.618608 0.511364 0.028409 0.050505
4 0.688210 0.128788 0.032670 0.053030
27 0.410511 0.816919 0.066761 0.080808
1 0.144176 0.933081 0.031250 0.055556
14 0.339134 0.961490 0.022017 0.044192
25 0.068182 0.451389 0.041193 0.071970
20 0.049716 0.941288 0.036932 0.071970
3 0.205611 0.407197 0.071733 0.094697
1 0.883523 0.516414 0.031250 0.055556
28 0.873935 0.686869 0.070312 0.083333
14 0.570312 0.593434 0.025568 0.050505
16 0.251776 0.307449 0.081676 0.102273
28 0.696378 0.962121 0.060369 0.070707
28 0.177912 0.284091 0.061790 0.073232
13 0.309659 0.508838 0.034091 0.055556
19 0.746094 0.573864 0.033381 0.059343
19 0.440341 0.063131 0.036932 0.065657
26 0.379261 0.148990 0.034091 0.060606
20 0.742543 0.059975 0.040483 0.079545
8 0.507102 0.098485 0.028409 0.055556
13 0.459872 0.549242 0.026278 0.042929
10 0.275568 0.416035 0.034091 0.066919
17 0.457031 0.740530 0.037642 0.056818
13 0.843750 0.516414 0.034091 0.055556
27 0.053267 0.191919 0.055398 0.065657
13 0.307884 0.588384 0.033381 0.055556
2 0.908736 0.323864 0.063210 0.087121