8 0.122869 0.921717 0.049716 0.085859
20 0.273793 0.034722 0.033381 0.059343
16 0.492188 0.061869 0.032670 0.058081
9 0.555043 0.484217 0.031960 0.061869
29 0.197443 0.363636 0.068182 0.080808
7 0.343395 0.167298 0.033381 0.061869
25 0.449574 0.464646 0.032670 0.058081
22 0.572443 0.584596 0.032670 0.058081
1 0.954901 0.489268 0.034801 0.061869
24 0.710938 0.486111 0.034091 0.058081
27 0.523082 0.215278 0.033381 0.059343
23 0.730469 0.690657 0.070312 0.085859
17 0.778054 0.289141 0.068892 0.085859
15 0.639915 0.814394 0.024148 0.047980
14 0.470526 0.640152 0.029119 0.047980
6 0.341974 0.436237 0.081676 0.137626
12 0.281605 0.823864 0.039062 0.079545
4 0.539773 0.291035 0.035511 0.056818
28 0.922585 0.321338 0.068182 0.082071
26 0.599432 0.186237 0.035511 0.061869
11 0.526634 0.393308 0.031960 0.061869
2 0.691051 0.818182 0.062500 0.085859