14 0.867188 0.680556 0.032670 0.058081
3 0.832741 0.511995 0.066051 0.087121
13 0.029119 0.275253 0.024148 0.047980
1 0.176491 0.240530 0.034801 0.061869
5 0.281605 0.799874 0.033381 0.061869
4 0.801847 0.785985 0.035511 0.056818
6 0.338068 0.929293 0.049716 0.085859
7 0.311435 0.586490 0.031960 0.061869
0 0.857244 0.223485 0.032670 0.055556
8 0.180398 0.166667 0.032670 0.065657
11 0.884233 0.096591 0.032670 0.059343
21 0.738991 0.058081 0.070312 0.085859
25 0.334872 0.179924 0.033381 0.059343
12 0.476918 0.277778 0.029119 0.047980
9 0.726918 0.806187 0.031960 0.061869
26 0.531960 0.859217 0.068182 0.082071
24 0.366477 0.738005 0.035511 0.061869
2 0.622159 0.362374 0.062500 0.085859
27 0.105824 0.301768 0.068182 0.080808
15 0.894531 0.356061 0.068892 0.085859
20 0.387784 0.482323 0.032670 0.058081
19 0.202060 0.473485 0.034801 0.068182
18 0.748935 0.715278 0.033381 0.059343
16 0.549006 0.308081 0.038352 0.058081
17 0.825284 0.110480 0.035511 0.061869
23 0.244318 0.032828 0.032670 0.058081
22 0.626420 0.858586 0.034091 0.058081
10 0.851918 0.797348 0.039062 0.079545