18 0.325284 0.621843 0.041193 0.071970
26 0.041193 0.806818 0.028409 0.050505
6 0.513494 0.402146 0.342330 0.132576
5 0.775568 0.465909 0.036932 0.068182
17 0.752131 0.080177 0.032670 0.049242
3 0.485085 0.277146 0.062500 0.082071
13 0.810369 0.596591 0.028409 0.046717
17 0.448864 0.054924 0.035511 0.054293
24 0.576349 0.864268 0.026278 0.046717
21 0.545455 0.195707 0.034091 0.060606
13 0.396662 0.765783 0.030540 0.049242
20 0.109730 0.433081 0.033381 0.065657
14 0.501420 0.656566 0.025568 0.050505
15 0.936435 0.846591 0.026278 0.046717
8 0.900213 0.824495 0.026278 0.050505
1 0.317116 0.846591 0.040483 0.071970
28 0.134588 0.809343 0.074574 0.088384
27 0.791548 0.942551 0.078835 0.094697
20 0.770241 0.297980 0.034801 0.068182
16 0.798295 0.750631 0.059659 0.074495
14 0.902344 0.042929 0.024858 0.050505
12 0.457741 0.791667 0.039062 0.070707
7 0.167969 0.450758 0.057528 0.098485