3 0.344105 0.587753 0.066051 0.087121
20 0.703125 0.520202 0.032670 0.058081
21 0.479759 0.545455 0.070312 0.085859
1 0.587003 0.575126 0.034801 0.061869
10 0.716264 0.746843 0.039062 0.079545
7 0.601918 0.044823 0.031960 0.061869
8 0.391335 0.049242 0.032670 0.065657
27 0.838068 0.678030 0.068182 0.080808
18 0.251776 0.207702 0.033381 0.059343
6 0.971591 0.631313 0.049716 0.085859
16 0.083807 0.308081 0.038352 0.058081
23 0.580966 0.468434 0.032670 0.058081
24 0.659801 0.259470 0.035511 0.061869
4 0.640625 0.666035 0.035511 0.056818
5 0.843395 0.256944 0.033381 0.061869
14 0.490767 0.693182 0.032670 0.058081
15 0.664418 0.936869 0.068892 0.085859
2 0.653409 0.844697 0.062500 0.085859
26 0.920455 0.046086 0.068182 0.082071
12 0.042969 0.267677 0.029119 0.047980
22 0.811790 0.382576 0.034091 0.058081
0 0.455966 0.130051 0.032670 0.055556
9 0.221236 0.457702 0.031960 0.061869
19 0.376065 0.763889 0.034801 0.068182