10 0.433239 0.330808 0.032670 0.065657
28 0.245739 0.928662 0.068182 0.082071
29 0.307528 0.212121 0.068182 0.080808
12 0.479759 0.124369 0.039062 0.079545
7 0.265980 0.820076 0.033381 0.061869
26 0.822443 0.429924 0.035511 0.061869
19 0.379261 0.409722 0.035511 0.061869
5 0.912997 0.625000 0.026278 0.050505
0 0.216619 0.094697 0.032670 0.055556
2 0.872159 0.104798 0.062500 0.085859
9 0.373935 0.722854 0.031960 0.061869
22 0.037642 0.377525 0.032670 0.058081
6 0.542969 0.916035 0.081676 0.137626
27 0.717685 0.499369 0.033381 0.059343
1 0.434304 0.518308 0.034801 0.061869
13 0.458097 0.625631 0.032670 0.059343
16 0.143466 0.825758 0.032670 0.058081
8 0.737216 0.632576 0.049716 0.085859
4 0.160511 0.445076 0.035511 0.056818
23 0.147372 0.362374 0.070312 0.085859
25 0.678267 0.469697 0.032670 0.058081
11 0.774503 0.443813 0.031960 0.061869
21 0.574219 0.496212 0.034801 0.068182
18 0.080966 0.142677 0.038352 0.058081
24 0.024148 0.868687 0.034091 0.058081
20 0.410866 0.583965 0.033381 0.059343
17 0.591264 0.578283 0.068892 0.085859
14 0.376065 0.553030 0.029119 0.047980