10 0.027699 0.207071 0.032670 0.065657
4 0.689631 0.741793 0.035511 0.056818
6 0.255327 0.714015 0.081676 0.137626
17 0.905895 0.630051 0.068892 0.085859
9 0.378196 0.076389 0.031960 0.061869
23 0.783736 0.632576 0.070312 0.085859
5 0.455611 0.741162 0.026278 0.050505
22 0.509943 0.238636 0.032670 0.058081
0 0.653409 0.131313 0.032670 0.055556
15 0.259943 0.261364 0.024148 0.047980
28 0.763494 0.347854 0.068182 0.082071
29 0.907670 0.294192 0.068182 0.080808
25 0.463068 0.112374 0.032670 0.058081
2 0.963068 0.794192 0.062500 0.085859
11 0.883878 0.434975 0.031960 0.061869
1 0.972656 0.562500 0.034801 0.061869
16 0.355824 0.553030 0.032670 0.058081
26 0.287642 0.100379 0.035511 0.061869
13 0.674006 0.961490 0.032670 0.059343
27 0.630327 0.827652 0.033381 0.059343
18 0.887784 0.909091 0.038352 0.058081
12 0.537997 0.328914 0.039062 0.079545
19 0.362216 0.647096 0.035511 0.061869
7 0.807884 0.482955 0.033381 0.061869
21 0.698509 0.825758 0.034801 0.068182
14 0.381747 0.430556 0.029119 0.047980
24 0.114347 0.852273 0.034091 0.058081