17 0.819957 0.531566 0.068892 0.085859
4 0.345170 0.395833 0.035511 0.056818
12 0.194247 0.857955 0.039062 0.079545
1 0.658026 0.193813 0.034801 0.061869
9 0.116832 0.804924 0.031960 0.061869
20 0.466974 0.197601 0.033381 0.059343
5 0.877486 0.678030 0.026278 0.050505
15 0.812500 0.765152 0.024148 0.047980
10 0.732244 0.930556 0.032670 0.065657
24 0.629972 0.897727 0.034091 0.058081
13 0.244318 0.351641 0.032670 0.059343
23 0.758168 0.117424 0.070312 0.085859
25 0.373580 0.258838 0.032670 0.058081
27 0.945668 0.721591 0.033381 0.059343
18 0.100142 0.210859 0.038352 0.058081
7 0.518821 0.659722 0.033381 0.061869
28 0.829545 0.392045 0.068182 0.082071
14 0.072798 0.340909 0.029119 0.047980
3 0.557173 0.273359 0.066051 0.087121
16 0.101562 0.869949 0.032670 0.058081
29 0.938920 0.527778 0.068182 0.080808
26 0.975142 0.150884 0.035511 0.061869
0 0.743608 0.818182 0.032670 0.055556