27 0.940341 0.373737 0.068182 0.080808
23 0.833097 0.911616 0.032670 0.058081
5 0.433594 0.323864 0.033381 0.061869
17 0.033381 0.958965 0.035511 0.061869
6 0.936790 0.611111 0.049716 0.085859
2 0.873580 0.239899 0.062500 0.085859
22 0.156250 0.967172 0.034091 0.058081
24 0.186790 0.888258 0.035511 0.061869
18 0.638139 0.839015 0.033381 0.059343
4 0.732244 0.099116 0.035511 0.056818
11 0.275568 0.380682 0.032670 0.059343
12 0.913707 0.944444 0.029119 0.047980
25 0.396662 0.355429 0.033381 0.059343
26 0.227273 0.121843 0.068182 0.082071
14 0.041903 0.352273 0.032670 0.058081
9 0.607599 0.428662 0.031960 0.061869
19 0.910156 0.738636 0.034801 0.068182
0 0.736506 0.566919 0.032670 0.055556
10 0.071378 0.076389 0.039062 0.079545
15 0.330611 0.498737 0.068892 0.085859
3 0.270952 0.304924 0.066051 0.087121
8 0.760653 0.318182 0.032670 0.065657
21 0.493963 0.539141 0.070312 0.085859