5 0.854759 0.953914 0.033381 0.061869
27 0.441761 0.547980 0.068182 0.080808
0 0.362216 0.926768 0.032670 0.055556
22 0.035511 0.739899 0.034091 0.058081
16 0.295455 0.886364 0.038352 0.058081
17 0.676136 0.066288 0.035511 0.061869
11 0.945312 0.684975 0.032670 0.059343
24 0.682528 0.572601 0.035511 0.061869
7 0.079901 0.269571 0.031960 0.061869
25 0.717685 0.846591 0.033381 0.059343
20 0.909091 0.428030 0.032670 0.058081
3 0.468395 0.686237 0.066051 0.087121
13 0.340199 0.863636 0.024148 0.047980
9 0.758878 0.461490 0.031960 0.061869
8 0.219460 0.251263 0.032670 0.065657
14 0.454545 0.340909 0.032670 0.058081
26 0.742898 0.270833 0.068182 0.082071
15 0.905895 0.541667 0.068892 0.085859
6 0.566051 0.872475 0.049716 0.085859
21 0.043679 0.909091 0.070312 0.085859
10 0.339844 0.200126 0.039062 0.079545
23 0.796875 0.811869 0.032670 0.058081
1 0.206321 0.134470 0.034801 0.061869
18 0.535156 0.034722 0.033381 0.059343