27 0.755327 0.400884 0.033381 0.059343
11 0.266690 0.421086 0.031960 0.061869
0 0.253551 0.801768 0.032670 0.055556
6 0.836293 0.437500 0.081676 0.137626
21 0.048651 0.462121 0.034801 0.068182
19 0.798295 0.884470 0.035511 0.061869
16 0.952415 0.469697 0.032670 0.058081
12 0.476207 0.241793 0.039062 0.079545
13 0.961648 0.947601 0.032670 0.059343
10 0.554688 0.147727 0.032670 0.065657
25 0.434659 0.747475 0.032670 0.058081
5 0.127486 0.679293 0.026278 0.050505
28 0.125000 0.551136 0.068182 0.082071
9 0.100497 0.043561 0.031960 0.061869
1 0.566406 0.451389 0.034801 0.061869