29 0.686080 0.095960 0.068182 0.080808
20 0.307173 0.796086 0.033381 0.059343
21 0.031605 0.378788 0.034801 0.068182
4 0.198153 0.941288 0.035511 0.056818
18 0.453125 0.844697 0.038352 0.058081
5 0.898793 0.029040 0.026278 0.050505
9 0.395952 0.835227 0.031960 0.061869
28 0.519886 0.388258 0.068182 0.082071
7 0.488281 0.539773 0.033381 0.061869
25 0.259233 0.808081 0.032670 0.058081
11 0.787997 0.500631 0.031960 0.061869
6 0.131747 0.423611 0.081676 0.137626
14 0.553622 0.819444 0.029119 0.047980
19 0.196733 0.049874 0.035511 0.061869
3 0.848366 0.778409 0.066051 0.087121
1 0.592685 0.514520 0.034801 0.061869
10 0.296165 0.727273 0.032670 0.065657
15 0.960227 0.087121 0.024148 0.047980