28 0.134233 0.264520 0.068182 0.082071
17 0.628906 0.117424 0.068892 0.085859
15 0.441761 0.952020 0.024148 0.047980
24 0.914062 0.532828 0.034091 0.058081
21 0.445668 0.101010 0.034801 0.068182
12 0.926491 0.946338 0.039062 0.079545
2 0.857955 0.092172 0.062500 0.085859
14 0.968395 0.794192 0.029119 0.047980
5 0.281605 0.241162 0.026278 0.050505
19 0.559659 0.355429 0.035511 0.061869
8 0.674716 0.220960 0.049716 0.085859
26 0.888494 0.653409 0.035511 0.061869
23 0.636719 0.520202 0.070312 0.085859
29 0.064631 0.414141 0.068182 0.080808
11 0.625355 0.383207 0.031960 0.061869
16 0.896307 0.455808 0.032670 0.058081
9 0.887429 0.301136 0.031960 0.061869
7 0.724787 0.573864 0.033381 0.061869
22 0.166903 0.426768 0.032670 0.058081
6 0.797230 0.908460 0.081676 0.137626
10 0.596591 0.232323 0.032670 0.065657
27 0.724787 0.282197 0.033381 0.059343
25 0.368608 0.751263 0.032670 0.058081
1 0.623224 0.830177 0.034801 0.061869
18 0.497869 0.366162 0.038352 0.058081
0 0.191761 0.491162 0.032670 0.055556