12 0.625355 0.914141 0.039062 0.070707
28 0.195668 0.791667 0.078835 0.093434
21 0.685724 0.683712 0.026278 0.046717
3 0.779474 0.339015 0.056108 0.074495
16 0.328480 0.854798 0.068892 0.085859
11 0.613991 0.627525 0.033381 0.068182
20 0.504616 0.868056 0.039062 0.077020
6 0.479048 0.235480 0.304688 0.117424
4 0.358665 0.715909 0.032670 0.053030
10 0.742898 0.475379 0.036932 0.071970
26 0.971946 0.962753 0.026278 0.046717
28 0.149858 0.479167 0.056818 0.066919
9 0.555753 0.092803 0.033381 0.066919
15 0.267756 0.209596 0.029830 0.053030
19 0.048295 0.141414 0.038352 0.068182
28 0.823864 0.169192 0.068182 0.080808
19 0.498580 0.768939 0.034091 0.060606
21 0.762429 0.586490 0.026278 0.046717
27 0.674361 0.540404 0.068892 0.083333
8 0.565696 0.412879 0.037642 0.073232
4 0.587358 0.767677 0.031250 0.050505
1 0.151989 0.406566 0.035511 0.063131
15 0.654830 0.040404 0.038352 0.068182
16 0.328125 0.417929 0.072443 0.090909
25 0.085227 0.443813 0.038352 0.066919
26 0.384943 0.917929 0.029830 0.053030
1 0.094815 0.307449 0.030540 0.054293
12 0.337713 0.575758 0.031960 0.058081