18 0.680043 0.309975 0.033381 0.059343
3 0.152344 0.554924 0.066051 0.087121
19 0.246094 0.963384 0.034801 0.068182
8 0.954545 0.349747 0.032670 0.065657
6 0.904830 0.501263 0.049716 0.085859
11 0.962358 0.969066 0.032670 0.059343
27 0.081676 0.272727 0.068182 0.080808
25 0.537997 0.626894 0.033381 0.059343
12 0.947798 0.108586 0.029119 0.047980
20 0.708807 0.387626 0.032670 0.058081
15 0.624645 0.525253 0.068892 0.085859
16 0.814631 0.064394 0.038352 0.058081
1 0.552202 0.921086 0.034801 0.061869
0 0.278409 0.669192 0.032670 0.055556
22 0.645597 0.080808 0.034091 0.058081
14 0.488636 0.604798 0.032670 0.058081