22 0.721591 0.833333 0.034091 0.058081
6 0.951705 0.664141 0.049716 0.085859
7 0.589844 0.902146 0.031960 0.061869
2 0.159801 0.054293 0.062500 0.085859
25 0.640980 0.442551 0.033381 0.059343
11 0.441051 0.571338 0.032670 0.059343
0 0.229403 0.272727 0.032670 0.055556
18 0.162287 0.302399 0.033381 0.059343
14 0.884943 0.457071 0.032670 0.058081
23 0.778409 0.642677 0.032670 0.058081
21 0.488281 0.775253 0.070312 0.085859
4 0.914773 0.114268 0.035511 0.056818
13 0.732244 0.040404 0.024148 0.047980
24 0.884943 0.792298 0.035511 0.061869
15 0.078480 0.282828 0.068892 0.085859
27 0.723722 0.132576 0.068182 0.080808
10 0.721946 0.337753 0.039062 0.079545