25 0.333097 0.544823 0.038352 0.066919
19 0.128551 0.127525 0.036932 0.065657
10 0.808594 0.607323 0.026278 0.050505
14 0.444247 0.342803 0.024858 0.049242
14 0.297585 0.296717 0.024148 0.047980
17 0.644176 0.342803 0.031250 0.046717
8 0.821378 0.793561 0.029119 0.056818
11 0.498580 0.089646 0.039773 0.080808
18 0.228693 0.102904 0.035511 0.061869
16 0.564631 0.366162 0.075284 0.093434
4 0.807173 0.086490 0.041903 0.066919
19 0.970526 0.918561 0.037642 0.066919
14 0.405540 0.256944 0.022727 0.044192
0 0.046520 0.916035 0.030540 0.051768
21 0.199219 0.705177 0.027699 0.049242
0 0.030540 0.040404 0.031250 0.053030
11 0.700639 0.050505 0.033381 0.068182
23 0.832386 0.251263 0.036932 0.063131
11 0.552557 0.625000 0.038352 0.078283
4 0.770241 0.248106 0.039062 0.061869
1 0.781250 0.751263 0.029830 0.053030
19 0.906250 0.888889 0.036932 0.065657
15 0.785511 0.349747 0.038352 0.068182
26 0.759588 0.475379 0.039062 0.069444
19 0.696023 0.672980 0.032670 0.058081
6 0.562145 0.789773 0.334517 0.130051
5 0.948509 0.090909 0.037642 0.070707
12 0.162642 0.047348 0.025568 0.046717
2 0.963423 0.732955 0.050426 0.069444
2 0.625000 0.630682 0.072443 0.099747