15 0.081321 0.196970 0.068892 0.085859
9 0.576349 0.601641 0.031960 0.061869
23 0.105114 0.287879 0.032670 0.058081
8 0.317472 0.882576 0.032670 0.065657
27 0.753551 0.598485 0.068182 0.080808
11 0.492188 0.695076 0.032670 0.059343
10 0.603338 0.316288 0.039062 0.079545
26 0.377131 0.647096 0.068182 0.082071
6 0.110795 0.662879 0.049716 0.085859
24 0.700284 0.466540 0.035511 0.061869
3 0.643111 0.447601 0.066051 0.087121
21 0.632457 0.540404 0.070312 0.085859
4 0.862216 0.200126 0.035511 0.056818
1 0.140980 0.777146 0.034801 0.061869
7 0.386719 0.738005 0.031960 0.061869
2 0.960227 0.214646 0.062500 0.085859
17 0.723011 0.041035 0.035511 0.061869
20 0.088068 0.905303 0.032670 0.058081
22 0.023438 0.550505 0.034091 0.058081
13 0.825284 0.680556 0.024148 0.047980
12 0.018821 0.164141 0.029119 0.047980
5 0.547940 0.716540 0.033381 0.061869
14 0.196023 0.705808 0.032670 0.058081
25 0.642401 0.773359 0.033381 0.059343
19 0.962713 0.353535 0.034801 0.068182