19 0.905895 0.375000 0.034801 0.068182
5 0.568537 0.749369 0.033381 0.061869
16 0.382812 0.569444 0.038352 0.058081
12 0.273082 0.511364 0.029119 0.047980
4 0.197443 0.427399 0.035511 0.056818
14 0.536222 0.422980 0.032670 0.058081
25 0.360440 0.716540 0.033381 0.059343
26 0.497159 0.613005 0.068182 0.082071
15 0.589844 0.210859 0.068892 0.085859
7 0.418679 0.730429 0.031960 0.061869
17 0.916193 0.143308 0.035511 0.061869
6 0.691761 0.104798 0.049716 0.085859
27 0.095170 0.497475 0.068182 0.080808
24 0.552557 0.962753 0.035511 0.061869
0 0.939631 0.065657 0.032670 0.055556
13 0.759943 0.127525 0.024148 0.047980
11 0.918324 0.606692 0.032670 0.059343
21 0.210582 0.084596 0.070312 0.085859
10 0.241122 0.311237 0.039062 0.079545
9 0.044389 0.735480 0.031960 0.061869
3 0.399503 0.832702 0.066051 0.087121
23 0.297585 0.354798 0.032670 0.058081
1 0.708452 0.475379 0.034801 0.061869
22 0.208097 0.813131 0.034091 0.058081
20 0.949574 0.277778 0.032670 0.058081
2 0.650568 0.385101 0.062500 0.085859
18 0.225497 0.527146 0.033381 0.059343
8 0.788352 0.469697 0.032670 0.065657