21 0.162287 0.765152 0.034801 0.068182
25 0.817472 0.275253 0.032670 0.058081
3 0.830611 0.051136 0.066051 0.087121
23 0.520952 0.839646 0.070312 0.085859
29 0.120739 0.564394 0.068182 0.080808
9 0.731179 0.784722 0.031960 0.061869
16 0.522017 0.607323 0.032670 0.058081
28 0.208807 0.373106 0.068182 0.082071
7 0.444247 0.203914 0.033381 0.061869
27 0.732599 0.251894 0.033381 0.059343
19 0.130682 0.219066 0.035511 0.061869
11 0.062145 0.490530 0.031960 0.061869
26 0.752841 0.572601 0.035511 0.061869
22 0.799006 0.212121 0.032670 0.058081
8 0.695312 0.462121 0.049716 0.085859
6 0.289418 0.123106 0.081676 0.137626