1 0.145241 0.556187 0.034801 0.061869
26 0.616477 0.456439 0.035511 0.061869
29 0.202415 0.077020 0.068182 0.080808
6 0.343395 0.354167 0.081676 0.137626
27 0.592685 0.206439 0.033381 0.059343
0 0.799716 0.934343 0.032670 0.055556
23 0.479048 0.921717 0.070312 0.085859
16 0.533381 0.910354 0.032670 0.058081
18 0.417614 0.702020 0.038352 0.058081
21 0.829190 0.387626 0.034801 0.068182
15 0.376420 0.935606 0.024148 0.047980
4 0.885653 0.744318 0.035511 0.056818
9 0.981179 0.289773 0.031960 0.061869
12 0.832031 0.192551 0.039062 0.079545
19 0.772017 0.447601 0.035511 0.061869
20 0.284446 0.534722 0.033381 0.059343
22 0.043324 0.324495 0.032670 0.058081
28 0.080256 0.416035 0.068182 0.082071