27 0.914773 0.335859 0.068182 0.080808
14 0.179688 0.106061 0.032670 0.058081
1 0.121094 0.965278 0.034801 0.061869
2 0.721591 0.208333 0.062500 0.085859
8 0.122869 0.664141 0.032670 0.065657
20 0.920455 0.743687 0.032670 0.058081
18 0.252486 0.541035 0.033381 0.059343
0 0.171875 0.027778 0.032670 0.055556
17 0.224432 0.602904 0.035511 0.061869
24 0.243608 0.384470 0.035511 0.061869
19 0.903054 0.636364 0.034801 0.068182
23 0.642756 0.484848 0.032670 0.058081
6 0.551136 0.468434 0.049716 0.085859
11 0.877131 0.787247 0.032670 0.059343
4 0.617898 0.561237 0.035511 0.056818
21 0.035866 0.381313 0.070312 0.085859
7 0.943537 0.451389 0.031960 0.061869
16 0.650568 0.386364 0.038352 0.058081
12 0.759588 0.037879 0.029119 0.047980
3 0.370384 0.827652 0.066051 0.087121
10 0.824929 0.912247 0.039062 0.079545
22 0.584517 0.147727 0.034091 0.058081
15 0.722656 0.411616 0.068892 0.085859
5 0.245384 0.056187 0.033381 0.061869
25 0.212713 0.222854 0.033381 0.059343
13 0.217330 0.820707 0.024148 0.047980
9 0.829901 0.147096 0.031960 0.061869
26 0.218040 0.904672 0.068182 0.082071