16 0.411222 0.864899 0.032670 0.058081
26 0.883523 0.227904 0.035511 0.061869
25 0.485795 0.680556 0.032670 0.058081
0 0.521307 0.224747 0.032670 0.055556
5 0.515980 0.930556 0.026278 0.050505
9 0.449219 0.730429 0.031960 0.061869
8 0.470170 0.478535 0.049716 0.085859
22 0.306818 0.053030 0.032670 0.058081
24 0.815341 0.488636 0.034091 0.058081
15 0.863636 0.680556 0.024148 0.047980
17 0.952770 0.415404 0.068892 0.085859
20 0.929332 0.144571 0.033381 0.059343
1 0.350497 0.037247 0.034801 0.061869
3 0.635298 0.288510 0.066051 0.087121
10 0.079545 0.650253 0.032670 0.065657
14 0.241122 0.787879 0.029119 0.047980
27 0.365412 0.544823 0.033381 0.059343
2 0.171875 0.766414 0.062500 0.085859
6 0.557884 0.110480 0.081676 0.137626
28 0.638494 0.760732 0.068182 0.082071
13 0.932528 0.232955 0.032670 0.059343
11 0.746804 0.336490 0.031960 0.061869
29 0.639205 0.670455 0.068182 0.080808
23 0.125355 0.388889 0.070312 0.085859