23 0.862926 0.947601 0.032670 0.056818
18 0.256037 0.553030 0.037642 0.065657
7 0.529474 0.943182 0.040483 0.070707
10 0.576349 0.212753 0.033381 0.064394
27 0.817827 0.357323 0.077415 0.093434
22 0.761009 0.786616 0.061790 0.075758
11 0.371804 0.402146 0.039062 0.079545
17 0.754261 0.140783 0.035511 0.054293
25 0.289062 0.836490 0.031250 0.054293
15 0.185369 0.914141 0.036932 0.065657
24 0.645952 0.087753 0.029119 0.051768
17 0.069602 0.477273 0.045455 0.068182
7 0.051847 0.157828 0.044034 0.075758
14 0.116832 0.549874 0.022017 0.044192
8 0.659801 0.626263 0.029830 0.058081
1 0.833807 0.459596 0.039773 0.070707
2 0.382457 0.148990 0.057528 0.078283
7 0.860085 0.856061 0.055398 0.095960
19 0.822443 0.630051 0.028409 0.050505
9 0.085227 0.765783 0.028409 0.056818
20 0.761009 0.908460 0.040483 0.079545
0 0.320668 0.173611 0.036222 0.061869