12 0.412642 0.411616 0.034091 0.060606
5 0.202415 0.292929 0.038352 0.068182
12 0.577415 0.506313 0.026989 0.047980
11 0.537287 0.471591 0.027699 0.049242
5 0.628196 0.529672 0.036222 0.064394
19 0.385298 0.942551 0.036222 0.064394
26 0.090909 0.334596 0.029830 0.053030
29 0.061435 0.590278 0.030540 0.054293
27 0.128196 0.351641 0.033381 0.059343
23 0.490412 0.885732 0.034801 0.061869
1 0.538707 0.211490 0.034801 0.061869
14 0.612926 0.941919 0.026989 0.047980
16 0.052557 0.332071 0.028409 0.050505