5 0.154474 0.928662 0.033381 0.061869
19 0.145241 0.690657 0.034801 0.068182
23 0.479403 0.777778 0.032670 0.058081
25 0.650923 0.859217 0.033381 0.059343
0 0.745028 0.545455 0.032670 0.055556
27 0.460227 0.868687 0.068182 0.080808
9 0.231889 0.648359 0.031960 0.061869
14 0.769886 0.358586 0.032670 0.058081
15 0.848366 0.590909 0.068892 0.085859
21 0.717685 0.130051 0.070312 0.085859
1 0.341974 0.063763 0.034801 0.061869
17 0.732955 0.044823 0.035511 0.061869
3 0.399503 0.092803 0.066051 0.087121
11 0.740767 0.850379 0.032670 0.059343
4 0.530540 0.831439 0.035511 0.056818
12 0.947798 0.308081 0.029119 0.047980
10 0.648793 0.205177 0.039062 0.079545
16 0.302557 0.779040 0.038352 0.058081
22 0.559659 0.111111 0.034091 0.058081
20 0.125000 0.150253 0.032670 0.058081
6 0.463778 0.191919 0.049716 0.085859
24 0.377841 0.727904 0.035511 0.061869