18 0.027344 0.341540 0.037642 0.064394
19 0.620739 0.781566 0.029830 0.053030
16 0.491832 0.496212 0.070312 0.088384
12 0.237926 0.130682 0.031250 0.056818
21 0.033381 0.219697 0.026989 0.047980
8 0.372869 0.950758 0.026989 0.053030
20 0.941051 0.285985 0.029830 0.059343
25 0.612926 0.350379 0.038352 0.066919
9 0.833807 0.808712 0.026989 0.054293
17 0.665838 0.211490 0.034801 0.051768
19 0.247159 0.731061 0.034091 0.060606
17 0.347301 0.733586 0.035511 0.053030
24 0.125355 0.458965 0.033381 0.059343
15 0.713423 0.530934 0.037642 0.066919
14 0.601918 0.485480 0.022017 0.044192
7 0.854048 0.732955 0.040483 0.069444
2 0.706321 0.823232 0.060369 0.083333
24 0.124290 0.790404 0.031250 0.055556
3 0.660511 0.378788 0.055398 0.073232
19 0.810014 0.097854 0.029119 0.051768