3 0.471591 0.213384 0.065341 0.085859
1 0.619673 0.706439 0.030540 0.054293
6 0.795099 0.347222 0.306108 0.118687
9 0.305398 0.253788 0.032670 0.065657
18 0.120739 0.894571 0.041193 0.071970
6 0.349077 0.694444 0.307528 0.118687
14 0.171520 0.236742 0.026278 0.051768
16 0.652344 0.841540 0.056108 0.069444
2 0.370384 0.248106 0.060369 0.082071
3 0.447088 0.859848 0.056108 0.073232
22 0.634943 0.212121 0.063920 0.078283
15 0.237926 0.069444 0.036932 0.065657
12 0.130682 0.756944 0.035511 0.064394
16 0.705256 0.181818 0.061080 0.075758
12 0.569602 0.576389 0.026989 0.049242
10 0.435724 0.961490 0.030540 0.059343
19 0.753196 0.605429 0.037642 0.066919
0 0.938920 0.890152 0.026989 0.045455
6 0.323153 0.561869 0.359375 0.138889
4 0.677202 0.086490 0.039062 0.061869
14 0.084517 0.965909 0.025568 0.050505
22 0.319247 0.059343 0.083097 0.101010
17 0.562145 0.089646 0.033381 0.050505
12 0.174006 0.114268 0.028409 0.051768