12 0.348366 0.055556 0.029119 0.047980
20 0.833097 0.700758 0.032670 0.058081
10 0.902344 0.711490 0.039062 0.079545
14 0.377131 0.699495 0.032670 0.058081
9 0.946378 0.315025 0.031960 0.061869
8 0.667614 0.420455 0.032670 0.065657
18 0.846946 0.947601 0.033381 0.059343
4 0.411932 0.315025 0.035511 0.056818
6 0.968750 0.416667 0.049716 0.085859
3 0.151634 0.384470 0.066051 0.087121
22 0.362926 0.162879 0.034091 0.058081
13 0.938920 0.232323 0.024148 0.047980
0 0.388494 0.890152 0.032670 0.055556
11 0.104403 0.576389 0.032670 0.059343
26 0.225142 0.107955 0.068182 0.082071