10 0.738281 0.918561 0.039062 0.079545
7 0.849077 0.210227 0.031960 0.061869
14 0.375710 0.794192 0.032670 0.058081
0 0.038352 0.199495 0.032670 0.055556
26 0.090199 0.219066 0.068182 0.082071
1 0.852628 0.572601 0.034801 0.061869
8 0.478693 0.791667 0.032670 0.065657
27 0.199574 0.827020 0.068182 0.080808
16 0.972301 0.468434 0.038352 0.058081
24 0.538352 0.657197 0.035511 0.061869
23 0.672585 0.555556 0.032670 0.058081
25 0.685724 0.212753 0.033381 0.059343
21 0.381037 0.496212 0.070312 0.085859
6 0.674006 0.344697 0.049716 0.085859
9 0.896662 0.705177 0.031960 0.061869
20 0.358665 0.347222 0.032670 0.058081
17 0.030540 0.832702 0.035511 0.061869
12 0.841264 0.056818 0.029119 0.047980
2 0.286932 0.772727 0.062500 0.085859
3 0.643111 0.953914 0.066051 0.087121
11 0.750710 0.532197 0.032670 0.059343
15 0.682173 0.689394 0.068892 0.085859
13 0.735795 0.645202 0.024148 0.047980
19 0.113281 0.324495 0.034801 0.068182
22 0.507102 0.859848 0.034091 0.058081