3 0.952060 0.489268 0.053267 0.069444
19 0.791193 0.606061 0.039773 0.070707
9 0.888139 0.787879 0.030540 0.060606
8 0.075639 0.333965 0.037642 0.071970
23 0.777344 0.835859 0.027699 0.047980
27 0.323509 0.837753 0.070312 0.084596
27 0.778764 0.433712 0.078835 0.094697
26 0.551136 0.265152 0.026989 0.047980
19 0.106534 0.943182 0.032670 0.058081
9 0.188920 0.787879 0.031250 0.063131
28 0.302557 0.364899 0.072443 0.085859
11 0.541903 0.046717 0.038352 0.078283
20 0.711293 0.574495 0.031960 0.063131
5 0.260298 0.880051 0.029119 0.053030
21 0.041193 0.924242 0.038352 0.068182
9 0.590199 0.035354 0.034091 0.068182