12 0.707741 0.220328 0.039062 0.079545
13 0.551847 0.950126 0.032670 0.059343
8 0.328835 0.476010 0.049716 0.085859
26 0.196023 0.769571 0.035511 0.061869
22 0.028409 0.877525 0.032670 0.058081
10 0.933949 0.313131 0.032670 0.065657
9 0.351918 0.337753 0.031960 0.061869
1 0.484730 0.759470 0.034801 0.061869
24 0.367188 0.952020 0.034091 0.058081
2 0.203835 0.313131 0.062500 0.085859
29 0.537642 0.351010 0.068182 0.080808
4 0.103693 0.494318 0.035511 0.056818
20 0.230469 0.386995 0.033381 0.059343
0 0.266335 0.109848 0.032670 0.055556
14 0.936435 0.227273 0.029119 0.047980
7 0.151634 0.190025 0.033381 0.061869
5 0.627486 0.397727 0.026278 0.050505
15 0.547585 0.691919 0.024148 0.047980