11 0.811790 0.476010 0.036932 0.075758
13 0.865057 0.143308 0.029830 0.049242
11 0.654830 0.145202 0.036932 0.075758
0 0.952060 0.341540 0.034801 0.059343
5 0.938565 0.917298 0.031960 0.059343
12 0.933949 0.121843 0.032670 0.059343
22 0.296520 0.361111 0.064631 0.078283
20 0.847301 0.865530 0.035511 0.069444
17 0.088778 0.364899 0.041193 0.063131
20 0.280185 0.743687 0.030540 0.060606
24 0.214489 0.738636 0.029830 0.053030
6 0.325284 0.912247 0.271307 0.104798
9 0.619318 0.572601 0.035511 0.071970
28 0.070668 0.831439 0.067472 0.079545
22 0.202770 0.085859 0.074574 0.090909
23 0.721946 0.635101 0.027699 0.047980
19 0.406250 0.795455 0.031250 0.055556
8 0.370028 0.642045 0.034091 0.066919
17 0.746094 0.112374 0.040483 0.060606
21 0.280540 0.474747 0.028409 0.050505
15 0.900923 0.682449 0.027699 0.049242
8 0.948509 0.051136 0.031960 0.061869
13 0.736861 0.729798 0.031960 0.053030