18 0.142401 0.739268 0.034801 0.061869
29 0.542614 0.313131 0.029830 0.053030
3 0.665838 0.520833 0.033381 0.059343
1 0.971591 0.041667 0.039773 0.070707
17 0.150923 0.043561 0.036222 0.064394
9 0.060369 0.045455 0.036932 0.065657
29 0.732955 0.296717 0.029830 0.053030
25 0.235085 0.087121 0.039773 0.070707
3 0.609730 0.191288 0.029119 0.051768
26 0.754972 0.952020 0.035511 0.063131
24 0.392045 0.685606 0.034091 0.060606
26 0.165128 0.484217 0.039062 0.069444
29 0.358665 0.569444 0.028409 0.050505
24 0.031250 0.459596 0.035511 0.063131