23 0.111506 0.272727 0.032670 0.058081
20 0.364347 0.916667 0.032670 0.058081
11 0.037642 0.686237 0.032670 0.059343
16 0.200284 0.549242 0.038352 0.058081
6 0.316761 0.863636 0.049716 0.085859
15 0.207741 0.291667 0.068892 0.085859
7 0.704901 0.644571 0.031960 0.061869
26 0.701705 0.263258 0.068182 0.082071
21 0.935724 0.460859 0.070312 0.085859
13 0.767045 0.242424 0.024148 0.047980
18 0.504616 0.155934 0.033381 0.059343
10 0.406605 0.614268 0.039062 0.079545
1 0.687145 0.893308 0.034801 0.061869
19 0.938565 0.656566 0.034801 0.068182
14 0.274148 0.949495 0.032670 0.058081
17 0.347301 0.774621 0.035511 0.061869
4 0.336648 0.303662 0.035511 0.056818
22 0.541903 0.804293 0.034091 0.058081
5 0.937145 0.916035 0.033381 0.061869
3 0.339134 0.460227 0.066051 0.087121
25 0.165128 0.697601 0.033381 0.059343
12 0.506037 0.824495 0.029119 0.047980
8 0.906960 0.223485 0.032670 0.065657
27 0.627131 0.907828 0.068182 0.080808
0 0.458097 0.257576 0.032670 0.055556