9 0.594460 0.789773 0.035511 0.071970
25 0.314631 0.106692 0.041193 0.071970
13 0.363991 0.405934 0.031960 0.051768
22 0.632457 0.700126 0.073153 0.089646
26 0.167969 0.591540 0.026278 0.046717
6 0.535511 0.128788 0.274148 0.106061
16 0.416548 0.303030 0.068892 0.085859
27 0.383878 0.684343 0.061790 0.073232
15 0.301847 0.521465 0.028409 0.050505
8 0.726918 0.210859 0.026278 0.050505
17 0.113636 0.231692 0.031250 0.046717
8 0.184304 0.839015 0.029119 0.056818
15 0.525568 0.474747 0.034091 0.060606
21 0.103693 0.820707 0.035511 0.063131
5 0.301491 0.574495 0.027699 0.050505
7 0.202770 0.686237 0.041903 0.071970