0 0.100852 0.527778 0.032670 0.055556
9 0.557884 0.128157 0.031960 0.061869
24 0.617898 0.675505 0.034091 0.058081
15 0.605114 0.621212 0.024148 0.047980
26 0.203125 0.895833 0.035511 0.061869
8 0.301847 0.309343 0.049716 0.085859
6 0.727628 0.578914 0.081676 0.137626
16 0.746449 0.473485 0.032670 0.058081
3 0.443537 0.583965 0.066051 0.087121
21 0.609730 0.352273 0.034801 0.068182
20 0.079901 0.801136 0.033381 0.059343
11 0.255327 0.206439 0.031960 0.061869
12 0.350497 0.423611 0.039062 0.079545
22 0.976562 0.337121 0.032670 0.058081
2 0.297585 0.955808 0.062500 0.085859
7 0.056463 0.186237 0.033381 0.061869
29 0.875000 0.584596 0.068182 0.080808
14 0.907315 0.372475 0.029119 0.047980
25 0.807528 0.118687 0.032670 0.058081
4 0.966619 0.056187 0.035511 0.056818
23 0.772372 0.949495 0.070312 0.085859
1 0.184304 0.958965 0.034801 0.061869
10 0.912642 0.218434 0.032670 0.065657
19 0.268466 0.535985 0.035511 0.061869
28 0.681818 0.924874 0.068182 0.082071
5 0.207031 0.180556 0.026278 0.050505