22 0.897727 0.690657 0.032670 0.058081
19 0.661222 0.547348 0.035511 0.061869
0 0.197443 0.330808 0.032670 0.055556
11 0.982599 0.136995 0.031960 0.061869
14 0.451349 0.801768 0.029119 0.047980
3 0.261009 0.317551 0.066051 0.087121
17 0.498224 0.276515 0.068892 0.085859
2 0.266335 0.949495 0.062500 0.085859
1 0.114702 0.700126 0.034801 0.061869
26 0.139205 0.928662 0.035511 0.061869
12 0.086293 0.058712 0.039062 0.079545
4 0.968040 0.256944 0.035511 0.056818
15 0.014915 0.564394 0.024148 0.047980
23 0.460582 0.449495 0.070312 0.085859
27 0.310014 0.067551 0.033381 0.059343
21 0.891690 0.338384 0.034801 0.068182