2 0.664062 0.193182 0.062500 0.085859
26 0.573864 0.469066 0.035511 0.061869
19 0.026989 0.623106 0.035511 0.061869
16 0.390625 0.345960 0.032670 0.058081
15 0.200284 0.963384 0.024148 0.047980
4 0.065341 0.402146 0.035511 0.056818
20 0.873935 0.183712 0.033381 0.059343
12 0.777344 0.470328 0.039062 0.079545
6 0.577770 0.633207 0.081676 0.137626
13 0.282670 0.687500 0.032670 0.059343
0 0.262784 0.953283 0.032670 0.055556
17 0.774503 0.782828 0.068892 0.085859
23 0.368963 0.047980 0.070312 0.085859
10 0.862926 0.606061 0.032670 0.065657
1 0.920099 0.623106 0.034801 0.061869
11 0.146662 0.736742 0.031960 0.061869
8 0.409801 0.944444 0.049716 0.085859
25 0.104403 0.767677 0.032670 0.058081
5 0.775923 0.381313 0.026278 0.050505
21 0.654474 0.566919 0.034801 0.068182
27 0.971236 0.635732 0.033381 0.059343
3 0.870384 0.087753 0.066051 0.087121
22 0.818182 0.282828 0.032670 0.058081
18 0.369318 0.775253 0.038352 0.058081