20 0.255327 0.061237 0.033381 0.059343
28 0.887784 0.412247 0.068182 0.082071
1 0.937145 0.562500 0.034801 0.061869
14 0.882457 0.760101 0.029119 0.047980
25 0.884233 0.321970 0.032670 0.058081
0 0.542614 0.534091 0.032670 0.055556
22 0.490057 0.882576 0.032670 0.058081
8 0.502841 0.078283 0.049716 0.085859
7 0.020241 0.873106 0.033381 0.061869
29 0.133523 0.633838 0.068182 0.080808
16 0.414773 0.770202 0.032670 0.058081
3 0.746094 0.566288 0.066051 0.087121
27 0.672940 0.907197 0.033381 0.059343
19 0.226562 0.903409 0.035511 0.061869
13 0.046165 0.126894 0.032670 0.059343
26 0.605114 0.522096 0.035511 0.061869