19 0.805043 0.066919 0.034801 0.068182
11 0.791193 0.654672 0.032670 0.059343
5 0.096946 0.130682 0.033381 0.061869
23 0.276278 0.065657 0.032670 0.058081
4 0.282670 0.373106 0.035511 0.056818
17 0.090909 0.356692 0.035511 0.061869
14 0.389205 0.449495 0.032670 0.058081
22 0.302557 0.460859 0.034091 0.058081
26 0.746449 0.220328 0.068182 0.082071
21 0.957741 0.517677 0.070312 0.085859
7 0.543679 0.293561 0.031960 0.061869
0 0.926136 0.597222 0.032670 0.055556
8 0.446733 0.320707 0.032670 0.065657
18 0.904474 0.945076 0.033381 0.059343
16 0.153409 0.126263 0.038352 0.058081
25 0.446378 0.849116 0.033381 0.059343