16 0.390625 0.143939 0.032670 0.058081
10 0.616477 0.458333 0.032670 0.065657
27 0.099077 0.244318 0.033381 0.059343
19 0.638494 0.061237 0.035511 0.061869
9 0.750355 0.674874 0.031960 0.061869
0 0.983665 0.669192 0.032670 0.055556
8 0.093750 0.338384 0.049716 0.085859
25 0.703125 0.329545 0.032670 0.058081
28 0.641335 0.135732 0.068182 0.082071
4 0.921875 0.494318 0.035511 0.056818
12 0.022372 0.409722 0.039062 0.079545
11 0.981179 0.918561 0.031960 0.061869
2 0.342330 0.159091 0.062500 0.085859
22 0.138494 0.156566 0.032670 0.058081
26 0.249290 0.740530 0.035511 0.061869
14 0.314276 0.657828 0.029119 0.047980
7 0.713423 0.243056 0.033381 0.061869
18 0.798295 0.662879 0.038352 0.058081
3 0.689276 0.922348 0.066051 0.087121
6 0.893821 0.144571 0.081676 0.137626
29 0.354403 0.955808 0.068182 0.080808
1 0.211293 0.625631 0.034801 0.061869
21 0.650213 0.777778 0.034801 0.068182
13 0.945312 0.916035 0.032670 0.059343
17 0.116832 0.532828 0.068892 0.085859
20 0.226207 0.154672 0.033381 0.059343
5 0.248935 0.071970 0.026278 0.050505
23 0.709872 0.497475 0.070312 0.085859