8 0.492188 0.123737 0.049716 0.085859
18 0.726562 0.046717 0.038352 0.058081
26 0.248580 0.927399 0.035511 0.061869
6 0.462713 0.268308 0.081676 0.137626
11 0.786577 0.855429 0.031960 0.061869
22 0.833807 0.116162 0.032670 0.058081
0 0.857244 0.388889 0.032670 0.055556
20 0.822798 0.241793 0.033381 0.059343
16 0.571733 0.386364 0.032670 0.058081
29 0.249290 0.588384 0.068182 0.080808
2 0.552557 0.578283 0.062500 0.085859
19 0.477983 0.481692 0.035511 0.061869
28 0.939631 0.772096 0.068182 0.082071
23 0.924361 0.421717 0.070312 0.085859
9 0.735440 0.282197 0.031960 0.061869
10 0.609375 0.106061 0.032670 0.065657
15 0.298295 0.113636 0.024148 0.047980
25 0.541193 0.816919 0.032670 0.058081
5 0.258168 0.477273 0.026278 0.050505
24 0.175426 0.487374 0.034091 0.058081
14 0.974077 0.309343 0.029119 0.047980
27 0.414418 0.849116 0.033381 0.059343
4 0.278409 0.667298 0.035511 0.056818
3 0.115412 0.049874 0.066051 0.087121
13 0.379972 0.738005 0.032670 0.059343
12 0.650213 0.854167 0.039062 0.079545
21 0.162287 0.148990 0.034801 0.068182
1 0.877486 0.169823 0.034801 0.061869
17 0.238991 0.849747 0.068892 0.085859