25 0.221946 0.238636 0.031960 0.055556
11 0.650568 0.287247 0.045455 0.092172
12 0.423651 0.946970 0.034801 0.063131
14 0.235085 0.104798 0.022727 0.045455
21 0.608665 0.252525 0.031250 0.055556
20 0.908026 0.193813 0.034801 0.069444
11 0.942472 0.900884 0.035511 0.071970
8 0.656960 0.171086 0.035511 0.069444
3 0.491122 0.833333 0.053267 0.070707
7 0.246804 0.655934 0.041903 0.071970
1 0.249290 0.463384 0.036932 0.065657
5 0.706321 0.278409 0.031960 0.059343
19 0.572798 0.731692 0.033381 0.059343
19 0.883878 0.721591 0.029119 0.051768
17 0.583807 0.358586 0.034091 0.050505
17 0.928622 0.555556 0.034801 0.053030
27 0.106889 0.797348 0.068892 0.082071
11 0.845170 0.087121 0.031250 0.063131
0 0.139915 0.313131 0.029830 0.050505
15 0.422940 0.582702 0.031960 0.056818
13 0.156605 0.232323 0.027699 0.045455