29 0.496449 0.178030 0.068182 0.080808
18 0.868608 0.914141 0.038352 0.058081
8 0.932528 0.626263 0.049716 0.085859
15 0.687500 0.308081 0.024148 0.047980
14 0.597656 0.066919 0.029119 0.047980
5 0.488991 0.713384 0.026278 0.050505
17 0.226207 0.631313 0.068892 0.085859
0 0.098011 0.152778 0.032670 0.055556
26 0.433239 0.395833 0.035511 0.061869
9 0.400213 0.679924 0.031960 0.061869
20 0.662287 0.965278 0.033381 0.059343
12 0.888139 0.777146 0.039062 0.079545
13 0.610795 0.785985 0.032670 0.059343
2 0.823864 0.631313 0.062500 0.085859
28 0.552557 0.738005 0.068182 0.082071
1 0.305043 0.465278 0.034801 0.061869
16 0.190341 0.112374 0.032670 0.058081
19 0.216619 0.552399 0.035511 0.061869
6 0.290838 0.232955 0.081676 0.137626
4 0.769886 0.952652 0.035511 0.056818
24 0.632102 0.534091 0.034091 0.058081
23 0.369673 0.936869 0.070312 0.085859