5 0.264560 0.696970 0.026278 0.050505
17 0.871094 0.744949 0.068892 0.085859
26 0.639205 0.765783 0.035511 0.061869
10 0.348722 0.143939 0.032670 0.065657
2 0.638494 0.070707 0.062500 0.085859
28 0.303267 0.820076 0.068182 0.082071
9 0.969105 0.759470 0.031960 0.061869
15 0.469460 0.474747 0.024148 0.047980
18 0.543324 0.933081 0.038352 0.058081
3 0.906605 0.398359 0.066051 0.087121
6 0.708452 0.504419 0.081676 0.137626
22 0.638494 0.159091 0.032670 0.058081
16 0.758523 0.780303 0.032670 0.058081
27 0.299361 0.899621 0.033381 0.059343
1 0.079901 0.754419 0.034801 0.061869
0 0.824574 0.496212 0.032670 0.055556