0 0.835938 0.945707 0.032670 0.055556
3 0.504616 0.816288 0.066051 0.087121
19 0.547585 0.198864 0.035511 0.061869
1 0.154474 0.217803 0.034801 0.061869
14 0.242543 0.273990 0.029119 0.047980
23 0.590554 0.880051 0.070312 0.085859
18 0.070312 0.707071 0.038352 0.058081
12 0.924361 0.083965 0.039062 0.079545
13 0.605824 0.283460 0.032670 0.059343
17 0.513849 0.924242 0.068892 0.085859
21 0.925781 0.680556 0.034801 0.068182
6 0.536577 0.460227 0.081676 0.137626
27 0.235440 0.500631 0.033381 0.059343
25 0.686080 0.522727 0.032670 0.058081
7 0.121804 0.792298 0.033381 0.061869
9 0.713423 0.693813 0.031960 0.061869
5 0.534446 0.731061 0.026278 0.050505
15 0.388494 0.281566 0.024148 0.047980
2 0.647017 0.651515 0.062500 0.085859
20 0.468395 0.246843 0.033381 0.059343
22 0.868608 0.337121 0.032670 0.058081
4 0.813210 0.142045 0.035511 0.056818
8 0.699574 0.776515 0.049716 0.085859
10 0.821023 0.208333 0.032670 0.065657
28 0.248580 0.936237 0.068182 0.082071