14 0.059304 0.732323 0.029119 0.047980
12 0.040128 0.600379 0.039062 0.079545
18 0.125000 0.924242 0.038352 0.058081
29 0.642756 0.419192 0.068182 0.080808
0 0.458807 0.829545 0.032670 0.055556
2 0.139205 0.098485 0.062500 0.085859
13 0.046165 0.177399 0.032670 0.059343
24 0.529119 0.244949 0.034091 0.058081
6 0.300071 0.139520 0.081676 0.137626
16 0.290483 0.785354 0.032670 0.058081
4 0.176136 0.878157 0.035511 0.056818
7 0.926491 0.831439 0.033381 0.061869
19 0.188920 0.729167 0.035511 0.061869
3 0.413707 0.482955 0.066051 0.087121
17 0.244673 0.330808 0.068892 0.085859
15 0.224432 0.445707 0.024148 0.047980
20 0.383168 0.688763 0.033381 0.059343
1 0.323509 0.625631 0.034801 0.061869
11 0.141690 0.626894 0.031960 0.061869
27 0.766690 0.922348 0.033381 0.059343
23 0.677202 0.795455 0.070312 0.085859
22 0.088778 0.390152 0.032670 0.058081
9 0.553622 0.354167 0.031960 0.061869
8 0.059659 0.310606 0.049716 0.085859
25 0.850852 0.161616 0.032670 0.058081