3 0.519531 0.519571 0.066051 0.087121
10 0.573509 0.558712 0.039062 0.079545
11 0.786932 0.803662 0.032670 0.059343
14 0.665483 0.472222 0.032670 0.058081
19 0.795810 0.690657 0.034801 0.068182
18 0.952060 0.486742 0.033381 0.059343
22 0.958097 0.940657 0.034091 0.058081
26 0.346591 0.091540 0.068182 0.082071
21 0.791548 0.176768 0.070312 0.085859
9 0.696378 0.916035 0.031960 0.061869
20 0.214489 0.061869 0.032670 0.058081
12 0.422230 0.189394 0.029119 0.047980
8 0.896307 0.516414 0.032670 0.065657
5 0.162997 0.076389 0.033381 0.061869
7 0.841264 0.706439 0.031960 0.061869
25 0.134588 0.341540 0.033381 0.059343
17 0.639915 0.940025 0.035511 0.061869
23 0.276989 0.335859 0.032670 0.058081
4 0.379972 0.376894 0.035511 0.056818
24 0.879972 0.804924 0.035511 0.061869
15 0.435014 0.642677 0.068892 0.085859
16 0.100142 0.178030 0.038352 0.058081
6 0.091619 0.085859 0.049716 0.085859