12 0.725497 0.626894 0.039062 0.079545
4 0.311790 0.839015 0.035511 0.056818
17 0.682884 0.502525 0.068892 0.085859
16 0.887784 0.501263 0.032670 0.058081
26 0.425426 0.711490 0.035511 0.061869
8 0.340199 0.276515 0.049716 0.085859
21 0.261009 0.358586 0.034801 0.068182
5 0.834872 0.848485 0.026278 0.050505
14 0.116122 0.281566 0.029119 0.047980
13 0.658381 0.811237 0.032670 0.059343
23 0.136719 0.449495 0.070312 0.085859
25 0.844460 0.306818 0.032670 0.058081
29 0.653409 0.641414 0.068182 0.080808
19 0.671875 0.097854 0.035511 0.061869
0 0.087358 0.213384 0.032670 0.055556
28 0.773438 0.073864 0.068182 0.082071
9 0.942116 0.629419 0.031960 0.061869
15 0.569602 0.594697 0.024148 0.047980
18 0.933239 0.840909 0.038352 0.058081
22 0.588778 0.156566 0.032670 0.058081
6 0.415838 0.494318 0.081676 0.137626
3 0.197088 0.820076 0.066051 0.087121
7 0.297940 0.969066 0.033381 0.061869
2 0.086648 0.926768 0.062500 0.085859
24 0.718040 0.224747 0.034091 0.058081
1 0.198509 0.243056 0.034801 0.061869