24 0.469815 0.052399 0.031960 0.056818
14 0.954545 0.617424 0.026989 0.053030
17 0.386364 0.207702 0.032670 0.049242
16 0.222656 0.707071 0.058949 0.073232
20 0.497514 0.315025 0.029119 0.056818
5 0.774503 0.856061 0.034801 0.065657
13 0.494673 0.231061 0.029119 0.047980
10 0.317472 0.351641 0.029830 0.056818
0 0.813920 0.940657 0.035511 0.060606
10 0.707386 0.056187 0.034091 0.066919
24 0.766335 0.477273 0.032670 0.058081
25 0.833097 0.595328 0.034091 0.059343
20 0.408026 0.883838 0.034801 0.068182
3 0.750355 0.758207 0.077415 0.102273
14 0.902344 0.898359 0.024858 0.049242
21 0.622514 0.909722 0.033381 0.059343