6 0.343750 0.710859 0.343750 0.133838
21 0.756392 0.790404 0.038352 0.068182
9 0.783026 0.517045 0.034801 0.069444
26 0.941406 0.293561 0.027699 0.049242
7 0.289062 0.515152 0.051136 0.088384
15 0.879972 0.047980 0.031250 0.055556
3 0.958452 0.888258 0.075994 0.099747
28 0.654830 0.061869 0.063920 0.075758
24 0.315341 0.285354 0.029830 0.053030
23 0.841264 0.721591 0.034801 0.059343
3 0.113281 0.945076 0.066051 0.087121
0 0.246449 0.847222 0.031250 0.053030
8 0.894176 0.878788 0.034091 0.065657
26 0.169744 0.473485 0.028409 0.050505
28 0.971946 0.089015 0.054688 0.064394
4 0.115057 0.216540 0.035511 0.056818
23 0.199574 0.253788 0.035511 0.060606
15 0.531605 0.572601 0.031960 0.056818
0 0.432528 0.049242 0.038352 0.065657
27 0.365412 0.353535 0.058949 0.070707
16 0.177912 0.122475 0.068892 0.085859
0 0.850852 0.895833 0.035511 0.059343
27 0.448864 0.409091 0.073864 0.088384
19 0.518466 0.868687 0.038352 0.068182
13 0.613281 0.210859 0.029119 0.047980
9 0.782670 0.941288 0.028409 0.056818
17 0.197443 0.843434 0.036932 0.055556