15 0.879972 0.184343 0.035511 0.063131
9 0.210938 0.769571 0.028409 0.056818
19 0.291903 0.540404 0.039773 0.070707
26 0.292259 0.398359 0.027699 0.049242
1 0.099077 0.576389 0.033381 0.059343
25 0.654830 0.114268 0.038352 0.066919
8 0.375000 0.958965 0.025568 0.049242
11 0.069957 0.073864 0.034801 0.071970
28 0.767756 0.909091 0.076705 0.090909
26 0.822798 0.736742 0.036222 0.064394
8 0.370739 0.277778 0.028409 0.055556
2 0.841974 0.359217 0.050426 0.069444
5 0.298295 0.872475 0.028409 0.053030
12 0.617188 0.821338 0.028409 0.051768
22 0.440341 0.857323 0.082386 0.101010
20 0.791548 0.368056 0.039062 0.077020
10 0.209162 0.442551 0.036222 0.069444
17 0.739702 0.637626 0.033381 0.050505
24 0.030185 0.385732 0.033381 0.059343