3 0.848366 0.350379 0.066051 0.087121
11 0.743253 0.625631 0.031960 0.061869
0 0.064631 0.204545 0.032670 0.055556
21 0.746804 0.726010 0.034801 0.068182
14 0.415128 0.210859 0.029119 0.047980
20 0.974787 0.404672 0.033381 0.059343
4 0.562500 0.365530 0.035511 0.056818
1 0.352628 0.263258 0.034801 0.061869
6 0.311435 0.673611 0.081676 0.137626
23 0.085582 0.767677 0.070312 0.085859
18 0.661222 0.710859 0.038352 0.058081
17 0.532315 0.652778 0.068892 0.085859
2 0.387784 0.050505 0.062500 0.085859
12 0.252486 0.140783 0.039062 0.079545
16 0.779119 0.371212 0.032670 0.058081
10 0.736506 0.382576 0.032670 0.065657
7 0.074929 0.861742 0.033381 0.061869
19 0.867898 0.590278 0.035511 0.061869
15 0.686080 0.162879 0.024148 0.047980
24 0.445312 0.910354 0.034091 0.058081
13 0.130682 0.253157 0.032670 0.059343
5 0.040128 0.268939 0.026278 0.050505
28 0.628551 0.080177 0.068182 0.082071
29 0.509943 0.830808 0.068182 0.080808
9 0.834872 0.202652 0.031960 0.061869
26 0.540483 0.104167 0.035511 0.061869
8 0.183239 0.852273 0.049716 0.085859
27 0.746094 0.102904 0.033381 0.059343
22 0.911222 0.237374 0.032670 0.058081
25 0.807528 0.481061 0.032670 0.058081