2 0.402699 0.133838 0.063920 0.088384
4 0.972656 0.440025 0.031960 0.051768
7 0.782315 0.532197 0.043324 0.074495
12 0.548651 0.085859 0.029119 0.053030
16 0.745028 0.316919 0.080966 0.101010
17 0.064276 0.973485 0.031960 0.047980
3 0.550781 0.702020 0.067472 0.088384
25 0.347656 0.361742 0.037642 0.064394
19 0.883168 0.696338 0.031960 0.056818
24 0.268466 0.862374 0.038352 0.068182
14 0.300781 0.625000 0.019176 0.037879
22 0.874645 0.782197 0.063210 0.077020
17 0.064276 0.443813 0.040483 0.061869
28 0.828480 0.940657 0.074574 0.088384
19 0.564986 0.964015 0.030540 0.054293
22 0.471591 0.263889 0.076705 0.093434