21 0.983665 0.209596 0.032670 0.058081
6 0.698509 0.366793 0.387074 0.150253
16 0.809304 0.821338 0.061790 0.077020
21 0.375000 0.397727 0.034091 0.060606
11 0.271662 0.520202 0.036222 0.073232
16 0.356534 0.743687 0.061080 0.075758
2 0.745028 0.698864 0.052557 0.071970
26 0.245028 0.094697 0.039773 0.070707
23 0.154830 0.340909 0.038352 0.065657
18 0.661222 0.578914 0.038352 0.066919
3 0.234020 0.732955 0.071733 0.094697
20 0.654830 0.121843 0.038352 0.074495
5 0.025923 0.734217 0.037642 0.069444
16 0.340909 0.599116 0.069602 0.087121
26 0.865412 0.893308 0.036222 0.064394
25 0.865767 0.061237 0.029830 0.051768
21 0.381747 0.897096 0.031960 0.056818
3 0.166548 0.575126 0.061790 0.082071
24 0.420810 0.211490 0.037642 0.066919
16 0.932173 0.749369 0.056108 0.069444
11 0.558594 0.840278 0.040483 0.082071
18 0.075994 0.597854 0.041193 0.071970