10 0.073509 0.268308 0.039062 0.079545
13 0.131392 0.561869 0.024148 0.047980
14 0.806818 0.808081 0.032670 0.058081
16 0.611506 0.344697 0.038352 0.058081
19 0.579190 0.087121 0.034801 0.068182
9 0.020952 0.360480 0.031960 0.061869
26 0.068892 0.181187 0.068182 0.082071
25 0.937855 0.349116 0.033381 0.059343
4 0.840909 0.460227 0.035511 0.056818
27 0.175426 0.300505 0.068182 0.080808
3 0.880327 0.046086 0.066051 0.087121
23 0.479403 0.236111 0.032670 0.058081
20 0.093040 0.965909 0.032670 0.058081
21 0.107599 0.734848 0.070312 0.085859
22 0.812500 0.064394 0.034091 0.058081
6 0.286932 0.669192 0.049716 0.085859
5 0.204190 0.806187 0.033381 0.061869
17 0.625000 0.759470 0.035511 0.061869
18 0.285156 0.923611 0.033381 0.059343
12 0.297940 0.025253 0.029119 0.047980
0 0.360795 0.125000 0.032670 0.055556
2 0.829545 0.344697 0.062500 0.085859
1 0.640270 0.442551 0.034801 0.061869
24 0.621449 0.073864 0.035511 0.061869
15 0.932884 0.866162 0.068892 0.085859
7 0.517401 0.831439 0.031960 0.061869