24 0.059659 0.963384 0.034091 0.058081
20 0.912997 0.630682 0.033381 0.059343
25 0.688920 0.078283 0.032670 0.058081
5 0.443537 0.936869 0.026278 0.050505
29 0.921875 0.738636 0.068182 0.080808
1 0.221236 0.519571 0.034801 0.061869
26 0.605824 0.078914 0.035511 0.061869
7 0.401634 0.744318 0.033381 0.061869
4 0.681818 0.558712 0.035511 0.056818
8 0.129261 0.731061 0.049716 0.085859
13 0.734375 0.231692 0.032670 0.059343
22 0.105824 0.483586 0.032670 0.058081
11 0.895241 0.418561 0.031960 0.061869
9 0.964844 0.429924 0.031960 0.061869
12 0.604759 0.857955 0.039062 0.079545
2 0.156960 0.943182 0.062500 0.085859
3 0.192116 0.249369 0.066051 0.087121
15 0.635653 0.496212 0.024148 0.047980
28 0.646307 0.277146 0.068182 0.082071
21 0.705611 0.741162 0.034801 0.068182
6 0.351918 0.625631 0.081676 0.137626