2 0.810369 0.564394 0.062500 0.085859
14 0.539418 0.854798 0.029119 0.047980
15 0.108665 0.941919 0.024148 0.047980
4 0.253551 0.721591 0.035511 0.056818
7 0.442827 0.392045 0.033381 0.061869
3 0.087003 0.130682 0.066051 0.087121
8 0.878551 0.823232 0.049716 0.085859
24 0.217330 0.941919 0.034091 0.058081
0 0.705966 0.080808 0.032670 0.055556
25 0.144176 0.378788 0.032670 0.058081
21 0.680753 0.476010 0.034801 0.068182
9 0.180753 0.852904 0.031960 0.061869
29 0.080256 0.286616 0.068182 0.080808
23 0.292259 0.392677 0.070312 0.085859
20 0.383168 0.410985 0.033381 0.059343
16 0.931818 0.315657 0.032670 0.058081