14 0.920099 0.556818 0.029119 0.047980
20 0.803622 0.244318 0.033381 0.059343
3 0.858310 0.854167 0.066051 0.087121
9 0.376065 0.693813 0.031960 0.061869
28 0.172585 0.278409 0.068182 0.082071
26 0.966619 0.784722 0.035511 0.061869
11 0.259588 0.822601 0.031960 0.061869
18 0.406960 0.252525 0.038352 0.058081
7 0.216974 0.684975 0.033381 0.061869
29 0.661222 0.313131 0.068182 0.080808
13 0.856534 0.672348 0.032670 0.059343
25 0.791193 0.180556 0.032670 0.058081
24 0.536932 0.102273 0.034091 0.058081
16 0.542614 0.448232 0.032670 0.058081
5 0.247514 0.369949 0.026278 0.050505