29 0.824574 0.838384 0.068182 0.080808
19 0.931818 0.078914 0.035511 0.061869
25 0.889915 0.357323 0.032670 0.058081
1 0.097656 0.091540 0.034801 0.061869
28 0.562500 0.403409 0.068182 0.082071
7 0.026634 0.554924 0.033381 0.061869
24 0.742188 0.419192 0.034091 0.058081
10 0.257102 0.244949 0.032670 0.065657
4 0.611506 0.327652 0.035511 0.056818
9 0.264560 0.922348 0.031960 0.061869
22 0.133523 0.061869 0.032670 0.058081
8 0.206676 0.560606 0.049716 0.085859
0 0.639205 0.659091 0.032670 0.055556
26 0.541903 0.601641 0.035511 0.061869
21 0.183594 0.063131 0.034801 0.068182
5 0.089844 0.440657 0.026278 0.050505
6 0.441406 0.586490 0.081676 0.137626
20 0.180753 0.320076 0.033381 0.059343
11 0.415128 0.337753 0.031960 0.061869
3 0.495384 0.277146 0.066051 0.087121