21 0.743963 0.425505 0.034801 0.068182
12 0.539418 0.456439 0.039062 0.079545
15 0.537642 0.277778 0.024148 0.047980
24 0.313920 0.753788 0.034091 0.058081
28 0.645597 0.164773 0.068182 0.082071
27 0.307884 0.273359 0.033381 0.059343
16 0.019176 0.542929 0.032670 0.058081
19 0.724432 0.206439 0.035511 0.061869
20 0.730469 0.835227 0.033381 0.059343
9 0.378906 0.921086 0.031960 0.061869
0 0.872159 0.265152 0.032670 0.055556
6 0.860440 0.760732 0.081676 0.137626
29 0.812500 0.897727 0.068182 0.080808
14 0.944247 0.243687 0.029119 0.047980
1 0.385298 0.706439 0.034801 0.061869
5 0.182884 0.513889 0.026278 0.050505
18 0.867188 0.150253 0.038352 0.058081
3 0.110440 0.585227 0.066051 0.087121
11 0.214844 0.673611 0.031960 0.061869
25 0.911222 0.962121 0.032670 0.058081
2 0.906250 0.416667 0.062500 0.085859
22 0.718750 0.554293 0.032670 0.058081
13 0.959517 0.784722 0.032670 0.059343
10 0.526278 0.156566 0.032670 0.065657
8 0.399148 0.319444 0.049716 0.085859
17 0.549361 0.707071 0.068892 0.085859
4 0.791193 0.556187 0.035511 0.056818
26 0.156960 0.181187 0.035511 0.061869