19 0.663707 0.275253 0.034801 0.068182
2 0.344460 0.637626 0.062500 0.085859
22 0.320312 0.794192 0.034091 0.058081
1 0.245384 0.913510 0.034801 0.061869
4 0.807528 0.719066 0.035511 0.056818
0 0.223722 0.291667 0.032670 0.055556
7 0.746804 0.864268 0.031960 0.061869
17 0.703125 0.597854 0.035511 0.061869
24 0.144886 0.217803 0.035511 0.061869
13 0.633523 0.202020 0.024148 0.047980
23 0.354403 0.878788 0.032670 0.058081
16 0.745028 0.468434 0.038352 0.058081
6 0.852983 0.790404 0.049716 0.085859
25 0.040838 0.784722 0.033381 0.059343
5 0.523793 0.163510 0.033381 0.061869
18 0.450639 0.519571 0.033381 0.059343
8 0.924716 0.502525 0.032670 0.065657
26 0.325994 0.491793 0.068182 0.082071
14 0.891335 0.069444 0.032670 0.058081
20 0.254972 0.385101 0.032670 0.058081
9 0.523793 0.326389 0.031960 0.061869
10 0.469815 0.269571 0.039062 0.079545
12 0.560724 0.482323 0.029119 0.047980
11 0.819602 0.320076 0.032670 0.059343
21 0.166548 0.713384 0.070312 0.085859
15 0.418679 0.878788 0.068892 0.085859
3 0.637429 0.464015 0.066051 0.087121