9 0.830256 0.217172 0.031250 0.063131
15 0.958807 0.460859 0.031250 0.055556
13 0.554332 0.149621 0.023438 0.039141
0 0.730824 0.098485 0.034091 0.058081
28 0.381747 0.196338 0.071733 0.084596
15 0.060369 0.804293 0.031250 0.055556
12 0.868608 0.364268 0.036932 0.066919
22 0.749290 0.237374 0.056818 0.068182
11 0.711293 0.840909 0.036222 0.073232
15 0.388139 0.347854 0.034801 0.061869
22 0.259588 0.314394 0.083097 0.101010
13 0.088423 0.628788 0.026278 0.042929
27 0.209162 0.173611 0.078835 0.094697
25 0.340199 0.839015 0.032670 0.056818
28 0.584517 0.594697 0.063920 0.075758
24 0.749645 0.761995 0.031960 0.056818
19 0.183949 0.414141 0.038352 0.068182
9 0.354048 0.503157 0.036222 0.071970