14 0.740057 0.944444 0.032670 0.058081
8 0.909091 0.334596 0.032670 0.065657
16 0.679688 0.925505 0.038352 0.058081
7 0.442116 0.193813 0.031960 0.061869
27 0.419744 0.487374 0.068182 0.080808
2 0.362926 0.363636 0.062500 0.085859
22 0.703125 0.727273 0.034091 0.058081
13 0.120028 0.928030 0.024148 0.047980
15 0.055043 0.738636 0.068892 0.085859
1 0.726207 0.340278 0.034801 0.061869
23 0.981534 0.731061 0.032670 0.058081
11 0.380682 0.114268 0.032670 0.059343
6 0.034801 0.053030 0.049716 0.085859
19 0.945668 0.409091 0.034801 0.068182
21 0.746804 0.815657 0.070312 0.085859
0 0.899148 0.414141 0.032670 0.055556
26 0.590199 0.080177 0.068182 0.082071
9 0.969815 0.075126 0.031960 0.061869
25 0.305753 0.092803 0.033381 0.059343
12 0.351918 0.693182 0.029119 0.047980
3 0.158026 0.517045 0.066051 0.087121
5 0.741122 0.528409 0.033381 0.061869
24 0.702415 0.188763 0.035511 0.061869
10 0.625355 0.955177 0.039062 0.079545