9 0.527344 0.231061 0.037642 0.075758
8 0.412642 0.270202 0.031250 0.060606
24 0.822798 0.309975 0.029119 0.051768
15 0.456676 0.525253 0.031250 0.055556
2 0.594460 0.385732 0.073864 0.102273
11 0.332031 0.066288 0.037642 0.077020
14 0.197443 0.164141 0.026989 0.053030
24 0.313210 0.965909 0.026989 0.047980
1 0.261364 0.363636 0.028409 0.050505
3 0.045099 0.787879 0.078835 0.103535
19 0.025568 0.284091 0.036932 0.065657
25 0.724077 0.083333 0.036222 0.063131
3 0.802557 0.593434 0.066761 0.088384
14 0.763494 0.130682 0.019886 0.039141
9 0.928267 0.296717 0.034091 0.068182
18 0.722301 0.961490 0.029830 0.051768
8 0.049361 0.951389 0.030540 0.059343
3 0.187855 0.085227 0.070312 0.092172
3 0.850142 0.160985 0.062500 0.082071
1 0.410511 0.652778 0.029830 0.053030
23 0.131037 0.743056 0.034801 0.059343
21 0.768111 0.941288 0.026278 0.046717
8 0.358310 0.399621 0.029119 0.056818
24 0.931818 0.616162 0.031250 0.055556
15 0.229759 0.802399 0.027699 0.049242
10 0.875710 0.532828 0.026989 0.053030
4 0.860085 0.376894 0.036932 0.059343
4 0.301136 0.168561 0.035511 0.056818
4 0.033026 0.167929 0.037642 0.060606