21 0.323509 0.727273 0.070312 0.085859
20 0.226562 0.595960 0.032670 0.058081
19 0.613991 0.294192 0.034801 0.068182
25 0.896662 0.192551 0.033381 0.059343
27 0.524148 0.232323 0.068182 0.080808
3 0.828480 0.533460 0.066051 0.087121
8 0.752841 0.588384 0.032670 0.065657
23 0.791193 0.648990 0.032670 0.058081
13 0.257102 0.773990 0.024148 0.047980
15 0.476207 0.540404 0.068892 0.085859
0 0.687500 0.616162 0.032670 0.055556
6 0.453125 0.160354 0.049716 0.085859
26 0.215909 0.178662 0.068182 0.082071
9 0.574929 0.035985 0.031960 0.061869
2 0.721591 0.084596 0.062500 0.085859
14 0.249290 0.349747 0.032670 0.058081
5 0.364702 0.269571 0.033381 0.061869
16 0.125710 0.263889 0.038352 0.058081
4 0.132812 0.645833 0.035511 0.056818
7 0.632457 0.969066 0.031960 0.061869
18 0.635298 0.647096 0.033381 0.059343
24 0.787642 0.251894 0.035511 0.061869
1 0.047940 0.462753 0.034801 0.061869
12 0.095526 0.459596 0.029119 0.047980
22 0.822443 0.359848 0.034091 0.058081
11 0.705966 0.162247 0.032670 0.059343
10 0.837713 0.625631 0.039062 0.079545